# Analysing data contained in file(s) ['lambda_0.0000/simfile.dat', 'lambda_0.1000/simfile.dat', 'lambda_0.2000/simfile.dat', 'lambda_0.3000/simfile.dat', 'lambda_0.4000/simfile.dat', 'lambda_0.5000/simfile.dat', 'lambda_0.6000/simfile.dat', 'lambda_0.7000/simfile.dat', 'lambda_0.8000/simfile.dat', 'lambda_0.9000/simfile.dat', 'lambda_1.0000/simfile.dat']
#Overlap matrix
0.9576 0.0424 0.0000 0.0000 0.0000 0.0000 0.0000 0.0000 0.0000 0.0000 0.0000
0.0424 0.8377 0.1194 0.0005 0.0000 0.0000 0.0000 0.0000 0.0000 0.0000 0.0000
0.0000 0.1194 0.7447 0.1351 0.0008 0.0000 0.0000 0.0000 0.0000 0.0000 0.0000
0.0000 0.0005 0.1351 0.7270 0.1368 0.0006 0.0000 0.0000 0.0000 0.0000 0.0000
0.0000 0.0000 0.0008 0.1368 0.7430 0.1193 0.0001 0.0000 0.0000 0.0000 0.0000
0.0000 0.0000 0.0000 0.0006 0.1193 0.7762 0.1037 0.0002 0.0000 0.0000 0.0000
0.0000 0.0000 0.0000 0.0000 0.0001 0.1037 0.7970 0.0991 0.0000 0.0000 0.0000
0.0000 0.0000 0.0000 0.0000 0.0000 0.0002 0.0991 0.8865 0.0141 0.0000 0.0000
0.0000 0.0000 0.0000 0.0000 0.0000 0.0000 0.0000 0.0141 0.9859 0.0000 0.0000
0.0000 0.0000 0.0000 0.0000 0.0000 0.0000 0.0000 0.0000 0.0000 1.0000 0.0000
0.0000 0.0000 0.0000 0.0000 0.0000 0.0000 0.0000 0.0000 0.0000 0.0000 1.0000
#DG from neighbouring lambda in kcal/mol
0.0000 0.1000 9.0806 0.0632
0.1000 0.2000 6.3490 0.0343
0.2000 0.3000 5.2930 0.0314
0.3000 0.4000 4.4649 0.0311
0.4000 0.5000 3.4699 0.0342
0.5000 0.6000 1.9156 0.0375
0.6000 0.7000 2.1317 0.0386
0.7000 0.8000 6.6334 0.1128
0.8000 0.9000 3.2646 5.5963
0.9000 1.0000 -54.8376 5.0377
#PMF from MBAR in kcal/mol
0.0000 0.0000 0.0000
0.1000 9.0806 0.0632
0.2000 15.4296 0.0744
0.3000 20.7226 0.0829
0.4000 25.1876 0.0906
0.5000 28.6575 0.0987
0.6000 30.5731 0.1073
0.7000 32.7048 0.1156
0.8000 39.3383 0.1626
0.9000 42.6029 5.5986
1.0000 -12.2347 0.5657
#TI average gradients and standard deviation in kcal/mol
0.0000 125.4674 28.4331
0.1000 69.9082 19.6525
0.2000 59.9988 16.8526
0.3000 51.6783 16.5708
0.4000 36.2973 15.8772
0.5000 26.2914 19.3815
0.6000 14.5598 19.6169
0.7000 35.9849 21.1451
0.8000 97.2433 47.8605
0.9000 -87.4557 55.9414
1.0000 -5649.5305 1864.5742
#PMF from TI in kcal/mol
0.0000 0.0000
0.1000 9.7688
0.2000 16.2641
0.3000 21.8480
0.4000 26.2468
0.5000 29.3762
0.6000 31.4188
0.7000 33.9460
0.8000 40.6074
0.9000 41.0968
1.0000 -245.7525
#MBAR free energy difference in kcal/mol: 
-12.234663, 0.565711 
#TI free energy difference in kcal/mol: 
-245.752534  
Starting /export/users/common/BioSimSpace/sire.app/bin/analyse_freenrg: number of threads equals 32
