# Analysing data contained in file(s) ['lambda_0.0000/simfile.dat', 'lambda_0.1000/simfile.dat', 'lambda_0.2000/simfile.dat', 'lambda_0.3000/simfile.dat', 'lambda_0.4000/simfile.dat', 'lambda_0.5000/simfile.dat', 'lambda_0.6000/simfile.dat', 'lambda_0.7000/simfile.dat', 'lambda_0.8000/simfile.dat', 'lambda_0.9000/simfile.dat', 'lambda_1.0000/simfile.dat']
#Overlap matrix
1.0000 0.0000 0.0000 0.0000 0.0000 0.0000 0.0000 0.0000 0.0000 0.0000 0.0000
0.0000 0.8600 0.1385 0.0015 0.0000 0.0000 0.0000 0.0000 0.0000 0.0000 0.0000
0.0000 0.1385 0.6986 0.1612 0.0017 0.0000 0.0000 0.0000 0.0000 0.0000 0.0000
0.0000 0.0015 0.1612 0.6803 0.1557 0.0012 0.0000 0.0000 0.0000 0.0000 0.0000
0.0000 0.0000 0.0017 0.1557 0.6964 0.1454 0.0008 0.0000 0.0000 0.0000 0.0000
0.0000 0.0000 0.0000 0.0012 0.1454 0.7219 0.1311 0.0003 0.0000 0.0000 0.0000
0.0000 0.0000 0.0000 0.0000 0.0008 0.1311 0.7639 0.1041 0.0000 0.0000 0.0000
0.0000 0.0000 0.0000 0.0000 0.0000 0.0003 0.1041 0.8296 0.0660 0.0000 0.0000
0.0000 0.0000 0.0000 0.0000 0.0000 0.0000 0.0000 0.0660 0.9233 0.0107 0.0000
0.0000 0.0000 0.0000 0.0000 0.0000 0.0000 0.0000 0.0000 0.0107 0.9893 0.0000
0.0000 0.0000 0.0000 0.0000 0.0000 0.0000 0.0000 0.0000 0.0000 0.0000 1.0000
#DG from neighbouring lambda in kcal/mol
0.0000 0.1000 29.7765 0.0545
0.1000 0.2000 8.4333 0.0295
0.2000 0.3000 7.3851 0.0263
0.3000 0.4000 6.3536 0.0270
0.4000 0.5000 5.1137 0.0284
0.5000 0.6000 3.6551 0.0307
0.6000 0.7000 1.6736 0.0358
0.7000 0.8000 -1.5447 0.0472
0.8000 0.9000 -8.8654 0.1242
0.9000 1.0000 -130.8581 0.1240
#PMF from MBAR in kcal/mol
0.0000 0.0000 0.0000
0.1000 29.7765 0.0545
0.2000 38.2098 0.0453
0.3000 45.5950 0.0386
0.4000 51.9485 0.0337
0.5000 57.0622 0.0318
0.6000 60.7174 0.0339
0.7000 62.3910 0.0410
0.8000 60.8463 0.0557
0.9000 51.9810 0.1240
1.0000 -78.8771 0.0000
#TI average gradients and standard deviation in kcal/mol
0.0000 3054.2843 340.5265
0.1000 93.2972 17.0818
0.2000 78.8557 13.5164
0.3000 67.1648 14.3904
0.4000 58.5525 17.8577
0.5000 44.3041 15.6634
0.6000 30.6546 16.9312
0.7000 5.4065 19.2532
0.8000 -38.9302 24.2986
0.9000 -155.2591 32.6013
1.0000 -3201.0863 349.2408
#PMF from TI in kcal/mol
0.0000 0.0000
0.1000 157.3791
0.2000 165.9867
0.3000 173.2877
0.4000 179.5736
0.5000 184.7164
0.6000 188.4644
0.7000 190.2674
0.8000 188.5912
0.9000 178.8818
1.0000 11.0645
#MBAR free energy difference in kcal/mol: 
-78.877124, 0.000000 
#TI free energy difference in kcal/mol: 
11.064513  
Starting /export/users/common/BioSimSpace/sire.app/bin/analyse_freenrg: number of threads equals 32
