# Analysing data contained in file(s) ['lambda_0.0000/simfile.dat', 'lambda_0.1000/simfile.dat', 'lambda_0.2000/simfile.dat', 'lambda_0.3000/simfile.dat', 'lambda_0.4000/simfile.dat', 'lambda_0.5000/simfile.dat', 'lambda_0.6000/simfile.dat', 'lambda_0.7000/simfile.dat', 'lambda_0.8000/simfile.dat', 'lambda_0.9000/simfile.dat', 'lambda_1.0000/simfile.dat']
#Overlap matrix
0.8162 0.1786 0.0051 0.0000 0.0000 0.0000 0.0000 0.0000 0.0000 0.0000 0.0000
0.1786 0.6178 0.1959 0.0076 0.0000 0.0000 0.0000 0.0000 0.0000 0.0000 0.0000
0.0051 0.1959 0.5936 0.1984 0.0070 0.0000 0.0000 0.0000 0.0000 0.0000 0.0000
0.0000 0.0076 0.1984 0.5858 0.1994 0.0086 0.0000 0.0000 0.0000 0.0000 0.0000
0.0000 0.0000 0.0070 0.1994 0.5855 0.1997 0.0083 0.0001 0.0000 0.0000 0.0000
0.0000 0.0000 0.0000 0.0086 0.1997 0.5789 0.2041 0.0086 0.0000 0.0000 0.0000
0.0000 0.0000 0.0000 0.0000 0.0083 0.2041 0.5970 0.1854 0.0052 0.0000 0.0000
0.0000 0.0000 0.0000 0.0000 0.0001 0.0086 0.1854 0.6409 0.1626 0.0025 0.0000
0.0000 0.0000 0.0000 0.0000 0.0000 0.0000 0.0052 0.1626 0.7056 0.1255 0.0011
0.0000 0.0000 0.0000 0.0000 0.0000 0.0000 0.0000 0.0025 0.1255 0.7736 0.0984
0.0000 0.0000 0.0000 0.0000 0.0000 0.0000 0.0000 0.0000 0.0011 0.0984 0.9005
#DG from neighbouring lambda in kcal/mol
0.0000 0.1000 -0.0241 0.0280
0.1000 0.2000 -0.6521 0.0253
0.2000 0.3000 -1.0817 0.0248
0.3000 0.4000 -1.6245 0.0246
0.4000 0.5000 -2.0716 0.0245
0.5000 0.6000 -2.4629 0.0240
0.6000 0.7000 -2.5660 0.0263
0.7000 0.8000 -2.2709 0.0297
0.8000 0.9000 -1.1052 0.0362
0.9000 1.0000 3.7931 0.0428
#PMF from MBAR in kcal/mol
0.0000 0.0000 0.0000
0.1000 -0.0241 0.0280
0.2000 -0.6762 0.0426
0.3000 -1.7579 0.0530
0.4000 -3.3825 0.0617
0.5000 -5.4541 0.0691
0.6000 -7.9170 0.0757
0.7000 -10.4830 0.0824
0.8000 -12.7539 0.0898
0.9000 -13.8591 0.0989
1.0000 -10.0660 0.1097
#TI average gradients and standard deviation in kcal/mol
0.0000 2.3396 14.5369
0.1000 -3.8420 12.9913
0.2000 -9.0933 12.7330
0.3000 -13.6434 12.7234
0.4000 -18.6381 12.2809
0.5000 -23.0653 12.6771
0.6000 -25.0875 12.3857
0.7000 -25.5025 13.7554
0.8000 -18.9185 15.6455
0.9000 1.9972 17.2237
1.0000 95.3806 19.5561
#PMF from TI in kcal/mol
0.0000 0.0000
0.1000 -0.0751
0.2000 -0.7219
0.3000 -1.8587
0.4000 -3.4728
0.5000 -5.5580
0.6000 -7.9656
0.7000 -10.4951
0.8000 -12.7162
0.9000 -13.5622
1.0000 -8.6933
#MBAR free energy difference in kcal/mol: 
-10.066000, 0.109658 
#TI free energy difference in kcal/mol: 
-8.693321  
Starting /export/users/common/BioSimSpace/sire.app/bin/analyse_freenrg: number of threads equals 32
