# Analysing data contained in file(s) ['lambda_0.0000/simfile.dat', 'lambda_0.1000/simfile.dat', 'lambda_0.2000/simfile.dat', 'lambda_0.3000/simfile.dat', 'lambda_0.4000/simfile.dat', 'lambda_0.5000/simfile.dat', 'lambda_0.6000/simfile.dat', 'lambda_0.7000/simfile.dat', 'lambda_0.8000/simfile.dat', 'lambda_0.9000/simfile.dat', 'lambda_1.0000/simfile.dat']
#Overlap matrix
0.7709 0.2178 0.0112 0.0001 0.0000 0.0000 0.0000 0.0000 0.0000 0.0000 0.0000
0.2178 0.5713 0.2010 0.0099 0.0001 0.0000 0.0000 0.0000 0.0000 0.0000 0.0000
0.0112 0.2010 0.5718 0.2060 0.0099 0.0001 0.0000 0.0000 0.0000 0.0000 0.0000
0.0001 0.0099 0.2060 0.5757 0.1982 0.0100 0.0002 0.0000 0.0000 0.0000 0.0000
0.0000 0.0001 0.0099 0.1982 0.5803 0.1955 0.0158 0.0002 0.0000 0.0000 0.0000
0.0000 0.0000 0.0001 0.0100 0.1955 0.5740 0.2078 0.0125 0.0001 0.0000 0.0000
0.0000 0.0000 0.0000 0.0002 0.0158 0.2078 0.5552 0.2099 0.0110 0.0001 0.0000
0.0000 0.0000 0.0000 0.0000 0.0002 0.0125 0.2099 0.5556 0.2107 0.0111 0.0001
0.0000 0.0000 0.0000 0.0000 0.0000 0.0001 0.0110 0.2107 0.5766 0.1964 0.0052
0.0000 0.0000 0.0000 0.0000 0.0000 0.0000 0.0001 0.0111 0.1964 0.6524 0.1399
0.0000 0.0000 0.0000 0.0000 0.0000 0.0000 0.0000 0.0001 0.0052 0.1399 0.8548
#DG from neighbouring lambda in kcal/mol
0.0000 0.1000 5.5704 0.0319
0.1000 0.2000 3.7471 0.0329
0.2000 0.3000 1.8363 0.0324
0.3000 0.4000 -0.0334 0.0334
0.4000 0.5000 -1.8150 0.0330
0.5000 0.6000 -3.0921 0.0311
0.6000 0.7000 -4.7176 0.0314
0.7000 0.8000 -6.3271 0.0315
0.8000 0.9000 -7.3526 0.0341
0.9000 1.0000 -6.9793 0.0458
#PMF from MBAR in kcal/mol
0.0000 0.0000 0.0000
0.1000 5.5704 0.0319
0.2000 9.3175 0.0526
0.3000 11.1538 0.0671
0.4000 11.1204 0.0794
0.5000 9.3054 0.0899
0.6000 6.2133 0.0982
0.7000 1.4958 0.1063
0.8000 -4.8314 0.1139
0.9000 -12.1839 0.1217
1.0000 -19.1632 0.1328
#TI average gradients and standard deviation in kcal/mol
0.0000 148866886906.1367 9775568933254.7090
0.1000 46.0451 11.8284
0.2000 27.2915 11.9837
0.3000 8.7255 12.2858
0.4000 -9.6388 12.6240
0.5000 -24.3972 11.0702
0.6000 -38.9663 11.6765
0.7000 -55.8893 11.6708
0.8000 -70.3701 12.2603
0.9000 -76.0242 13.6268
1.0000 -3096.8272 186073.7579
#PMF from TI in kcal/mol
0.0000 0.0000
0.1000 7443344347.6091
0.2000 7443344351.2759
0.3000 7443344353.0768
0.4000 7443344353.0311
0.5000 7443344351.3293
0.6000 7443344348.1611
0.7000 7443344343.4184
0.8000 7443344337.1054
0.9000 7443344329.7857
1.0000 7443344171.1431
#MBAR free energy difference in kcal/mol: 
-19.163185, 0.132754 
#TI free energy difference in kcal/mol: 
7443344171.143090  
Starting /export/users/common/BioSimSpace/sire.app/bin/analyse_freenrg: number of threads equals 32
