# Analysing data contained in file(s) ['lambda_0.0000/simfile.dat', 'lambda_0.1000/simfile.dat', 'lambda_0.2000/simfile.dat', 'lambda_0.3000/simfile.dat', 'lambda_0.4000/simfile.dat', 'lambda_0.5000/simfile.dat', 'lambda_0.6000/simfile.dat', 'lambda_0.7000/simfile.dat', 'lambda_0.8000/simfile.dat', 'lambda_0.9000/simfile.dat', 'lambda_1.0000/simfile.dat']
#Overlap matrix
0.7791 0.1981 0.0214 0.0014 0.0001 0.0000 0.0000 0.0000 0.0000 0.0000 0.0000
0.1981 0.4987 0.2451 0.0517 0.0060 0.0004 0.0000 0.0000 0.0000 0.0000 0.0000
0.0214 0.2451 0.4074 0.2454 0.0693 0.0104 0.0009 0.0000 0.0000 0.0000 0.0000
0.0014 0.0517 0.2454 0.3688 0.2388 0.0781 0.0142 0.0014 0.0001 0.0000 0.0000
0.0001 0.0060 0.0693 0.2388 0.3437 0.2372 0.0861 0.0167 0.0018 0.0002 0.0001
0.0000 0.0004 0.0104 0.0781 0.2372 0.3307 0.2347 0.0865 0.0175 0.0038 0.0007
0.0000 0.0000 0.0009 0.0142 0.0861 0.2347 0.3205 0.2254 0.0865 0.0287 0.0029
0.0000 0.0000 0.0000 0.0014 0.0167 0.0865 0.2254 0.3131 0.2407 0.1108 0.0053
0.0000 0.0000 0.0000 0.0001 0.0018 0.0175 0.0865 0.2407 0.3952 0.2528 0.0054
0.0000 0.0000 0.0000 0.0000 0.0002 0.0038 0.0287 0.1108 0.2528 0.5738 0.0299
0.0000 0.0000 0.0000 0.0000 0.0001 0.0007 0.0029 0.0053 0.0054 0.0299 0.9558
#DG from neighbouring lambda in kcal/mol
0.0000 0.1000 3.9238 0.0224
0.1000 0.2000 1.6298 0.0152
0.2000 0.3000 -0.1657 0.0125
0.3000 0.4000 -1.8370 0.0114
0.4000 0.5000 -3.5121 0.0104
0.5000 0.6000 -5.2685 0.0100
0.6000 0.7000 -7.2167 0.0099
0.7000 0.8000 -9.0687 0.0095
0.8000 0.9000 -7.6604 0.0123
0.9000 1.0000 8.3105 0.0639
#PMF from MBAR in kcal/mol
0.0000 0.0000 0.0000
0.1000 3.9238 0.0224
0.2000 5.5536 0.0315
0.3000 5.3879 0.0369
0.4000 3.5508 0.0409
0.5000 0.0387 0.0441
0.6000 -5.2298 0.0469
0.7000 -12.4465 0.0496
0.8000 -21.5152 0.0519
0.9000 -29.1756 0.0541
1.0000 -20.8650 0.0838
#TI average gradients and standard deviation in kcal/mol
0.0000 54.2153 14.3846
0.1000 26.3451 10.0127
0.2000 7.1171 8.4972
0.3000 -9.8859 7.5107
0.4000 -26.8979 7.2592
0.5000 -43.6765 7.2260
0.6000 -61.8580 7.4711
0.7000 -82.4993 7.0913
0.8000 -95.1422 6.8750
0.9000 -37.4385 14.5418
1.0000 265.0107 38.3939
#PMF from TI in kcal/mol
0.0000 0.0000
0.1000 4.0280
0.2000 5.7011
0.3000 5.5627
0.4000 3.7235
0.5000 0.1948
0.6000 -5.0819
0.7000 -12.2998
0.8000 -21.1819
0.9000 -27.8109
1.0000 -16.4323
#MBAR free energy difference in kcal/mol: 
-20.865049, 0.083816 
#TI free energy difference in kcal/mol: 
-16.432312  
Starting /export/users/common/BioSimSpace/sire.app/bin/analyse_freenrg: number of threads equals 32
