# Analysing data contained in file(s) ['lambda_0.0000/simfile.dat', 'lambda_0.1000/simfile.dat', 'lambda_0.2000/simfile.dat', 'lambda_0.3000/simfile.dat', 'lambda_0.4000/simfile.dat', 'lambda_0.5000/simfile.dat', 'lambda_0.6000/simfile.dat', 'lambda_0.7000/simfile.dat', 'lambda_0.8000/simfile.dat', 'lambda_0.9000/simfile.dat', 'lambda_1.0000/simfile.dat']
#Overlap matrix
0.8168 0.1728 0.0102 0.0002 0.0000 0.0000 0.0000 0.0000 0.0000 0.0000 0.0000
0.1728 0.5915 0.2146 0.0204 0.0007 0.0000 0.0000 0.0000 0.0000 0.0000 0.0000
0.0102 0.2146 0.5080 0.2369 0.0291 0.0011 0.0000 0.0000 0.0000 0.0000 0.0000
0.0002 0.0204 0.2369 0.4710 0.2391 0.0312 0.0012 0.0000 0.0000 0.0000 0.0000
0.0000 0.0007 0.0291 0.2391 0.4675 0.2298 0.0323 0.0013 0.0000 0.0000 0.0000
0.0000 0.0000 0.0011 0.0312 0.2298 0.4737 0.2261 0.0364 0.0017 0.0000 0.0000
0.0000 0.0000 0.0000 0.0012 0.0323 0.2261 0.4526 0.2525 0.0342 0.0011 0.0000
0.0000 0.0000 0.0000 0.0000 0.0013 0.0364 0.2525 0.4755 0.2185 0.0156 0.0000
0.0000 0.0000 0.0000 0.0000 0.0000 0.0017 0.0342 0.2185 0.5959 0.1496 0.0002
0.0000 0.0000 0.0000 0.0000 0.0000 0.0000 0.0011 0.0156 0.1496 0.7915 0.0422
0.0000 0.0000 0.0000 0.0000 0.0000 0.0000 0.0000 0.0000 0.0002 0.0422 0.9576
#DG from neighbouring lambda in kcal/mol
0.0000 0.1000 -2.3647 0.1111
0.1000 0.2000 -3.4820 0.0864
0.2000 0.3000 -4.0342 0.0737
0.3000 0.4000 -4.4715 0.0702
0.4000 0.5000 -5.0083 0.0720
0.5000 0.6000 -6.0300 0.0717
0.6000 0.7000 -6.4502 0.0640
0.7000 0.8000 -6.2452 0.0793
0.8000 0.9000 -4.2563 0.1199
0.9000 1.0000 1.4822 0.2771
#PMF from MBAR in kcal/mol
0.0000 0.0000 0.0000
0.1000 -2.3647 0.1111
0.2000 -5.8467 0.1589
0.3000 -9.8809 0.1890
0.4000 -14.3524 0.2128
0.5000 -19.3607 0.2346
0.6000 -25.3907 0.2542
0.7000 -31.8409 0.2703
0.8000 -38.0861 0.2892
0.9000 -42.3424 0.3203
1.0000 -40.8602 0.4316
#TI average gradients and standard deviation in kcal/mol
0.0000 38.6839 299.4101
0.1000 -29.2053 15.3394
0.2000 -41.7132 10.5608
0.3000 -44.7055 10.8899
0.4000 -45.9907 10.0228
0.5000 -54.8933 9.9405
0.6000 -61.7627 9.5841
0.7000 -63.6192 9.4362
0.8000 -56.5146 11.6427
0.9000 -26.3293 16.4490
1.0000 86.5263 27.8748
#PMF from TI in kcal/mol
0.0000 0.0000
0.1000 0.4739
0.2000 -3.0720
0.3000 -7.3929
0.4000 -11.9277
0.5000 -16.9719
0.6000 -22.8047
0.7000 -29.0738
0.8000 -35.0805
0.9000 -39.2227
1.0000 -36.2129
#MBAR free energy difference in kcal/mol: 
-40.860184, 0.431640 
#TI free energy difference in kcal/mol: 
-36.212857  
Starting /export/users/common/BioSimSpace/sire.app/bin/analyse_freenrg: number of threads equals 32
