# Analysing data contained in file(s) ['lambda_0.0000/simfile.dat', 'lambda_0.1000/simfile.dat', 'lambda_0.2000/simfile.dat', 'lambda_0.3000/simfile.dat', 'lambda_0.4000/simfile.dat', 'lambda_0.5000/simfile.dat', 'lambda_0.6000/simfile.dat', 'lambda_0.7000/simfile.dat', 'lambda_0.8000/simfile.dat', 'lambda_0.9000/simfile.dat', 'lambda_1.0000/simfile.dat']
#Overlap matrix
0.8495 0.1441 0.0062 0.0003 0.0000 0.0000 0.0000 0.0000 0.0000 0.0000 0.0000
0.1441 0.6562 0.1911 0.0085 0.0001 0.0000 0.0000 0.0000 0.0000 0.0000 0.0000
0.0062 0.1911 0.5902 0.2020 0.0104 0.0001 0.0000 0.0000 0.0000 0.0000 0.0000
0.0003 0.0085 0.2020 0.5671 0.2132 0.0089 0.0001 0.0000 0.0000 0.0000 0.0000
0.0000 0.0001 0.0104 0.2132 0.5777 0.1900 0.0085 0.0000 0.0000 0.0000 0.0000
0.0000 0.0000 0.0001 0.0089 0.1900 0.5890 0.2052 0.0068 0.0000 0.0000 0.0000
0.0000 0.0000 0.0000 0.0001 0.0085 0.2052 0.6072 0.1753 0.0037 0.0000 0.0000
0.0000 0.0000 0.0000 0.0000 0.0000 0.0068 0.1753 0.6487 0.1678 0.0014 0.0000
0.0000 0.0000 0.0000 0.0000 0.0000 0.0000 0.0037 0.1678 0.7168 0.1116 0.0001
0.0000 0.0000 0.0000 0.0000 0.0000 0.0000 0.0000 0.0014 0.1116 0.8371 0.0499
0.0000 0.0000 0.0000 0.0000 0.0000 0.0000 0.0000 0.0000 0.0001 0.0499 0.9500
#DG from neighbouring lambda in kcal/mol
0.0000 0.1000 -7.1139 0.0441
0.1000 0.2000 -4.3234 0.0346
0.2000 0.3000 -3.6599 0.0325
0.3000 0.4000 -3.5620 0.0311
0.4000 0.5000 -3.7733 0.0344
0.5000 0.6000 -4.0363 0.0326
0.6000 0.7000 -4.2926 0.0376
0.7000 0.8000 -4.4124 0.0397
0.8000 0.9000 -3.9112 0.0534
0.9000 1.0000 -2.3409 0.0866
#PMF from MBAR in kcal/mol
0.0000 0.0000 0.0000
0.1000 -7.1139 0.0441
0.2000 -11.4373 0.0616
0.3000 -15.0972 0.0743
0.4000 -18.6592 0.0846
0.5000 -22.4325 0.0950
0.6000 -26.4688 0.1038
0.7000 -30.7614 0.1135
0.8000 -35.1739 0.1233
0.9000 -39.0851 0.1372
1.0000 -41.4259 0.1648
#TI average gradients and standard deviation in kcal/mol
0.0000 6645169965.8675 164915870855.5850
0.1000 -51.7201 13.6856
0.2000 -38.3538 12.8456
0.3000 -36.0551 12.8525
0.4000 -36.3327 12.4836
0.5000 -38.7414 12.7436
0.6000 -42.1092 12.9126
0.7000 -44.5758 13.8949
0.8000 -41.5520 15.1937
0.9000 -34.1861 17.9938
1.0000 -39997545.6906 1550759766.5562
#PMF from TI in kcal/mol
0.0000 0.0000
0.1000 332258495.7074
0.2000 332258491.2037
0.3000 332258487.4832
0.4000 332258483.8638
0.5000 332258480.1101
0.6000 332258476.0676
0.7000 332258471.7334
0.8000 332258467.4270
0.9000 332258463.6401
1.0000 330258584.6462
#MBAR free energy difference in kcal/mol: 
-41.425949, 0.164803 
#TI free energy difference in kcal/mol: 
330258584.646224  
Starting /export/users/common/BioSimSpace/sire.app/bin/analyse_freenrg: number of threads equals 32
