# Analysing data contained in file(s) ['lambda_0.0000/simfile.dat', 'lambda_0.1000/simfile.dat', 'lambda_0.2000/simfile.dat', 'lambda_0.3000/simfile.dat', 'lambda_0.4000/simfile.dat', 'lambda_0.5000/simfile.dat', 'lambda_0.6000/simfile.dat', 'lambda_0.7000/simfile.dat', 'lambda_0.8000/simfile.dat', 'lambda_0.9000/simfile.dat', 'lambda_1.0000/simfile.dat']
#Overlap matrix
1.0000 0.0000 0.0000 0.0000 0.0000 0.0000 0.0000 0.0000 0.0000 0.0000 0.0000
0.0000 0.9940 0.0060 0.0000 0.0000 0.0000 0.0000 0.0000 0.0000 0.0000 0.0000
0.0000 0.0060 0.9443 0.0497 0.0000 0.0000 0.0000 0.0000 0.0000 0.0000 0.0000
0.0000 0.0000 0.0497 0.9003 0.0500 0.0000 0.0000 0.0000 0.0000 0.0000 0.0000
0.0000 0.0000 0.0000 0.0500 0.8982 0.0517 0.0000 0.0000 0.0000 0.0000 0.0000
0.0000 0.0000 0.0000 0.0000 0.0517 0.9093 0.0390 0.0000 0.0000 0.0000 0.0000
0.0000 0.0000 0.0000 0.0000 0.0000 0.0390 0.9198 0.0412 0.0000 0.0000 0.0000
0.0000 0.0000 0.0000 0.0000 0.0000 0.0000 0.0412 0.9277 0.0311 0.0000 0.0000
0.0000 0.0000 0.0000 0.0000 0.0000 0.0000 0.0000 0.0311 0.9589 0.0100 0.0000
0.0000 0.0000 0.0000 0.0000 0.0000 0.0000 0.0000 0.0000 0.0100 0.9900 0.0000
0.0000 0.0000 0.0000 0.0000 0.0000 0.0000 0.0000 0.0000 0.0000 0.0000 1.0000
#DG from neighbouring lambda in kcal/mol
0.0000 0.1000 220.6431 0.8069
0.1000 0.2000 -23.4192 0.7980
0.2000 0.3000 -35.7807 0.2646
0.3000 0.4000 -43.0435 0.2636
0.4000 0.5000 -51.2404 0.2587
0.5000 0.6000 -58.3964 0.3023
0.6000 0.7000 -65.4542 0.2932
0.7000 0.8000 -72.9913 0.3414
0.8000 0.9000 -80.1146 0.6148
0.9000 1.0000 -115.5209 0.6956
#PMF from MBAR in kcal/mol
0.0000 0.0000 0.0000
0.1000 220.6431 0.8069
0.2000 197.2240 0.3870
0.3000 161.4433 0.3265
0.4000 118.3998 0.2844
0.5000 67.1594 0.2694
0.6000 8.7630 0.2891
0.7000 -56.6912 0.3388
0.8000 -129.6825 0.4288
0.9000 -209.7971 0.6956
1.0000 -325.3180 0.0000
#TI average gradients and standard deviation in kcal/mol
0.0000 4915.7650 1138.3431
0.1000 -153.7688 28.2715
0.2000 -315.6084 26.5231
0.3000 -396.0815 24.1606
0.4000 -472.5024 18.4164
0.5000 -550.1218 25.2500
0.6000 -622.1600 19.2779
0.7000 -692.7412 21.9869
0.8000 -767.7052 24.0019
0.9000 -839.5014 22.4575
1.0000 -2115.8207 333.6004
#PMF from TI in kcal/mol
0.0000 0.0000
0.1000 238.0998
0.2000 214.6309
0.3000 179.0465
0.4000 135.6173
0.5000 84.4860
0.6000 25.8720
0.7000 -39.8731
0.8000 -112.8954
0.9000 -193.2558
1.0000 -341.0219
#MBAR free energy difference in kcal/mol: 
-325.317961, 0.000000 
#TI free energy difference in kcal/mol: 
-341.021875  #WARNING SUBSAMPLING GRADIENTS RESULTED IN LESS THAN 50 SAMPLES, CONSIDER RERUN WITHOUT SUBSAMPLE OPTION 
Starting /export/users/common/BioSimSpace/sire.app/bin/analyse_freenrg: number of threads equals 32
