# Analysing data contained in file(s) ['lambda_0.0000/simfile.dat', 'lambda_0.1000/simfile.dat', 'lambda_0.2000/simfile.dat', 'lambda_0.3000/simfile.dat', 'lambda_0.4000/simfile.dat', 'lambda_0.5000/simfile.dat', 'lambda_0.6000/simfile.dat', 'lambda_0.7000/simfile.dat', 'lambda_0.8000/simfile.dat', 'lambda_0.9000/simfile.dat', 'lambda_1.0000/simfile.dat']
#Overlap matrix
0.8494 0.1491 0.0015 0.0000 0.0000 0.0000 0.0000 0.0000 0.0000 0.0000 0.0000
0.1491 0.6873 0.1613 0.0022 0.0000 0.0000 0.0000 0.0000 0.0000 0.0000 0.0000
0.0015 0.1613 0.6709 0.1643 0.0020 0.0000 0.0000 0.0000 0.0000 0.0000 0.0000
0.0000 0.0022 0.1643 0.6707 0.1609 0.0018 0.0000 0.0000 0.0000 0.0000 0.0000
0.0000 0.0000 0.0020 0.1609 0.6835 0.1520 0.0016 0.0000 0.0000 0.0000 0.0000
0.0000 0.0000 0.0000 0.0018 0.1520 0.6878 0.1569 0.0015 0.0000 0.0000 0.0000
0.0000 0.0000 0.0000 0.0000 0.0016 0.1569 0.6909 0.1496 0.0011 0.0000 0.0000
0.0000 0.0000 0.0000 0.0000 0.0000 0.0015 0.1496 0.7021 0.1462 0.0007 0.0000
0.0000 0.0000 0.0000 0.0000 0.0000 0.0000 0.0011 0.1462 0.7300 0.1228 0.0000
0.0000 0.0000 0.0000 0.0000 0.0000 0.0000 0.0000 0.0007 0.1228 0.8713 0.0052
0.0000 0.0000 0.0000 0.0000 0.0000 0.0000 0.0000 0.0000 0.0000 0.0052 0.9948
#DG from neighbouring lambda in kcal/mol
0.0000 0.1000 -2.8271 0.0291
0.1000 0.2000 -0.7738 0.0272
0.2000 0.3000 0.3693 0.0268
0.3000 0.4000 1.0918 0.0273
0.4000 0.5000 1.6906 0.0285
0.5000 0.6000 2.2089 0.0279
0.6000 0.7000 2.7163 0.0289
0.7000 0.8000 3.0851 0.0295
0.8000 0.9000 3.3728 0.0334
0.9000 1.0000 0.5182 0.1864
#PMF from MBAR in kcal/mol
0.0000 0.0000 0.0000
0.1000 -2.8271 0.0291
0.2000 -3.6010 0.0440
0.3000 -3.2317 0.0547
0.4000 -2.1400 0.0638
0.5000 -0.4493 0.0723
0.6000 1.7596 0.0796
0.7000 4.4759 0.0867
0.8000 7.5610 0.0935
0.9000 10.9338 0.1010
1.0000 11.4520 0.2128
#TI average gradients and standard deviation in kcal/mol
0.0000 -46.7462 16.5076
0.1000 -15.8383 16.2161
0.2000 0.7199 15.2504
0.3000 9.3341 13.6373
0.4000 15.3441 14.3897
0.5000 18.7098 14.5042
0.6000 25.6187 14.4021
0.7000 28.8701 15.5214
0.8000 33.7179 15.9367
0.9000 33.9964 18.4075
1.0000 -526.2486 392.7300
#PMF from TI in kcal/mol
0.0000 0.0000
0.1000 -3.1292
0.2000 -3.8851
0.3000 -3.3824
0.4000 -2.1485
0.5000 -0.4458
0.6000 1.7706
0.7000 4.4950
0.8000 7.6244
0.9000 11.0101
1.0000 -13.6025
#MBAR free energy difference in kcal/mol: 
11.452018, 0.212835 
#TI free energy difference in kcal/mol: 
-13.602464  
Starting /export/users/common/BioSimSpace/sire.app/bin/analyse_freenrg: number of threads equals 32
