# Analysing data contained in file(s) ['lambda_0.0000/simfile.dat', 'lambda_0.1000/simfile.dat', 'lambda_0.2000/simfile.dat', 'lambda_0.3000/simfile.dat', 'lambda_0.4000/simfile.dat', 'lambda_0.5000/simfile.dat', 'lambda_0.6000/simfile.dat', 'lambda_0.7000/simfile.dat', 'lambda_0.8000/simfile.dat', 'lambda_0.9000/simfile.dat', 'lambda_1.0000/simfile.dat']
#Overlap matrix
0.8879 0.1120 0.0000 0.0000 0.0000 0.0000 0.0000 0.0000 0.0000 0.0000 0.0000
0.1120 0.7703 0.1176 0.0001 0.0000 0.0000 0.0000 0.0000 0.0000 0.0000 0.0000
0.0000 0.1176 0.6991 0.1819 0.0014 0.0000 0.0000 0.0000 0.0000 0.0000 0.0000
0.0000 0.0001 0.1819 0.6703 0.1478 0.0000 0.0000 0.0000 0.0000 0.0000 0.0000
0.0000 0.0000 0.0014 0.1478 0.7886 0.0608 0.0014 0.0000 0.0000 0.0000 0.0000
0.0000 0.0000 0.0000 0.0000 0.0608 0.8036 0.1354 0.0001 0.0000 0.0000 0.0000
0.0000 0.0000 0.0000 0.0000 0.0014 0.1354 0.7306 0.1322 0.0003 0.0000 0.0000
0.0000 0.0000 0.0000 0.0000 0.0000 0.0001 0.1322 0.7887 0.0785 0.0005 0.0000
0.0000 0.0000 0.0000 0.0000 0.0000 0.0000 0.0003 0.0785 0.7574 0.1637 0.0000
0.0000 0.0000 0.0000 0.0000 0.0000 0.0000 0.0000 0.0005 0.1637 0.7254 0.1104
0.0000 0.0000 0.0000 0.0000 0.0000 0.0000 0.0000 0.0000 0.0000 0.1104 0.8896
#DG from neighbouring lambda in kcal/mol
0.0000 0.1000 2.5702 0.5929
0.1000 0.2000 1.2433 0.5742
0.2000 0.3000 0.4371 0.4189
0.3000 0.4000 1.1632 0.4888
0.4000 0.5000 -0.8358 0.8451
0.5000 0.6000 -0.5489 0.5187
0.6000 0.7000 -1.8633 0.5303
0.7000 0.8000 -2.9521 0.7340
0.8000 0.9000 -4.0203 0.4557
0.9000 1.0000 -6.2486 0.5985
#PMF from MBAR in kcal/mol
0.0000 0.0000 0.0000
0.1000 2.5702 0.5929
0.2000 3.8135 0.8847
0.3000 4.2506 1.0293
0.4000 5.4138 1.1810
0.5000 4.5781 1.4867
0.6000 4.0292 1.6012
0.7000 2.1658 1.7163
0.8000 -0.7863 1.8929
0.9000 -4.8066 1.9720
1.0000 -11.0553 2.0852
#TI average gradients and standard deviation in kcal/mol
0.0000 14.4356 18.6436
0.1000 10.0603 18.3318
0.2000 7.2438 17.9347
0.3000 1.7128 17.3632
0.4000 -3.7453 17.2279
0.5000 -8.5172 16.4198
0.6000 -13.6243 15.6546
0.7000 -21.7219 15.7838
0.8000 -34.9372 15.9135
0.9000 -44.1456 15.8919
1.0000 -51.4999 18.0375
#PMF from TI in kcal/mol
0.0000 0.0000
0.1000 1.2248
0.2000 2.0900
0.3000 2.5378
0.4000 2.4362
0.5000 1.8231
0.6000 0.7160
0.7000 -1.0513
0.8000 -3.8843
0.9000 -7.8384
1.0000 -12.6207
#MBAR free energy difference in kcal/mol: 
-11.055261, 2.085211  #WARNING SUBSAMPLING ENERGIES RESULTED IN LESS THAN 50 SAMPLES, CONSIDER RERUN WITHOUT SUBSAMPLE OPTION
#TI free energy difference in kcal/mol: 
-12.620670  
Starting /export/users/common/BioSimSpace/sire.app/bin/analyse_freenrg: number of threads equals 32
