# Analysing data contained in file(s) ['lambda_0.0000/simfile.dat', 'lambda_0.1000/simfile.dat', 'lambda_0.2000/simfile.dat', 'lambda_0.3000/simfile.dat', 'lambda_0.4000/simfile.dat', 'lambda_0.5000/simfile.dat', 'lambda_0.6000/simfile.dat', 'lambda_0.7000/simfile.dat', 'lambda_0.8000/simfile.dat', 'lambda_0.9000/simfile.dat', 'lambda_1.0000/simfile.dat']
#Overlap matrix
0.7836 0.2057 0.0106 0.0001 0.0000 0.0000 0.0000 0.0000 0.0000 0.0000 0.0000
0.2057 0.5676 0.2138 0.0127 0.0001 0.0000 0.0000 0.0000 0.0000 0.0000 0.0000
0.0106 0.2138 0.5456 0.2169 0.0130 0.0001 0.0000 0.0000 0.0000 0.0000 0.0000
0.0001 0.0127 0.2169 0.5454 0.2125 0.0123 0.0001 0.0000 0.0000 0.0000 0.0000
0.0000 0.0001 0.0130 0.2125 0.5469 0.2151 0.0123 0.0001 0.0000 0.0000 0.0000
0.0000 0.0000 0.0001 0.0123 0.2151 0.5512 0.2099 0.0113 0.0001 0.0000 0.0000
0.0000 0.0000 0.0000 0.0001 0.0123 0.2099 0.5564 0.2105 0.0108 0.0001 0.0000
0.0000 0.0000 0.0000 0.0000 0.0001 0.0113 0.2105 0.5580 0.2099 0.0102 0.0000
0.0000 0.0000 0.0000 0.0000 0.0000 0.0001 0.0108 0.2099 0.5685 0.2067 0.0040
0.0000 0.0000 0.0000 0.0000 0.0000 0.0000 0.0001 0.0102 0.2067 0.6438 0.1392
0.0000 0.0000 0.0000 0.0000 0.0000 0.0000 0.0000 0.0000 0.0040 0.1392 0.8568
#DG from neighbouring lambda in kcal/mol
0.0000 0.1000 -2.8017 0.0210
0.1000 0.2000 -1.6119 0.0194
0.2000 0.3000 -1.5159 0.0190
0.3000 0.4000 -1.7229 0.0193
0.4000 0.5000 -2.0583 0.0192
0.5000 0.6000 -2.4348 0.0197
0.6000 0.7000 -2.8830 0.0197
0.7000 0.8000 -3.3438 0.0198
0.8000 0.9000 -3.7384 0.0206
0.9000 1.0000 -4.3345 0.0289
#PMF from MBAR in kcal/mol
0.0000 0.0000 0.0000
0.1000 -2.8017 0.0210
0.2000 -4.4136 0.0329
0.3000 -5.9295 0.0413
0.4000 -7.6524 0.0484
0.5000 -9.7107 0.0545
0.6000 -12.1456 0.0602
0.7000 -15.0285 0.0654
0.8000 -18.3723 0.0703
0.9000 -22.1108 0.0751
1.0000 -26.4453 0.0823
#TI average gradients and standard deviation in kcal/mol
0.0000 -41.7700 11.9402
0.1000 -18.9513 13.0408
0.2000 -16.3569 11.5574
0.3000 -12.8809 12.2723
0.4000 -18.3597 12.5817
0.5000 -23.9909 9.6032
0.6000 -23.8784 14.3573
0.7000 -28.4659 13.2563
0.8000 -35.0825 10.2732
0.9000 -36.1965 13.1623
1.0000 -52.3376 19.1921
#PMF from TI in kcal/mol
0.0000 0.0000
0.1000 -3.0361
0.2000 -4.8015
0.3000 -6.2634
0.4000 -7.8254
0.5000 -9.9429
0.6000 -12.3364
0.7000 -14.9536
0.8000 -18.1310
0.9000 -21.6950
1.0000 -26.1217
#MBAR free energy difference in kcal/mol: 
-26.445255, 0.082283 
#TI free energy difference in kcal/mol: 
-26.121685  #WARNING SUBSAMPLING GRADIENTS RESULTED IN LESS THAN 50 SAMPLES, CONSIDER RERUN WITHOUT SUBSAMPLE OPTION 
Starting /export/users/common/BioSimSpace/sire.app/bin/analyse_freenrg: number of threads equals 32
