# Analysing data contained in file(s) ['lambda_0.0000/simfile.dat', 'lambda_0.1000/simfile.dat', 'lambda_0.2000/simfile.dat', 'lambda_0.3000/simfile.dat', 'lambda_0.4000/simfile.dat', 'lambda_0.5000/simfile.dat', 'lambda_0.6000/simfile.dat', 'lambda_0.7000/simfile.dat', 'lambda_0.8000/simfile.dat', 'lambda_0.9000/simfile.dat', 'lambda_1.0000/simfile.dat']
#Overlap matrix
1.0000 0.0000 0.0000 0.0000 0.0000 0.0000 0.0000 0.0000 0.0000 0.0000 0.0000
0.0000 0.9994 0.0006 0.0000 0.0000 0.0000 0.0000 0.0000 0.0000 0.0000 0.0000
0.0000 0.0006 0.9548 0.0446 0.0000 0.0000 0.0000 0.0000 0.0000 0.0000 0.0000
0.0000 0.0000 0.0446 0.8606 0.0946 0.0002 0.0000 0.0000 0.0000 0.0000 0.0000
0.0000 0.0000 0.0000 0.0946 0.7829 0.1219 0.0006 0.0000 0.0000 0.0000 0.0000
0.0000 0.0000 0.0000 0.0002 0.1219 0.7361 0.1409 0.0009 0.0000 0.0000 0.0000
0.0000 0.0000 0.0000 0.0000 0.0006 0.1409 0.7182 0.1396 0.0007 0.0000 0.0000
0.0000 0.0000 0.0000 0.0000 0.0000 0.0009 0.1396 0.7220 0.1372 0.0004 0.0000
0.0000 0.0000 0.0000 0.0000 0.0000 0.0000 0.0007 0.1372 0.7556 0.1064 0.0000
0.0000 0.0000 0.0000 0.0000 0.0000 0.0000 0.0000 0.0004 0.1064 0.8916 0.0015
0.0000 0.0000 0.0000 0.0000 0.0000 0.0000 0.0000 0.0000 0.0000 0.0015 0.9985
#DG from neighbouring lambda in kcal/mol
0.0000 0.1000 65.9742 0.4968
0.1000 0.2000 -3.0625 0.5451
0.2000 0.3000 -13.3864 0.0612
0.3000 0.4000 -15.9127 0.0396
0.4000 0.5000 -16.9520 0.0336
0.5000 0.6000 -17.4441 0.0303
0.6000 0.7000 -17.7469 0.0305
0.7000 0.8000 -18.1305 0.0309
0.8000 0.9000 -18.7233 0.0367
0.9000 1.0000 -23.9032 0.3444
#PMF from MBAR in kcal/mol
0.0000 0.0000 0.0000
0.1000 65.9742 0.4968
0.2000 62.9118 0.0939
0.3000 49.5254 0.0797
0.4000 33.6127 0.0747
0.5000 16.6608 0.0727
0.6000 -0.7834 0.0727
0.7000 -18.5303 0.0745
0.8000 -36.6608 0.0779
0.9000 -55.3841 0.0842
1.0000 -79.2873 0.3198
#TI average gradients and standard deviation in kcal/mol
0.0000 3034.6337 92.4605
0.1000 124.0431 58.6423
0.2000 -110.1775 27.0741
0.3000 -150.9680 19.9723
0.4000 -165.4942 17.2806
0.5000 -172.9278 16.2088
0.6000 -176.0737 15.8104
0.7000 -179.0424 15.9932
0.8000 -183.1095 16.7333
0.9000 -192.7417 20.0512
1.0000 -476.9548 120.3092
#PMF from TI in kcal/mol
0.0000 0.0000
0.1000 157.9338
0.2000 158.6271
0.3000 145.5699
0.4000 129.7467
0.5000 112.8256
0.6000 95.3756
0.7000 77.6198
0.8000 59.5122
0.9000 40.7196
1.0000 7.2348
#MBAR free energy difference in kcal/mol: 
-79.287326, 0.319819 
#TI free energy difference in kcal/mol: 
7.234780  
Starting /export/users/common/BioSimSpace/sire.app/bin/analyse_freenrg: number of threads equals 32
