# Analysing data contained in file(s) ['lambda_0.0000/simfile.dat', 'lambda_0.1000/simfile.dat', 'lambda_0.2000/simfile.dat', 'lambda_0.3000/simfile.dat', 'lambda_0.4000/simfile.dat', 'lambda_0.5000/simfile.dat', 'lambda_0.6000/simfile.dat', 'lambda_0.7000/simfile.dat', 'lambda_0.8000/simfile.dat', 'lambda_0.9000/simfile.dat', 'lambda_1.0000/simfile.dat']
#Overlap matrix
0.7241 0.2586 0.0170 0.0004 0.0000 0.0000 0.0000 0.0000 0.0000 0.0000 0.0000
0.2586 0.5098 0.1991 0.0310 0.0015 0.0000 0.0000 0.0000 0.0000 0.0000 0.0000
0.0170 0.1991 0.4948 0.2495 0.0379 0.0017 0.0000 0.0000 0.0000 0.0000 0.0000
0.0004 0.0310 0.2495 0.4418 0.2453 0.0304 0.0015 0.0000 0.0000 0.0000 0.0000
0.0000 0.0015 0.0379 0.2453 0.4433 0.2305 0.0388 0.0026 0.0001 0.0000 0.0000
0.0000 0.0000 0.0017 0.0304 0.2305 0.4890 0.2119 0.0346 0.0019 0.0001 0.0000
0.0000 0.0000 0.0000 0.0015 0.0388 0.2119 0.4945 0.2230 0.0282 0.0020 0.0000
0.0000 0.0000 0.0000 0.0000 0.0026 0.0346 0.2230 0.4986 0.2073 0.0327 0.0011
0.0000 0.0000 0.0000 0.0000 0.0001 0.0019 0.0282 0.2073 0.5000 0.2413 0.0213
0.0000 0.0000 0.0000 0.0000 0.0000 0.0001 0.0020 0.0327 0.2413 0.5483 0.1755
0.0000 0.0000 0.0000 0.0000 0.0000 0.0000 0.0000 0.0011 0.0213 0.1755 0.8021
#DG from neighbouring lambda in kcal/mol
0.0000 0.1000 0.4557 0.1909
0.1000 0.2000 0.0057 0.2155
0.2000 0.3000 -0.1477 0.1634
0.3000 0.4000 -0.2111 0.1655
0.4000 0.5000 -0.5487 0.1752
0.5000 0.6000 -0.7903 0.1866
0.6000 0.7000 -0.8482 0.1842
0.7000 0.8000 -1.2519 0.1981
0.8000 0.9000 -1.0748 0.1784
0.9000 1.0000 0.9425 0.2622
#PMF from MBAR in kcal/mol
0.0000 0.0000 0.0000
0.1000 0.4557 0.1909
0.2000 0.4613 0.3404
0.3000 0.3136 0.4113
0.4000 0.1025 0.4734
0.5000 -0.4462 0.5333
0.6000 -1.2366 0.5856
0.7000 -2.0848 0.6336
0.8000 -3.3367 0.6841
0.9000 -4.4114 0.7247
1.0000 -3.4689 0.7890
#TI average gradients and standard deviation in kcal/mol
0.0000 4.6642 10.4914
0.1000 2.4963 11.1482
0.2000 -2.3888 10.4851
0.3000 -0.5389 7.0905
0.4000 -7.3949 7.1427
0.5000 -7.6684 10.1423
0.6000 -10.5180 11.2622
0.7000 -12.4065 10.4605
0.8000 -11.2556 5.9132
0.9000 -6.7757 10.5076
1.0000 27.7443 13.3601
#PMF from TI in kcal/mol
0.0000 0.0000
0.1000 0.3580
0.2000 0.3634
0.3000 0.2170
0.4000 -0.1797
0.5000 -0.9328
0.6000 -1.8422
0.7000 -2.9884
0.8000 -4.1715
0.9000 -5.0730
1.0000 -4.0246
#MBAR free energy difference in kcal/mol: 
-3.468945, 0.788979  #WARNING SUBSAMPLING ENERGIES RESULTED IN LESS THAN 50 SAMPLES, CONSIDER RERUN WITHOUT SUBSAMPLE OPTION
#TI free energy difference in kcal/mol: 
-4.024616  #WARNING SUBSAMPLING GRADIENTS RESULTED IN LESS THAN 50 SAMPLES, CONSIDER RERUN WITHOUT SUBSAMPLE OPTION 
Starting /export/users/common/BioSimSpace/sire.app/bin/analyse_freenrg: number of threads equals 32
