# Analysing data contained in file(s) ['lambda_0.0000/simfile.dat', 'lambda_0.1000/simfile.dat', 'lambda_0.2000/simfile.dat', 'lambda_0.3000/simfile.dat', 'lambda_0.4000/simfile.dat', 'lambda_0.5000/simfile.dat', 'lambda_0.6000/simfile.dat', 'lambda_0.7000/simfile.dat', 'lambda_0.8000/simfile.dat', 'lambda_0.9000/simfile.dat', 'lambda_1.0000/simfile.dat']
#Overlap matrix
0.9862 0.0138 0.0000 0.0000 0.0000 0.0000 0.0000 0.0000 0.0000 0.0000 0.0000
0.0138 0.9751 0.0111 0.0000 0.0000 0.0000 0.0000 0.0000 0.0000 0.0000 0.0000
0.0000 0.0111 0.9829 0.0060 0.0000 0.0000 0.0000 0.0000 0.0000 0.0000 0.0000
0.0000 0.0000 0.0060 0.9561 0.0379 0.0000 0.0000 0.0000 0.0000 0.0000 0.0000
0.0000 0.0000 0.0000 0.0379 0.9593 0.0028 0.0000 0.0000 0.0000 0.0000 0.0000
0.0000 0.0000 0.0000 0.0000 0.0028 0.9882 0.0090 0.0000 0.0000 0.0000 0.0000
0.0000 0.0000 0.0000 0.0000 0.0000 0.0090 0.9794 0.0116 0.0000 0.0000 0.0000
0.0000 0.0000 0.0000 0.0000 0.0000 0.0000 0.0116 0.9861 0.0023 0.0000 0.0000
0.0000 0.0000 0.0000 0.0000 0.0000 0.0000 0.0000 0.0023 0.9104 0.0873 0.0000
0.0000 0.0000 0.0000 0.0000 0.0000 0.0000 0.0000 0.0000 0.0873 0.9107 0.0020
0.0000 0.0000 0.0000 0.0000 0.0000 0.0000 0.0000 0.0000 0.0000 0.0020 0.9980
#DG from neighbouring lambda in kcal/mol
0.0000 0.1000 27.6662 1.8921
0.1000 0.2000 27.6471 2.1164
0.2000 0.3000 25.5430 2.8934
0.3000 0.4000 21.8754 1.1128
0.4000 0.5000 16.7776 4.2467
0.5000 0.6000 15.0925 2.3553
0.6000 0.7000 12.4545 2.0680
0.7000 0.8000 10.4352 4.6727
0.8000 0.9000 5.8934 0.6927
0.9000 1.0000 4.1710 5.0067
#PMF from MBAR in kcal/mol
0.0000 0.0000 0.0000
0.1000 27.6662 1.8921
0.2000 55.3134 2.8567
0.3000 80.8564 4.0784
0.4000 102.7318 4.2395
0.5000 119.5094 6.0091
0.6000 134.6019 6.4621
0.7000 147.0563 6.7924
0.8000 157.4915 8.2504
0.9000 163.3850 8.2856
1.0000 167.5560 9.6860
#TI average gradients and standard deviation in kcal/mol
0.0000 270.4118 24.3320
0.1000 278.5046 23.4660
0.2000 263.8366 22.7041
0.3000 240.7706 22.5865
0.4000 214.7430 22.7049
0.5000 169.6834 24.3494
0.6000 161.1603 23.0225
0.7000 119.2207 22.9393
0.8000 83.0645 22.4274
0.9000 54.8848 23.8206
1.0000 23.6902 24.3385
#PMF from TI in kcal/mol
0.0000 0.0000
0.1000 27.4458
0.2000 54.5629
0.3000 79.7932
0.4000 102.5689
0.5000 121.7902
0.6000 138.3324
0.7000 152.3515
0.8000 162.4657
0.9000 169.3632
1.0000 173.2919
#MBAR free energy difference in kcal/mol: 
167.555981, 9.685978  #WARNING SUBSAMPLING ENERGIES RESULTED IN LESS THAN 50 SAMPLES, CONSIDER RERUN WITHOUT SUBSAMPLE OPTION
#TI free energy difference in kcal/mol: 
173.291934  
Starting /export/users/common/BioSimSpace/sire.app/bin/analyse_freenrg: number of threads equals 32
