# Analysing data contained in file(s) ['lambda_0.0000/simfile.dat', 'lambda_0.1000/simfile.dat', 'lambda_0.2000/simfile.dat', 'lambda_0.3000/simfile.dat', 'lambda_0.4000/simfile.dat', 'lambda_0.5000/simfile.dat', 'lambda_0.6000/simfile.dat', 'lambda_0.7000/simfile.dat', 'lambda_0.8000/simfile.dat', 'lambda_0.9000/simfile.dat', 'lambda_1.0000/simfile.dat']
#Overlap matrix
0.8794 0.1189 0.0017 0.0000 0.0000 0.0000 0.0000 0.0000 0.0000 0.0000 0.0000
0.1189 0.7021 0.1742 0.0048 0.0000 0.0000 0.0000 0.0000 0.0000 0.0000 0.0000
0.0017 0.1742 0.6356 0.1814 0.0071 0.0000 0.0000 0.0000 0.0000 0.0000 0.0000
0.0000 0.0048 0.1814 0.6153 0.1911 0.0074 0.0000 0.0000 0.0000 0.0000 0.0000
0.0000 0.0000 0.0071 0.1911 0.6085 0.1880 0.0052 0.0000 0.0000 0.0000 0.0000
0.0000 0.0000 0.0000 0.0074 0.1880 0.6307 0.1703 0.0034 0.0000 0.0000 0.0000
0.0000 0.0000 0.0000 0.0000 0.0052 0.1703 0.6373 0.1847 0.0025 0.0000 0.0000
0.0000 0.0000 0.0000 0.0000 0.0000 0.0034 0.1847 0.6529 0.1567 0.0023 0.0000
0.0000 0.0000 0.0000 0.0000 0.0000 0.0000 0.0025 0.1567 0.6689 0.1704 0.0015
0.0000 0.0000 0.0000 0.0000 0.0000 0.0000 0.0000 0.0023 0.1704 0.6833 0.1439
0.0000 0.0000 0.0000 0.0000 0.0000 0.0000 0.0000 0.0000 0.0015 0.1439 0.8546
#DG from neighbouring lambda in kcal/mol
0.0000 0.1000 2.8304 0.0888
0.1000 0.2000 5.0668 0.0665
0.2000 0.3000 5.2650 0.0631
0.3000 0.4000 5.1411 0.0600
0.4000 0.5000 4.9304 0.0612
0.5000 0.6000 4.5349 0.0671
0.6000 0.7000 3.9801 0.0638
0.7000 0.8000 3.4279 0.0724
0.8000 0.9000 3.0034 0.0684
0.9000 1.0000 2.5375 0.0781
#PMF from MBAR in kcal/mol
0.0000 0.0000 0.0000
0.1000 2.8304 0.0888
0.2000 7.8972 0.1209
0.3000 13.1622 0.1441
0.4000 18.3033 0.1625
0.5000 23.2337 0.1795
0.6000 27.7686 0.1971
0.7000 31.7486 0.2126
0.8000 35.1766 0.2296
0.9000 38.1799 0.2444
1.0000 40.7174 0.2611
#TI average gradients and standard deviation in kcal/mol
0.0000 -2.6027 21.1024
0.1000 44.9129 13.8436
0.2000 53.9128 14.1761
0.3000 52.1873 13.2301
0.4000 50.0031 13.1894
0.5000 45.7286 12.8977
0.6000 41.9056 13.8687
0.7000 37.2798 14.1488
0.8000 31.8705 14.3243
0.9000 27.8254 15.5132
1.0000 24.8867 16.3356
#PMF from TI in kcal/mol
0.0000 0.0000
0.1000 2.1155
0.2000 7.0568
0.3000 12.3618
0.4000 17.4713
0.5000 22.2579
0.6000 26.6396
0.7000 30.5989
0.8000 34.0564
0.9000 37.0412
1.0000 39.6768
#MBAR free energy difference in kcal/mol: 
40.717434, 0.261101 
#TI free energy difference in kcal/mol: 
39.676797  
Starting /export/users/common/BioSimSpace/sire.app/bin/analyse_freenrg: number of threads equals 32
