# Analysing data contained in file(s) ['lambda_0.0000/simfile.dat', 'lambda_0.1000/simfile.dat', 'lambda_0.2000/simfile.dat', 'lambda_0.3000/simfile.dat', 'lambda_0.4000/simfile.dat', 'lambda_0.5000/simfile.dat', 'lambda_0.6000/simfile.dat', 'lambda_0.7000/simfile.dat', 'lambda_0.8000/simfile.dat', 'lambda_0.9000/simfile.dat', 'lambda_1.0000/simfile.dat']
#Overlap matrix
0.8910 0.1086 0.0005 0.0000 0.0000 0.0000 0.0000 0.0000 0.0000 0.0000 0.0000
0.1086 0.7586 0.1317 0.0011 0.0000 0.0000 0.0000 0.0000 0.0000 0.0000 0.0000
0.0005 0.1317 0.7214 0.1446 0.0018 0.0000 0.0000 0.0000 0.0000 0.0000 0.0000
0.0000 0.0011 0.1446 0.6885 0.1627 0.0030 0.0000 0.0000 0.0000 0.0000 0.0000
0.0000 0.0000 0.0018 0.1627 0.6569 0.1742 0.0044 0.0000 0.0000 0.0000 0.0000
0.0000 0.0000 0.0000 0.0030 0.1742 0.6294 0.1867 0.0067 0.0000 0.0000 0.0000
0.0000 0.0000 0.0000 0.0000 0.0044 0.1867 0.5995 0.2007 0.0086 0.0001 0.0000
0.0000 0.0000 0.0000 0.0000 0.0000 0.0067 0.2007 0.5770 0.2039 0.0115 0.0002
0.0000 0.0000 0.0000 0.0000 0.0000 0.0000 0.0086 0.2039 0.5561 0.2146 0.0167
0.0000 0.0000 0.0000 0.0000 0.0000 0.0000 0.0001 0.0115 0.2146 0.5319 0.2419
0.0000 0.0000 0.0000 0.0000 0.0000 0.0000 0.0000 0.0002 0.0167 0.2419 0.7412
#DG from neighbouring lambda in kcal/mol
0.0000 0.1000 -0.8249 0.0386
0.1000 0.2000 0.0099 0.0338
0.2000 0.3000 0.4083 0.0315
0.3000 0.4000 0.5417 0.0287
0.4000 0.5000 0.6073 0.0270
0.5000 0.6000 0.6102 0.0252
0.6000 0.7000 0.6405 0.0234
0.7000 0.8000 0.5929 0.0227
0.8000 0.9000 0.5403 0.0211
0.9000 1.0000 0.5287 0.0198
#PMF from MBAR in kcal/mol
0.0000 0.0000 0.0000
0.1000 -0.8249 0.0386
0.2000 -0.8150 0.0550
0.3000 -0.4068 0.0664
0.4000 0.1350 0.0750
0.5000 0.7423 0.0820
0.6000 1.3525 0.0879
0.7000 1.9930 0.0929
0.8000 2.5860 0.0974
0.9000 3.1263 0.1012
1.0000 3.6550 0.1046
#TI average gradients and standard deviation in kcal/mol
0.0000 -16.0729 17.6181
0.1000 -2.4208 16.5109
0.2000 2.3646 15.4418
0.3000 5.1289 14.6270
0.4000 6.2925 13.9550
0.5000 5.8665 13.4835
0.6000 6.5648 12.5878
0.7000 6.3362 11.9619
0.8000 5.6243 11.4160
0.9000 5.4669 11.0427
1.0000 6.8211 10.4393
#PMF from TI in kcal/mol
0.0000 0.0000
0.1000 -0.9247
0.2000 -0.9275
0.3000 -0.5528
0.4000 0.0183
0.5000 0.6262
0.6000 1.2478
0.7000 1.8928
0.8000 2.4908
0.9000 3.0454
1.0000 3.6598
#MBAR free energy difference in kcal/mol: 
3.654995, 0.104634 
#TI free energy difference in kcal/mol: 
3.659809  
Starting /export/users/common/BioSimSpace/sire.app/bin/analyse_freenrg: number of threads equals 32
