# Analysing data contained in file(s) ['lambda_0.0000/simfile.dat', 'lambda_0.1000/simfile.dat', 'lambda_0.2000/simfile.dat', 'lambda_0.3000/simfile.dat', 'lambda_0.4000/simfile.dat', 'lambda_0.5000/simfile.dat', 'lambda_0.6000/simfile.dat', 'lambda_0.7000/simfile.dat', 'lambda_0.8000/simfile.dat', 'lambda_0.9000/simfile.dat', 'lambda_1.0000/simfile.dat']
#Overlap matrix
1.0000 0.0000 0.0000 0.0000 0.0000 0.0000 0.0000 0.0000 0.0000 0.0000 0.0000
0.0000 0.9999 0.0001 0.0000 0.0000 0.0000 0.0000 0.0000 0.0000 0.0000 0.0000
0.0000 0.0001 0.9806 0.0193 0.0000 0.0000 0.0000 0.0000 0.0000 0.0000 0.0000
0.0000 0.0000 0.0193 0.9295 0.0512 0.0000 0.0000 0.0000 0.0000 0.0000 0.0000
0.0000 0.0000 0.0000 0.0512 0.8610 0.0878 0.0000 0.0000 0.0000 0.0000 0.0000
0.0000 0.0000 0.0000 0.0000 0.0878 0.8639 0.0483 0.0000 0.0000 0.0000 0.0000
0.0000 0.0000 0.0000 0.0000 0.0000 0.0483 0.8862 0.0655 0.0000 0.0000 0.0000
0.0000 0.0000 0.0000 0.0000 0.0000 0.0000 0.0655 0.9113 0.0231 0.0000 0.0000
0.0000 0.0000 0.0000 0.0000 0.0000 0.0000 0.0000 0.0231 0.9752 0.0017 0.0000
0.0000 0.0000 0.0000 0.0000 0.0000 0.0000 0.0000 0.0000 0.0017 0.9983 0.0000
0.0000 0.0000 0.0000 0.0000 0.0000 0.0000 0.0000 0.0000 0.0000 0.0000 1.0000
#DG from neighbouring lambda in kcal/mol
0.0000 0.1000 78.8484 1.3758
0.1000 0.2000 17.7647 1.5437
0.2000 0.3000 3.4394 0.0906
0.3000 0.4000 -1.0135 0.0538
0.4000 0.5000 -3.2238 0.0394
0.5000 0.6000 -5.4646 0.0555
0.6000 0.7000 -7.8271 0.0468
0.7000 0.8000 -10.7159 0.0825
0.8000 0.9000 -18.8569 0.3114
0.9000 1.0000 -263.1159 0.3374
#PMF from MBAR in kcal/mol
0.0000 0.0000 0.0000
0.1000 78.8484 1.3758
0.2000 96.6131 0.1974
0.3000 100.0525 0.1850
0.4000 99.0390 0.1821
0.5000 95.8152 0.1815
0.6000 90.3506 0.1825
0.7000 82.5235 0.1848
0.8000 71.8076 0.1952
0.9000 52.9507 0.3374
1.0000 -210.1653 0.0000
#TI average gradients and standard deviation in kcal/mol
0.0000 2249.7608 95.7808
0.1000 394.3642 71.2928
0.2000 71.5672 30.0081
0.3000 5.8578 24.2501
0.4000 -24.3641 22.3201
0.5000 -37.9735 20.4565
0.6000 -67.9543 21.1153
0.7000 -87.5816 21.8277
0.8000 -130.9721 27.8501
0.9000 -288.5664 42.3815
1.0000 -9036.9099 786.9949
#PMF from TI in kcal/mol
0.0000 0.0000
0.1000 132.2063
0.2000 155.5028
0.3000 159.3741
0.4000 158.4488
0.5000 155.3319
0.6000 150.0355
0.7000 142.2587
0.8000 131.3310
0.9000 110.3541
1.0000 -355.9197
#MBAR free energy difference in kcal/mol: 
-210.165261, 0.000000 
#TI free energy difference in kcal/mol: 
-355.919735  
Starting /export/users/common/BioSimSpace/sire.app/bin/analyse_freenrg: number of threads equals 32
