# Analysing data contained in file(s) ['lambda_0.0000/simfile.dat', 'lambda_0.1000/simfile.dat', 'lambda_0.2000/simfile.dat', 'lambda_0.3000/simfile.dat', 'lambda_0.4000/simfile.dat', 'lambda_0.5000/simfile.dat', 'lambda_0.6000/simfile.dat', 'lambda_0.7000/simfile.dat', 'lambda_0.8000/simfile.dat', 'lambda_0.9000/simfile.dat', 'lambda_1.0000/simfile.dat']
#Overlap matrix
0.8657 0.1329 0.0014 0.0000 0.0000 0.0000 0.0000 0.0000 0.0000 0.0000 0.0000
0.1329 0.7212 0.1428 0.0030 0.0000 0.0000 0.0000 0.0000 0.0000 0.0000 0.0000
0.0014 0.1428 0.7067 0.1477 0.0015 0.0000 0.0000 0.0000 0.0000 0.0000 0.0000
0.0000 0.0030 0.1477 0.6833 0.1612 0.0048 0.0000 0.0000 0.0000 0.0000 0.0000
0.0000 0.0000 0.0015 0.1612 0.6576 0.1780 0.0017 0.0000 0.0000 0.0000 0.0000
0.0000 0.0000 0.0000 0.0048 0.1780 0.6515 0.1630 0.0027 0.0000 0.0000 0.0000
0.0000 0.0000 0.0000 0.0000 0.0017 0.1630 0.6102 0.2176 0.0074 0.0000 0.0000
0.0000 0.0000 0.0000 0.0000 0.0000 0.0027 0.2176 0.5398 0.2373 0.0026 0.0000
0.0000 0.0000 0.0000 0.0000 0.0000 0.0000 0.0074 0.2373 0.6220 0.1320 0.0012
0.0000 0.0000 0.0000 0.0000 0.0000 0.0000 0.0000 0.0026 0.1320 0.8163 0.0491
0.0000 0.0000 0.0000 0.0000 0.0000 0.0000 0.0000 0.0000 0.0012 0.0491 0.9497
#DG from neighbouring lambda in kcal/mol
0.0000 0.1000 7.5903 0.4400
0.1000 0.2000 7.1936 0.4129
0.2000 0.3000 7.1007 0.4033
0.3000 0.4000 6.4231 0.3759
0.4000 0.5000 6.3389 0.3488
0.5000 0.6000 5.4103 0.3759
0.6000 0.7000 4.6571 0.2918
0.7000 0.8000 4.7446 0.2697
0.8000 0.9000 5.0542 0.4366
0.9000 1.0000 9.0972 0.7973
#PMF from MBAR in kcal/mol
0.0000 0.0000 0.0000
0.1000 7.5903 0.4400
0.2000 14.7839 0.6559
0.3000 21.8846 0.8090
0.4000 28.3077 0.9289
0.5000 34.6466 1.0220
0.6000 40.0569 1.1194
0.7000 44.7140 1.1851
0.8000 49.4586 1.2405
0.9000 54.5129 1.3398
1.0000 63.6100 1.5777
#TI average gradients and standard deviation in kcal/mol
0.0000 77.6363 15.7620
0.1000 77.7399 15.1625
0.2000 70.6986 15.1678
0.3000 68.1040 14.0470
0.4000 62.8393 14.0286
0.5000 62.1551 14.2966
0.6000 55.8328 11.9670
0.7000 52.5585 13.7407
0.8000 49.7459 13.4931
0.9000 63.1536 14.9033
1.0000 119.3984 22.8752
#PMF from TI in kcal/mol
0.0000 0.0000
0.1000 7.7688
0.2000 15.1907
0.3000 22.1309
0.4000 28.6780
0.5000 34.9278
0.6000 40.8272
0.7000 46.2467
0.8000 51.3619
0.9000 57.0069
1.0000 66.1345
#MBAR free energy difference in kcal/mol: 
63.610017, 1.577710  #WARNING SUBSAMPLING ENERGIES RESULTED IN LESS THAN 50 SAMPLES, CONSIDER RERUN WITHOUT SUBSAMPLE OPTION
#TI free energy difference in kcal/mol: 
66.134516  
Starting /export/users/common/BioSimSpace/sire.app/bin/analyse_freenrg: number of threads equals 32
