# Analysing data contained in file(s) ['lambda_0.0000/simfile.dat', 'lambda_0.1000/simfile.dat', 'lambda_0.2000/simfile.dat', 'lambda_0.3000/simfile.dat', 'lambda_0.4000/simfile.dat', 'lambda_0.5000/simfile.dat', 'lambda_0.6000/simfile.dat', 'lambda_0.7000/simfile.dat', 'lambda_0.8000/simfile.dat', 'lambda_0.9000/simfile.dat', 'lambda_1.0000/simfile.dat']
#Overlap matrix
0.7739 0.2150 0.0109 0.0001 0.0000 0.0000 0.0000 0.0000 0.0000 0.0000 0.0000
0.2150 0.5666 0.2062 0.0121 0.0001 0.0000 0.0000 0.0000 0.0000 0.0000 0.0000
0.0109 0.2062 0.5574 0.2145 0.0109 0.0001 0.0000 0.0000 0.0000 0.0000 0.0000
0.0001 0.0121 0.2145 0.5646 0.1983 0.0103 0.0001 0.0000 0.0000 0.0000 0.0000
0.0000 0.0001 0.0109 0.1983 0.5855 0.1972 0.0079 0.0000 0.0000 0.0000 0.0000
0.0000 0.0000 0.0001 0.0103 0.1972 0.6174 0.1701 0.0049 0.0000 0.0000 0.0000
0.0000 0.0000 0.0000 0.0001 0.0079 0.1701 0.6531 0.1647 0.0041 0.0000 0.0000
0.0000 0.0000 0.0000 0.0000 0.0000 0.0049 0.1647 0.6678 0.1605 0.0021 0.0000
0.0000 0.0000 0.0000 0.0000 0.0000 0.0000 0.0041 0.1605 0.7127 0.1221 0.0006
0.0000 0.0000 0.0000 0.0000 0.0000 0.0000 0.0000 0.0021 0.1221 0.7859 0.0899
0.0000 0.0000 0.0000 0.0000 0.0000 0.0000 0.0000 0.0000 0.0006 0.0899 0.9094
#DG from neighbouring lambda in kcal/mol
0.0000 0.1000 0.1579 0.0297
0.1000 0.2000 -0.5070 0.0294
0.2000 0.3000 -1.3672 0.0284
0.3000 0.4000 -2.2748 0.0305
0.4000 0.5000 -3.0256 0.0310
0.5000 0.6000 -3.6605 0.0355
0.6000 0.7000 -4.3881 0.0369
0.7000 0.8000 -4.8046 0.0381
0.8000 0.9000 -4.3902 0.0467
0.9000 1.0000 -0.3674 0.0572
#PMF from MBAR in kcal/mol
0.0000 0.0000 0.0000
0.1000 0.1579 0.0297
0.2000 -0.3491 0.0481
0.3000 -1.7163 0.0607
0.4000 -3.9912 0.0720
0.5000 -7.0168 0.0820
0.6000 -10.6773 0.0925
0.7000 -15.0654 0.1027
0.8000 -19.8700 0.1123
0.9000 -24.2601 0.1243
1.0000 -24.6276 0.1393
#TI average gradients and standard deviation in kcal/mol
0.0000 1499240.5425 13052891.2005
0.1000 -1.1712 11.7313
0.2000 -9.3831 11.7513
0.3000 -19.7731 11.3615
0.4000 -25.8546 12.7324
0.5000 -34.4278 13.6936
0.6000 -43.6482 13.5963
0.7000 -46.8087 14.4616
0.8000 -48.8364 14.8773
0.9000 -34.4823 18.8085
1.0000 50.0917 21.7293
#PMF from TI in kcal/mol
0.0000 0.0000
0.1000 74961.9686
0.2000 74961.4409
0.3000 74959.9830
0.4000 74957.7017
0.5000 74954.6875
0.6000 74950.7837
0.7000 74946.2609
0.8000 74941.4786
0.9000 74937.3127
1.0000 74938.0932
#MBAR free energy difference in kcal/mol: 
-24.627567, 0.139262 
#TI free energy difference in kcal/mol: 
74938.093172  
Starting /export/users/common/BioSimSpace/sire.app/bin/analyse_freenrg: number of threads equals 32
