# Analysing data contained in file(s) ['lambda_0.0000/simfile.dat', 'lambda_0.1000/simfile.dat', 'lambda_0.2000/simfile.dat', 'lambda_0.3000/simfile.dat', 'lambda_0.4000/simfile.dat', 'lambda_0.5000/simfile.dat', 'lambda_0.6000/simfile.dat', 'lambda_0.7000/simfile.dat', 'lambda_0.8000/simfile.dat', 'lambda_0.9000/simfile.dat', 'lambda_1.0000/simfile.dat']
#Overlap matrix
1.0000 0.0000 0.0000 0.0000 0.0000 0.0000 0.0000 0.0000 0.0000 0.0000 0.0000
0.0000 0.9536 0.0464 0.0000 0.0000 0.0000 0.0000 0.0000 0.0000 0.0000 0.0000
0.0000 0.0464 0.8743 0.0791 0.0002 0.0000 0.0000 0.0000 0.0000 0.0000 0.0000
0.0000 0.0000 0.0791 0.8247 0.0960 0.0002 0.0000 0.0000 0.0000 0.0000 0.0000
0.0000 0.0000 0.0002 0.0960 0.7612 0.1421 0.0005 0.0000 0.0000 0.0000 0.0000
0.0000 0.0000 0.0000 0.0002 0.1421 0.7453 0.1121 0.0005 0.0000 0.0000 0.0000
0.0000 0.0000 0.0000 0.0000 0.0005 0.1121 0.7830 0.1045 0.0000 0.0000 0.0000
0.0000 0.0000 0.0000 0.0000 0.0000 0.0005 0.1045 0.8281 0.0669 0.0000 0.0000
0.0000 0.0000 0.0000 0.0000 0.0000 0.0000 0.0000 0.0669 0.9174 0.0156 0.0000
0.0000 0.0000 0.0000 0.0000 0.0000 0.0000 0.0000 0.0000 0.0156 0.9844 0.0000
0.0000 0.0000 0.0000 0.0000 0.0000 0.0000 0.0000 0.0000 0.0000 0.0000 1.0000
#DG from neighbouring lambda in kcal/mol
0.0000 0.1000 32.1084 0.7868
0.1000 0.2000 6.1472 0.5898
0.2000 0.3000 1.5732 0.4342
0.3000 0.4000 2.0350 0.3858
0.4000 0.5000 2.2934 0.2983
0.5000 0.6000 3.1812 0.3489
0.6000 0.7000 3.9771 0.3658
0.7000 0.8000 2.6023 0.4795
0.8000 0.9000 -1.5279 1.0491
0.9000 1.0000 -89.4021 1.1073
#PMF from MBAR in kcal/mol
0.0000 0.0000 0.0000
0.1000 32.1084 0.7868
0.2000 38.2556 0.5664
0.3000 39.8289 0.4438
0.4000 41.8638 0.3681
0.5000 44.1572 0.3493
0.6000 47.3385 0.3734
0.7000 51.3156 0.4418
0.8000 53.9179 0.5853
0.9000 52.3900 1.1073
1.0000 -37.0121 0.0000
#TI average gradients and standard deviation in kcal/mol
0.0000 7860.6338 224.6836
0.1000 118.3046 53.0127
0.2000 24.8245 22.5462
0.3000 22.0990 13.5053
0.4000 27.5231 19.0039
0.5000 34.7766 17.8554
0.6000 41.9587 18.9523
0.7000 39.8914 15.9667
0.8000 30.1407 23.6690
0.9000 -57.4241 46.0518
1.0000 -11468.4479 364.3504
#PMF from TI in kcal/mol
0.0000 0.0000
0.1000 398.9469
0.2000 406.1034
0.3000 408.4495
0.4000 410.9307
0.5000 414.0456
0.6000 417.8824
0.7000 421.9749
0.8000 425.4765
0.9000 424.1123
1.0000 -152.1813
#MBAR free energy difference in kcal/mol: 
-37.012130, 0.000000  #WARNING SUBSAMPLING ENERGIES RESULTED IN LESS THAN 50 SAMPLES, CONSIDER RERUN WITHOUT SUBSAMPLE OPTION
#TI free energy difference in kcal/mol: 
-152.181261  #WARNING SUBSAMPLING GRADIENTS RESULTED IN LESS THAN 50 SAMPLES, CONSIDER RERUN WITHOUT SUBSAMPLE OPTION 
Starting /export/users/common/BioSimSpace/sire.app/bin/analyse_freenrg: number of threads equals 32
