# Analysing data contained in file(s) ['lambda_0.0000/simfile.dat', 'lambda_0.1000/simfile.dat', 'lambda_0.2000/simfile.dat', 'lambda_0.3000/simfile.dat', 'lambda_0.4000/simfile.dat', 'lambda_0.5000/simfile.dat', 'lambda_0.6000/simfile.dat', 'lambda_0.7000/simfile.dat', 'lambda_0.8000/simfile.dat', 'lambda_0.9000/simfile.dat', 'lambda_1.0000/simfile.dat']
#Overlap matrix
0.8459 0.1483 0.0058 0.0001 0.0000 0.0000 0.0000 0.0000 0.0000 0.0000 0.0000
0.1483 0.6447 0.1969 0.0101 0.0001 0.0000 0.0000 0.0000 0.0000 0.0000 0.0000
0.0058 0.1969 0.5828 0.2027 0.0117 0.0001 0.0000 0.0000 0.0000 0.0000 0.0000
0.0001 0.0101 0.2027 0.5560 0.2165 0.0144 0.0002 0.0000 0.0000 0.0000 0.0000
0.0000 0.0001 0.0117 0.2165 0.5419 0.2133 0.0162 0.0003 0.0000 0.0000 0.0000
0.0000 0.0000 0.0001 0.0144 0.2133 0.5289 0.2228 0.0200 0.0004 0.0000 0.0000
0.0000 0.0000 0.0000 0.0002 0.0162 0.2228 0.5071 0.2308 0.0224 0.0004 0.0000
0.0000 0.0000 0.0000 0.0000 0.0003 0.0200 0.2308 0.5035 0.2244 0.0205 0.0005
0.0000 0.0000 0.0000 0.0000 0.0000 0.0004 0.0224 0.2244 0.5003 0.2274 0.0250
0.0000 0.0000 0.0000 0.0000 0.0000 0.0000 0.0004 0.0205 0.2274 0.4962 0.2554
0.0000 0.0000 0.0000 0.0000 0.0000 0.0000 0.0000 0.0005 0.0250 0.2554 0.7192
#DG from neighbouring lambda in kcal/mol
0.0000 0.1000 -6.4624 0.0312
0.1000 0.2000 -0.5069 0.0243
0.2000 0.3000 0.5321 0.0232
0.3000 0.4000 0.4729 0.0216
0.4000 0.5000 0.2194 0.0215
0.5000 0.6000 -0.0926 0.0203
0.6000 0.7000 -0.3563 0.0192
0.7000 0.8000 -0.6466 0.0196
0.8000 0.9000 -1.0691 0.0193
0.9000 1.0000 -1.4710 0.0186
#PMF from MBAR in kcal/mol
0.0000 0.0000 0.0000
0.1000 -6.4624 0.0312
0.2000 -6.9693 0.0438
0.3000 -6.4372 0.0529
0.4000 -5.9643 0.0601
0.5000 -5.7449 0.0663
0.6000 -5.8375 0.0717
0.7000 -6.1938 0.0763
0.8000 -6.8404 0.0807
0.9000 -7.9096 0.0848
1.0000 -9.3805 0.0885
#TI average gradients and standard deviation in kcal/mol
0.0000 -139.0141 17.0976
0.1000 -19.4037 12.7060
0.2000 3.4121 13.0390
0.3000 5.9731 10.9945
0.4000 3.9185 10.4073
0.5000 0.7814 10.2593
0.6000 -1.9908 10.0858
0.7000 -3.7136 10.1688
0.8000 -7.8289 9.7112
0.9000 -12.9928 10.3235
1.0000 -13.7793 10.5020
#PMF from TI in kcal/mol
0.0000 0.0000
0.1000 -7.9209
0.2000 -8.7205
0.3000 -8.2512
0.4000 -7.7566
0.5000 -7.5216
0.6000 -7.5821
0.7000 -7.8673
0.8000 -8.4444
0.9000 -9.4855
1.0000 -10.8241
#MBAR free energy difference in kcal/mol: 
-9.380545, 0.088497 
#TI free energy difference in kcal/mol: 
-10.824112  
Starting /export/users/common/BioSimSpace/sire.app/bin/analyse_freenrg: number of threads equals 32
