# Analysing data contained in file(s) ['lambda_0.0000/simfile.dat', 'lambda_0.1000/simfile.dat', 'lambda_0.2000/simfile.dat', 'lambda_0.3000/simfile.dat', 'lambda_0.4000/simfile.dat', 'lambda_0.5000/simfile.dat', 'lambda_0.6000/simfile.dat', 'lambda_0.7000/simfile.dat', 'lambda_0.8000/simfile.dat', 'lambda_0.9000/simfile.dat', 'lambda_1.0000/simfile.dat']
#Overlap matrix
0.9094 0.0895 0.0011 0.0000 0.0000 0.0000 0.0000 0.0000 0.0000 0.0000 0.0000
0.0895 0.7625 0.1435 0.0045 0.0000 0.0000 0.0000 0.0000 0.0000 0.0000 0.0000
0.0011 0.1435 0.6589 0.1868 0.0096 0.0001 0.0000 0.0000 0.0000 0.0000 0.0000
0.0000 0.0045 0.1868 0.5962 0.2020 0.0105 0.0001 0.0000 0.0000 0.0000 0.0000
0.0000 0.0000 0.0096 0.2020 0.5705 0.2076 0.0102 0.0001 0.0000 0.0000 0.0000
0.0000 0.0000 0.0001 0.0105 0.2076 0.5609 0.2110 0.0099 0.0001 0.0000 0.0000
0.0000 0.0000 0.0000 0.0001 0.0102 0.2110 0.5706 0.2006 0.0075 0.0000 0.0000
0.0000 0.0000 0.0000 0.0000 0.0001 0.0099 0.2006 0.5847 0.1962 0.0084 0.0000
0.0000 0.0000 0.0000 0.0000 0.0000 0.0001 0.0075 0.1962 0.5898 0.1999 0.0065
0.0000 0.0000 0.0000 0.0000 0.0000 0.0000 0.0000 0.0084 0.1999 0.6094 0.1822
0.0000 0.0000 0.0000 0.0000 0.0000 0.0000 0.0000 0.0000 0.0065 0.1822 0.8112
#DG from neighbouring lambda in kcal/mol
0.0000 0.1000 4.5820 0.0578
0.1000 0.2000 5.5426 0.0417
0.2000 0.3000 4.6036 0.0333
0.3000 0.4000 3.2646 0.0305
0.4000 0.5000 1.6881 0.0298
0.5000 0.6000 0.0154 0.0294
0.6000 0.7000 -1.5474 0.0310
0.7000 0.8000 -3.0972 0.0318
0.8000 0.9000 -4.3461 0.0314
0.9000 1.0000 -5.3839 0.0350
#PMF from MBAR in kcal/mol
0.0000 0.0000 0.0000
0.1000 4.5820 0.0578
0.2000 10.1246 0.0759
0.3000 14.7283 0.0866
0.4000 17.9929 0.0949
0.5000 19.6810 0.1024
0.6000 19.6964 0.1094
0.7000 18.1490 0.1163
0.8000 15.0518 0.1231
0.9000 10.7057 0.1294
1.0000 5.3218 0.1364
#TI average gradients and standard deviation in kcal/mol
0.0000 25.2637 21.9059
0.1000 57.1519 16.7666
0.2000 52.0938 14.8051
0.3000 39.6623 12.5897
0.4000 25.2523 11.8767
0.5000 7.2057 12.0852
0.6000 -8.1886 11.7959
0.7000 -23.0017 12.0150
0.8000 -37.1313 12.5931
0.9000 -49.4115 12.7906
1.0000 -8464762.2928 210142339.8749
#PMF from TI in kcal/mol
0.0000 0.0000
0.1000 4.1208
0.2000 9.5831
0.3000 14.1709
0.4000 17.4166
0.5000 19.0395
0.6000 18.9904
0.7000 17.4308
0.8000 14.4242
0.9000 10.0971
1.0000 -423230.4882
#MBAR free energy difference in kcal/mol: 
5.321838, 0.136353 
#TI free energy difference in kcal/mol: 
-423230.488157  
Starting /export/users/common/BioSimSpace/sire.app/bin/analyse_freenrg: number of threads equals 32
