# Analysing data contained in file(s) ['lambda_0.0000/simfile.dat', 'lambda_0.1000/simfile.dat', 'lambda_0.2000/simfile.dat', 'lambda_0.3000/simfile.dat', 'lambda_0.4000/simfile.dat', 'lambda_0.5000/simfile.dat', 'lambda_0.6000/simfile.dat', 'lambda_0.7000/simfile.dat', 'lambda_0.8000/simfile.dat', 'lambda_0.9000/simfile.dat', 'lambda_1.0000/simfile.dat']
#Overlap matrix
0.9758 0.0236 0.0006 0.0000 0.0000 0.0000 0.0000 0.0000 0.0000 0.0000 0.0000
0.0236 0.8109 0.1644 0.0011 0.0000 0.0000 0.0000 0.0000 0.0000 0.0000 0.0000
0.0006 0.1644 0.6914 0.1426 0.0009 0.0000 0.0000 0.0000 0.0000 0.0000 0.0000
0.0000 0.0011 0.1426 0.6811 0.1705 0.0046 0.0000 0.0000 0.0000 0.0000 0.0000
0.0000 0.0000 0.0009 0.1705 0.6945 0.1328 0.0012 0.0000 0.0000 0.0000 0.0000
0.0000 0.0000 0.0000 0.0046 0.1328 0.7546 0.1068 0.0011 0.0000 0.0000 0.0000
0.0000 0.0000 0.0000 0.0000 0.0012 0.1068 0.7201 0.1691 0.0027 0.0000 0.0000
0.0000 0.0000 0.0000 0.0000 0.0000 0.0011 0.1691 0.6438 0.1840 0.0020 0.0000
0.0000 0.0000 0.0000 0.0000 0.0000 0.0000 0.0027 0.1840 0.6945 0.1183 0.0004
0.0000 0.0000 0.0000 0.0000 0.0000 0.0000 0.0000 0.0020 0.1183 0.7108 0.1688
0.0000 0.0000 0.0000 0.0000 0.0000 0.0000 0.0000 0.0000 0.0004 0.1688 0.8307
#DG from neighbouring lambda in kcal/mol
0.0000 0.1000 -6.0879 0.9661
0.1000 0.2000 -0.7240 0.3086
0.2000 0.3000 -0.3218 0.3411
0.3000 0.4000 -1.8477 0.2955
0.4000 0.5000 -2.9320 0.3517
0.5000 0.6000 -4.9168 0.4120
0.6000 0.7000 -6.7898 0.2994
0.7000 0.8000 -7.7686 0.2797
0.8000 0.9000 -8.6205 0.3858
0.9000 1.0000 -10.3241 0.3043
#PMF from MBAR in kcal/mol
0.0000 0.0000 0.0000
0.1000 -6.0879 0.9661
0.2000 -6.8119 1.0338
0.3000 -7.1338 1.1091
0.4000 -8.9814 1.1675
0.5000 -11.9134 1.2350
0.6000 -16.8302 1.3186
0.7000 -23.6200 1.3686
0.8000 -31.3886 1.4124
0.9000 -40.0091 1.4788
1.0000 -50.3332 1.5251
#TI average gradients and standard deviation in kcal/mol
0.0000 -88.2036 29.3423
0.1000 -19.4323 22.8661
0.2000 -9.0662 16.6379
0.3000 -17.2483 17.6578
0.4000 -21.0902 11.9741
0.5000 -41.1571 15.4676
0.6000 -52.9699 17.6992
0.7000 -71.4182 16.5461
0.8000 -80.2838 18.4098
0.9000 -98.4511 16.5207
1.0000 -95.2952 13.8287
#PMF from TI in kcal/mol
0.0000 0.0000
0.1000 -5.3818
0.2000 -6.8067
0.3000 -8.1224
0.4000 -10.0394
0.5000 -13.1517
0.6000 -17.8581
0.7000 -24.0775
0.8000 -31.6626
0.9000 -40.5993
1.0000 -50.2866
#MBAR free energy difference in kcal/mol: 
-50.333178, 1.525098  #WARNING SUBSAMPLING ENERGIES RESULTED IN LESS THAN 50 SAMPLES, CONSIDER RERUN WITHOUT SUBSAMPLE OPTION
#TI free energy difference in kcal/mol: 
-50.286645  #WARNING SUBSAMPLING GRADIENTS RESULTED IN LESS THAN 50 SAMPLES, CONSIDER RERUN WITHOUT SUBSAMPLE OPTION 
Starting /export/users/common/BioSimSpace/sire.app/bin/analyse_freenrg: number of threads equals 32
