# Analysing data contained in file(s) ['lambda_0.0000/simfile.dat', 'lambda_0.1000/simfile.dat', 'lambda_0.2000/simfile.dat', 'lambda_0.3000/simfile.dat', 'lambda_0.4000/simfile.dat', 'lambda_0.5000/simfile.dat', 'lambda_0.6000/simfile.dat', 'lambda_0.7000/simfile.dat', 'lambda_0.8000/simfile.dat', 'lambda_0.9000/simfile.dat', 'lambda_1.0000/simfile.dat']
#Overlap matrix
0.8045 0.1896 0.0058 0.0000 0.0000 0.0000 0.0000 0.0000 0.0000 0.0000 0.0000
0.1896 0.6084 0.1947 0.0072 0.0000 0.0000 0.0000 0.0000 0.0000 0.0000 0.0000
0.0058 0.1947 0.5952 0.1964 0.0079 0.0000 0.0000 0.0000 0.0000 0.0000 0.0000
0.0000 0.0072 0.1964 0.5829 0.2045 0.0089 0.0001 0.0000 0.0000 0.0000 0.0000
0.0000 0.0000 0.0079 0.2045 0.5702 0.2056 0.0117 0.0001 0.0000 0.0000 0.0000
0.0000 0.0000 0.0000 0.0089 0.2056 0.5576 0.2148 0.0130 0.0001 0.0000 0.0000
0.0000 0.0000 0.0000 0.0001 0.0117 0.2148 0.5463 0.2129 0.0141 0.0002 0.0000
0.0000 0.0000 0.0000 0.0000 0.0001 0.0130 0.2129 0.5382 0.2205 0.0152 0.0001
0.0000 0.0000 0.0000 0.0000 0.0000 0.0001 0.0141 0.2205 0.5332 0.2195 0.0127
0.0000 0.0000 0.0000 0.0000 0.0000 0.0000 0.0002 0.0152 0.2195 0.5559 0.2093
0.0000 0.0000 0.0000 0.0000 0.0000 0.0000 0.0000 0.0001 0.0127 0.2093 0.7779
#DG from neighbouring lambda in kcal/mol
0.0000 0.1000 -0.0057 0.0226
0.1000 0.2000 -0.0088 0.0215
0.2000 0.3000 0.0087 0.0212
0.3000 0.4000 -0.0313 0.0203
0.4000 0.5000 -0.1151 0.0200
0.5000 0.6000 -0.1424 0.0189
0.6000 0.7000 -0.2125 0.0189
0.7000 0.8000 -0.2860 0.0182
0.8000 0.9000 -0.1288 0.0184
0.9000 1.0000 1.1413 0.0203
#PMF from MBAR in kcal/mol
0.0000 0.0000 0.0000
0.1000 -0.0057 0.0226
0.2000 -0.0146 0.0354
0.3000 -0.0059 0.0444
0.4000 -0.0372 0.0516
0.5000 -0.1523 0.0577
0.6000 -0.2946 0.0628
0.7000 -0.5071 0.0675
0.8000 -0.7932 0.0717
0.9000 -0.9219 0.0757
1.0000 0.2194 0.0800
#TI average gradients and standard deviation in kcal/mol
0.0000 -0.4793 13.4104
0.1000 0.1074 13.1335
0.2000 -0.0566 12.7132
0.3000 -0.2175 12.2016
0.4000 -0.4906 11.9933
0.5000 -1.4998 11.8840
0.6000 -1.6147 11.5769
0.7000 -2.6493 11.3547
0.8000 -2.7919 10.9594
0.9000 1.6283 11.3473
1.0000 26.6321 13.6732
#PMF from TI in kcal/mol
0.0000 0.0000
0.1000 -0.0186
0.2000 -0.0161
0.3000 -0.0298
0.4000 -0.0652
0.5000 -0.1647
0.6000 -0.3204
0.7000 -0.5336
0.8000 -0.8057
0.9000 -0.8639
1.0000 0.5492
#MBAR free energy difference in kcal/mol: 
0.219355, 0.079974 
#TI free energy difference in kcal/mol: 
0.549166  
Starting /export/users/common/BioSimSpace/sire.app/bin/analyse_freenrg: number of threads equals 32
