# Analysing data contained in file(s) ['lambda_0.0000/simfile.dat', 'lambda_0.1000/simfile.dat', 'lambda_0.2000/simfile.dat', 'lambda_0.3000/simfile.dat', 'lambda_0.4000/simfile.dat', 'lambda_0.5000/simfile.dat', 'lambda_0.6000/simfile.dat', 'lambda_0.7000/simfile.dat', 'lambda_0.8000/simfile.dat', 'lambda_0.9000/simfile.dat', 'lambda_1.0000/simfile.dat']
#Overlap matrix
0.8651 0.1338 0.0011 0.0000 0.0000 0.0000 0.0000 0.0000 0.0000 0.0000 0.0000
0.1338 0.7089 0.1560 0.0014 0.0000 0.0000 0.0000 0.0000 0.0000 0.0000 0.0000
0.0011 0.1560 0.6941 0.1468 0.0020 0.0000 0.0000 0.0000 0.0000 0.0000 0.0000
0.0000 0.0014 0.1468 0.6837 0.1651 0.0031 0.0000 0.0000 0.0000 0.0000 0.0000
0.0000 0.0000 0.0020 0.1651 0.6534 0.1752 0.0042 0.0000 0.0000 0.0000 0.0000
0.0000 0.0000 0.0000 0.0031 0.1752 0.6280 0.1880 0.0057 0.0000 0.0000 0.0000
0.0000 0.0000 0.0000 0.0000 0.0042 0.1880 0.6017 0.1967 0.0094 0.0001 0.0000
0.0000 0.0000 0.0000 0.0000 0.0000 0.0057 0.1967 0.5822 0.2036 0.0116 0.0002
0.0000 0.0000 0.0000 0.0000 0.0000 0.0000 0.0094 0.2036 0.5526 0.2155 0.0189
0.0000 0.0000 0.0000 0.0000 0.0000 0.0000 0.0001 0.0116 0.2155 0.5265 0.2464
0.0000 0.0000 0.0000 0.0000 0.0000 0.0000 0.0000 0.0002 0.0189 0.2464 0.7346
#DG from neighbouring lambda in kcal/mol
0.0000 0.1000 -1.1945 0.0567
0.1000 0.2000 -0.1991 0.0506
0.2000 0.3000 -0.0040 0.0526
0.3000 0.4000 0.0260 0.0480
0.4000 0.5000 0.0420 0.0455
0.5000 0.6000 0.0439 0.0426
0.6000 0.7000 0.0118 0.0403
0.7000 0.8000 0.0682 0.0383
0.8000 0.9000 0.0513 0.0353
0.9000 1.0000 0.1344 0.0326
#PMF from MBAR in kcal/mol
0.0000 0.0000 0.0000
0.1000 -1.1945 0.0567
0.2000 -1.3936 0.0831
0.3000 -1.3975 0.1039
0.4000 -1.3715 0.1191
0.5000 -1.3295 0.1317
0.6000 -1.2856 0.1422
0.7000 -1.2738 0.1512
0.8000 -1.2057 0.1590
0.9000 -1.1543 0.1657
1.0000 -1.0199 0.1714
#TI average gradients and standard deviation in kcal/mol
0.0000 -19.2158 16.3757
0.1000 -5.9976 15.3924
0.2000 -1.0217 14.4896
0.3000 -0.2994 13.9342
0.4000 -0.0894 13.4432
0.5000 0.6134 13.1232
0.6000 0.4337 12.2229
0.7000 0.2088 11.6048
0.8000 0.7713 11.2774
0.9000 1.2071 10.6321
1.0000 1.6047 10.1515
#PMF from TI in kcal/mol
0.0000 0.0000
0.1000 -1.2607
0.2000 -1.6116
0.3000 -1.6777
0.4000 -1.6971
0.5000 -1.6709
0.6000 -1.6186
0.7000 -1.5865
0.8000 -1.5375
0.9000 -1.4385
1.0000 -1.2979
#MBAR free energy difference in kcal/mol: 
-1.019927, 0.171424 
#TI free energy difference in kcal/mol: 
-1.297950  
Starting /export/users/common/BioSimSpace/sire.app/bin/analyse_freenrg: number of threads equals 32
