# Analysing data contained in file(s) ['lambda_0.0000/simfile.dat', 'lambda_0.1000/simfile.dat', 'lambda_0.2000/simfile.dat', 'lambda_0.3000/simfile.dat', 'lambda_0.4000/simfile.dat', 'lambda_0.5000/simfile.dat', 'lambda_0.6000/simfile.dat', 'lambda_0.7000/simfile.dat', 'lambda_0.8000/simfile.dat', 'lambda_0.9000/simfile.dat', 'lambda_1.0000/simfile.dat']
#Overlap matrix
0.8839 0.1149 0.0012 0.0000 0.0000 0.0000 0.0000 0.0000 0.0000 0.0000 0.0000
0.1149 0.7089 0.1731 0.0032 0.0000 0.0000 0.0000 0.0000 0.0000 0.0000 0.0000
0.0012 0.1731 0.6562 0.1673 0.0023 0.0000 0.0000 0.0000 0.0000 0.0000 0.0000
0.0000 0.0032 0.1673 0.6767 0.1511 0.0018 0.0000 0.0000 0.0000 0.0000 0.0000
0.0000 0.0000 0.0023 0.1511 0.6954 0.1504 0.0008 0.0000 0.0000 0.0000 0.0000
0.0000 0.0000 0.0000 0.0018 0.1504 0.7524 0.0954 0.0000 0.0000 0.0000 0.0000
0.0000 0.0000 0.0000 0.0000 0.0008 0.0954 0.9033 0.0005 0.0000 0.0000 0.0000
0.0000 0.0000 0.0000 0.0000 0.0000 0.0000 0.0005 0.9983 0.0012 0.0000 0.0000
0.0000 0.0000 0.0000 0.0000 0.0000 0.0000 0.0000 0.0012 0.9988 0.0000 0.0000
0.0000 0.0000 0.0000 0.0000 0.0000 0.0000 0.0000 0.0000 0.0000 1.0000 0.0000
0.0000 0.0000 0.0000 0.0000 0.0000 0.0000 0.0000 0.0000 0.0000 0.0000 1.0000
#DG from neighbouring lambda in kcal/mol
0.0000 0.1000 12.4288 0.0347
0.1000 0.2000 10.6757 0.0257
0.2000 0.3000 9.6927 0.0263
0.3000 0.4000 8.6172 0.0284
0.4000 0.5000 7.8842 0.0287
0.5000 0.6000 9.3458 0.0391
0.6000 0.7000 13.7291 0.5825
0.7000 0.8000 8.6369 0.3895
0.8000 0.9000 0.1888 2.3519
0.9000 1.0000 -86.7318 2.1785
#PMF from MBAR in kcal/mol
0.0000 0.0000 0.0000
0.1000 12.4288 0.0347
0.2000 23.1045 0.0470
0.3000 32.7972 0.0568
0.4000 41.4144 0.0661
0.5000 49.2986 0.0743
0.6000 58.6444 0.0860
0.7000 72.3735 0.5891
0.8000 81.0104 0.7064
0.9000 81.1993 2.4558
1.0000 -5.5325 0.3086
#TI average gradients and standard deviation in kcal/mol
0.0000 127.7808 19.6394
0.1000 112.5477 14.5290
0.2000 101.4489 13.8907
0.3000 91.6624 14.6068
0.4000 80.8065 15.2219
0.5000 79.5984 15.9501
0.6000 120.1370 22.0131
0.7000 106.5192 36.0962
0.8000 56.3402 38.9595
0.9000 -79.2100 46.9386
1.0000 -3321.2187 175.5602
#PMF from TI in kcal/mol
0.0000 0.0000
0.1000 12.0164
0.2000 22.7163
0.3000 32.3718
0.4000 40.9953
0.5000 49.0155
0.6000 59.0023
0.7000 70.3351
0.8000 78.4781
0.9000 77.3346
1.0000 -92.6869
#MBAR free energy difference in kcal/mol: 
-5.532524, 0.308554 
#TI free energy difference in kcal/mol: 
-92.686867  
Starting /export/users/common/BioSimSpace/sire.app/bin/analyse_freenrg: number of threads equals 32
