# Analysing data contained in file(s) ['lambda_0.0000/simfile.dat', 'lambda_0.1000/simfile.dat', 'lambda_0.2000/simfile.dat', 'lambda_0.3000/simfile.dat', 'lambda_0.4000/simfile.dat', 'lambda_0.5000/simfile.dat', 'lambda_0.6000/simfile.dat', 'lambda_0.7000/simfile.dat', 'lambda_0.8000/simfile.dat', 'lambda_0.9000/simfile.dat', 'lambda_1.0000/simfile.dat']
#Overlap matrix
0.7290 0.2347 0.0344 0.0019 0.0000 0.0000 0.0000 0.0000 0.0000 0.0000 0.0000
0.2347 0.4690 0.2498 0.0443 0.0022 0.0000 0.0000 0.0000 0.0000 0.0000 0.0000
0.0344 0.2498 0.4345 0.2416 0.0381 0.0016 0.0000 0.0000 0.0000 0.0000 0.0000
0.0019 0.0443 0.2416 0.4397 0.2378 0.0337 0.0011 0.0000 0.0000 0.0000 0.0000
0.0000 0.0022 0.0381 0.2378 0.4570 0.2364 0.0278 0.0006 0.0000 0.0000 0.0000
0.0000 0.0000 0.0016 0.0337 0.2364 0.4736 0.2325 0.0220 0.0002 0.0000 0.0000
0.0000 0.0000 0.0000 0.0011 0.0278 0.2325 0.4994 0.2261 0.0131 0.0000 0.0000
0.0000 0.0000 0.0000 0.0000 0.0006 0.0220 0.2261 0.5520 0.1978 0.0014 0.0000
0.0000 0.0000 0.0000 0.0000 0.0000 0.0002 0.0131 0.1978 0.6829 0.1057 0.0002
0.0000 0.0000 0.0000 0.0000 0.0000 0.0000 0.0000 0.0014 0.1057 0.7734 0.1195
0.0000 0.0000 0.0000 0.0000 0.0000 0.0000 0.0000 0.0000 0.0002 0.1195 0.8803
#DG from neighbouring lambda in kcal/mol
0.0000 0.1000 0.1632 0.0208
0.1000 0.2000 4.0099 0.0166
0.2000 0.3000 4.6630 0.0169
0.3000 0.4000 4.6605 0.0178
0.4000 0.5000 4.5597 0.0186
0.5000 0.6000 4.4286 0.0198
0.6000 0.7000 4.2417 0.0214
0.7000 0.8000 3.7869 0.0259
0.8000 0.9000 1.9735 0.0425
0.9000 1.0000 -0.9699 0.0397
#PMF from MBAR in kcal/mol
0.0000 0.0000 0.0000
0.1000 0.1632 0.0208
0.2000 4.1731 0.0316
0.3000 8.8361 0.0396
0.4000 13.4966 0.0468
0.5000 18.0563 0.0534
0.6000 22.4849 0.0598
0.7000 26.7267 0.0662
0.8000 30.5136 0.0738
0.9000 32.4871 0.0879
1.0000 31.5172 0.0989
#TI average gradients and standard deviation in kcal/mol
0.0000 -46.4508 13.4986
0.1000 30.9172 9.6437
0.2000 45.3844 9.2461
0.3000 47.0422 9.5103
0.4000 46.0084 9.9474
0.5000 44.9839 10.4979
0.6000 44.0558 10.4100
0.7000 41.3494 11.6032
0.8000 33.2238 14.6075
0.9000 4.5352 17.5352
1.0000 -21.2731 16.9046
#PMF from TI in kcal/mol
0.0000 0.0000
0.1000 -0.7767
0.2000 3.0384
0.3000 7.6597
0.4000 12.3123
0.5000 16.8619
0.6000 21.3139
0.7000 25.5841
0.8000 29.3128
0.9000 31.2007
1.0000 30.3638
#MBAR free energy difference in kcal/mol: 
31.517172, 0.098889 
#TI free energy difference in kcal/mol: 
30.363842  
Starting /export/users/common/BioSimSpace/sire.app/bin/analyse_freenrg: number of threads equals 32
