# Analysing data contained in file(s) ['lambda_0.0000/simfile.dat', 'lambda_0.1000/simfile.dat', 'lambda_0.2000/simfile.dat', 'lambda_0.3000/simfile.dat', 'lambda_0.4000/simfile.dat', 'lambda_0.5000/simfile.dat', 'lambda_0.6000/simfile.dat', 'lambda_0.7000/simfile.dat', 'lambda_0.8000/simfile.dat', 'lambda_0.9000/simfile.dat', 'lambda_1.0000/simfile.dat']
#Overlap matrix
0.8373 0.1549 0.0077 0.0001 0.0000 0.0000 0.0000 0.0000 0.0000 0.0000 0.0000
0.1549 0.6227 0.2068 0.0153 0.0004 0.0000 0.0000 0.0000 0.0000 0.0000 0.0000
0.0077 0.2068 0.5505 0.2151 0.0195 0.0005 0.0000 0.0000 0.0000 0.0000 0.0000
0.0001 0.0153 0.2151 0.5291 0.2184 0.0214 0.0006 0.0000 0.0000 0.0000 0.0000
0.0000 0.0004 0.0195 0.2184 0.5135 0.2252 0.0226 0.0006 0.0000 0.0000 0.0000
0.0000 0.0000 0.0005 0.0214 0.2252 0.5059 0.2234 0.0231 0.0006 0.0000 0.0000
0.0000 0.0000 0.0000 0.0006 0.0226 0.2234 0.4969 0.2320 0.0241 0.0005 0.0000
0.0000 0.0000 0.0000 0.0000 0.0006 0.0231 0.2320 0.4935 0.2285 0.0219 0.0004
0.0000 0.0000 0.0000 0.0000 0.0000 0.0006 0.0241 0.2285 0.5013 0.2254 0.0200
0.0000 0.0000 0.0000 0.0000 0.0000 0.0000 0.0005 0.0219 0.2254 0.5108 0.2413
0.0000 0.0000 0.0000 0.0000 0.0000 0.0000 0.0000 0.0004 0.0200 0.2413 0.7383
#DG from neighbouring lambda in kcal/mol
0.0000 0.1000 -3.1265 0.0269
0.1000 0.2000 -0.4582 0.0203
0.2000 0.3000 0.0135 0.0188
0.3000 0.4000 0.0686 0.0181
0.4000 0.5000 0.0303 0.0174
0.5000 0.6000 0.0018 0.0174
0.6000 0.7000 -0.0063 0.0168
0.7000 0.8000 -0.0035 0.0171
0.8000 0.9000 -0.0516 0.0176
0.9000 1.0000 -0.1048 0.0179
#PMF from MBAR in kcal/mol
0.0000 0.0000 0.0000
0.1000 -3.1265 0.0269
0.2000 -3.5847 0.0375
0.3000 -3.5713 0.0449
0.4000 -3.5027 0.0509
0.5000 -3.4724 0.0560
0.6000 -3.4706 0.0607
0.7000 -3.4769 0.0648
0.8000 -3.4804 0.0688
0.9000 -3.5320 0.0727
1.0000 -3.6368 0.0765
#TI average gradients and standard deviation in kcal/mol
0.0000 -62.6265 18.1281
0.1000 -11.4275 13.0248
0.2000 -0.4389 11.5296
0.3000 0.6467 11.3961
0.4000 0.4962 11.1699
0.5000 0.3479 11.0668
0.6000 -0.2233 10.7413
0.7000 0.2184 10.5579
0.8000 -0.4949 10.6746
0.9000 -1.1687 11.1038
1.0000 1.4662 11.1532
#PMF from TI in kcal/mol
0.0000 0.0000
0.1000 -3.7027
0.2000 -4.2960
0.3000 -4.2856
0.4000 -4.2285
0.5000 -4.1863
0.6000 -4.1801
0.7000 -4.1803
0.8000 -4.1941
0.9000 -4.2773
1.0000 -4.2624
#MBAR free energy difference in kcal/mol: 
-3.636810, 0.076548 
#TI free energy difference in kcal/mol: 
-4.262434  
Starting /export/users/common/BioSimSpace/sire.app/bin/analyse_freenrg: number of threads equals 32
