# Analysing data contained in file(s) ['lambda_0.0000/simfile.dat', 'lambda_0.1000/simfile.dat', 'lambda_0.2000/simfile.dat', 'lambda_0.3000/simfile.dat', 'lambda_0.4000/simfile.dat', 'lambda_0.5000/simfile.dat', 'lambda_0.6000/simfile.dat', 'lambda_0.7000/simfile.dat', 'lambda_0.8000/simfile.dat', 'lambda_0.9000/simfile.dat', 'lambda_1.0000/simfile.dat']
#Overlap matrix
0.7841 0.2022 0.0134 0.0003 0.0000 0.0000 0.0000 0.0000 0.0000 0.0000 0.0000
0.2022 0.5499 0.2233 0.0239 0.0007 0.0000 0.0000 0.0000 0.0000 0.0000 0.0000
0.0134 0.2233 0.5003 0.2353 0.0269 0.0007 0.0000 0.0000 0.0000 0.0000 0.0000
0.0003 0.0239 0.2353 0.4813 0.2317 0.0267 0.0007 0.0000 0.0000 0.0000 0.0000
0.0000 0.0007 0.0269 0.2317 0.4780 0.2373 0.0248 0.0005 0.0000 0.0000 0.0000
0.0000 0.0000 0.0007 0.0267 0.2373 0.4884 0.2248 0.0215 0.0004 0.0000 0.0000
0.0000 0.0000 0.0000 0.0007 0.0248 0.2248 0.4983 0.2313 0.0198 0.0003 0.0000
0.0000 0.0000 0.0000 0.0000 0.0005 0.0215 0.2313 0.5110 0.2186 0.0168 0.0002
0.0000 0.0000 0.0000 0.0000 0.0000 0.0004 0.0198 0.2186 0.5233 0.2212 0.0168
0.0000 0.0000 0.0000 0.0000 0.0000 0.0000 0.0003 0.0168 0.2212 0.5272 0.2345
0.0000 0.0000 0.0000 0.0000 0.0000 0.0000 0.0000 0.0002 0.0168 0.2345 0.7484
#DG from neighbouring lambda in kcal/mol
0.0000 0.1000 -2.3075 0.0429
0.1000 0.2000 -1.2474 0.0360
0.2000 0.3000 -0.7980 0.0327
0.3000 0.4000 -0.6613 0.0328
0.4000 0.5000 -0.5907 0.0323
0.5000 0.6000 -0.5316 0.0346
0.6000 0.7000 -0.4879 0.0344
0.7000 0.8000 -0.4076 0.0368
0.8000 0.9000 -0.3504 0.0369
0.9000 1.0000 -0.2008 0.0372
#PMF from MBAR in kcal/mol
0.0000 0.0000 0.0000
0.1000 -2.3075 0.0429
0.2000 -3.5549 0.0647
0.3000 -4.3528 0.0788
0.4000 -5.0141 0.0906
0.5000 -5.6048 0.1010
0.6000 -6.1363 0.1112
0.7000 -6.6242 0.1205
0.8000 -7.0318 0.1300
0.9000 -7.3822 0.1389
1.0000 -7.5830 0.1473
#TI average gradients and standard deviation in kcal/mol
0.0000 -32.9651 14.1311
0.1000 -16.0090 11.4473
0.2000 -9.3935 10.3752
0.3000 -6.7333 10.1834
0.4000 -6.2119 9.9911
0.5000 -5.6290 10.5384
0.6000 -5.4102 10.8367
0.7000 -4.9108 10.8817
0.8000 -4.0320 11.0124
0.9000 -2.8220 11.2576
1.0000 -0.0301 11.5834
#PMF from TI in kcal/mol
0.0000 0.0000
0.1000 -2.4487
0.2000 -3.7188
0.3000 -4.5252
0.4000 -5.1724
0.5000 -5.7645
0.6000 -6.3164
0.7000 -6.8325
0.8000 -7.2796
0.9000 -7.6223
1.0000 -7.7649
#MBAR free energy difference in kcal/mol: 
-7.583007, 0.147345 
#TI free energy difference in kcal/mol: 
-7.764940  
Starting /export/users/common/BioSimSpace/sire.app/bin/analyse_freenrg: number of threads equals 32
