# Analysing data contained in file(s) ['lambda_0.0000/simfile.dat', 'lambda_0.1000/simfile.dat', 'lambda_0.2000/simfile.dat', 'lambda_0.3000/simfile.dat', 'lambda_0.4000/simfile.dat', 'lambda_0.5000/simfile.dat', 'lambda_0.6000/simfile.dat', 'lambda_0.7000/simfile.dat', 'lambda_0.8000/simfile.dat', 'lambda_0.9000/simfile.dat', 'lambda_1.0000/simfile.dat']
#Overlap matrix
0.7306 0.2419 0.0266 0.0008 0.0000 0.0000 0.0000 0.0000 0.0000 0.0000 0.0000
0.2419 0.4897 0.2360 0.0312 0.0012 0.0000 0.0000 0.0000 0.0000 0.0000 0.0000
0.0266 0.2360 0.4646 0.2374 0.0340 0.0014 0.0000 0.0000 0.0000 0.0000 0.0000
0.0008 0.0312 0.2374 0.4530 0.2413 0.0350 0.0013 0.0000 0.0000 0.0000 0.0000
0.0000 0.0012 0.0340 0.2413 0.4549 0.2345 0.0328 0.0014 0.0000 0.0000 0.0000
0.0000 0.0000 0.0014 0.0350 0.2345 0.4501 0.2405 0.0371 0.0014 0.0000 0.0000
0.0000 0.0000 0.0000 0.0013 0.0328 0.2405 0.4529 0.2393 0.0322 0.0010 0.0000
0.0000 0.0000 0.0000 0.0000 0.0014 0.0371 0.2393 0.4556 0.2373 0.0290 0.0004
0.0000 0.0000 0.0000 0.0000 0.0000 0.0014 0.0322 0.2373 0.4785 0.2365 0.0142
0.0000 0.0000 0.0000 0.0000 0.0000 0.0000 0.0010 0.0290 0.2365 0.5408 0.1928
0.0000 0.0000 0.0000 0.0000 0.0000 0.0000 0.0000 0.0004 0.0142 0.1928 0.7927
#DG from neighbouring lambda in kcal/mol
0.0000 0.1000 2.5635 0.0178
0.1000 0.2000 3.4288 0.0162
0.2000 0.3000 3.6595 0.0157
0.3000 0.4000 3.7224 0.0152
0.4000 0.5000 3.7234 0.0157
0.5000 0.6000 3.6601 0.0152
0.6000 0.7000 3.6575 0.0153
0.7000 0.8000 3.5689 0.0159
0.8000 0.9000 3.4306 0.0171
0.9000 1.0000 2.9482 0.0227
#PMF from MBAR in kcal/mol
0.0000 0.0000 0.0000
0.1000 2.5635 0.0178
0.2000 5.9923 0.0286
0.3000 9.6519 0.0360
0.4000 13.3743 0.0419
0.5000 17.0977 0.0472
0.6000 20.7577 0.0519
0.7000 24.4152 0.0561
0.8000 27.9841 0.0604
0.9000 31.4147 0.0646
1.0000 34.3629 0.0705
#TI average gradients and standard deviation in kcal/mol
0.0000 17.0983 11.6749
0.1000 31.5513 9.8573
0.2000 35.9315 9.7062
0.3000 37.0176 9.4758
0.4000 37.4559 9.3815
0.5000 37.0589 9.5678
0.6000 36.6761 9.5776
0.7000 36.1873 9.7824
0.8000 35.2896 9.8755
0.9000 33.2221 10.9973
1.0000 24.0850 15.8009
#PMF from TI in kcal/mol
0.0000 0.0000
0.1000 2.4325
0.2000 5.8066
0.3000 9.4541
0.4000 13.1777
0.5000 16.9035
0.6000 20.5902
0.7000 24.2334
0.8000 27.8072
0.9000 31.2328
1.0000 34.0982
#MBAR free energy difference in kcal/mol: 
34.362947, 0.070464 
#TI free energy difference in kcal/mol: 
34.098182  
Starting /export/users/common/BioSimSpace/sire.app/bin/analyse_freenrg: number of threads equals 32
