# Analysing data contained in file(s) ['lambda_0.0000/simfile.dat', 'lambda_0.1000/simfile.dat', 'lambda_0.2000/simfile.dat', 'lambda_0.3000/simfile.dat', 'lambda_0.4000/simfile.dat', 'lambda_0.5000/simfile.dat', 'lambda_0.6000/simfile.dat', 'lambda_0.7000/simfile.dat', 'lambda_0.8000/simfile.dat', 'lambda_0.9000/simfile.dat', 'lambda_1.0000/simfile.dat']
#Overlap matrix
0.8148 0.1801 0.0051 0.0000 0.0000 0.0000 0.0000 0.0000 0.0000 0.0000 0.0000
0.1801 0.6153 0.2015 0.0031 0.0000 0.0000 0.0000 0.0000 0.0000 0.0000 0.0000
0.0051 0.2015 0.6162 0.1707 0.0064 0.0000 0.0000 0.0000 0.0000 0.0000 0.0000
0.0000 0.0031 0.1707 0.6405 0.1797 0.0059 0.0000 0.0000 0.0000 0.0000 0.0000
0.0000 0.0000 0.0064 0.1797 0.5983 0.2045 0.0109 0.0001 0.0000 0.0000 0.0000
0.0000 0.0000 0.0000 0.0059 0.2045 0.5649 0.2120 0.0126 0.0001 0.0000 0.0000
0.0000 0.0000 0.0000 0.0000 0.0109 0.2120 0.5505 0.2161 0.0104 0.0000 0.0000
0.0000 0.0000 0.0000 0.0000 0.0001 0.0126 0.2161 0.5751 0.1900 0.0061 0.0000
0.0000 0.0000 0.0000 0.0000 0.0000 0.0001 0.0104 0.1900 0.5877 0.2026 0.0092
0.0000 0.0000 0.0000 0.0000 0.0000 0.0000 0.0000 0.0061 0.2026 0.6153 0.1760
0.0000 0.0000 0.0000 0.0000 0.0000 0.0000 0.0000 0.0000 0.0092 0.1760 0.8148
#DG from neighbouring lambda in kcal/mol
0.0000 0.1000 -0.1781 0.1084
0.1000 0.2000 -0.0193 0.0978
0.2000 0.3000 -0.3075 0.1108
0.3000 0.4000 -0.2876 0.1053
0.4000 0.5000 -0.3899 0.0934
0.5000 0.6000 -0.1953 0.0884
0.6000 0.7000 -0.0029 0.0872
0.7000 0.8000 0.1099 0.0993
0.8000 0.9000 0.4321 0.0948
0.9000 1.0000 2.9551 0.1085
#PMF from MBAR in kcal/mol
0.0000 0.0000 0.0000
0.1000 -0.1781 0.1084
0.2000 -0.1973 0.1653
0.3000 -0.5048 0.2143
0.4000 -0.7924 0.2503
0.5000 -1.1823 0.2781
0.6000 -1.3776 0.3010
0.7000 -1.3805 0.3219
0.8000 -1.2706 0.3449
0.9000 -0.8384 0.3660
1.0000 2.1167 0.3887
#TI average gradients and standard deviation in kcal/mol
0.0000 -3.9740 13.4039
0.1000 0.3664 13.9006
0.2000 -2.2922 12.7751
0.3000 -1.9337 12.5624
0.4000 -1.1529 12.4971
0.5000 -1.6309 12.1539
0.6000 -1.8674 11.5283
0.7000 -1.6369 11.7514
0.8000 2.5992 12.4487
0.9000 14.2670 13.2101
1.0000 51.0179 18.0618
#PMF from TI in kcal/mol
0.0000 0.0000
0.1000 -0.1804
0.2000 -0.2767
0.3000 -0.4880
0.4000 -0.6423
0.5000 -0.7815
0.6000 -0.9564
0.7000 -1.1316
0.8000 -1.0835
0.9000 -0.2402
1.0000 3.0240
#MBAR free energy difference in kcal/mol: 
2.116717, 0.388655 
#TI free energy difference in kcal/mol: 
3.024048  
Starting /export/users/common/BioSimSpace/sire.app/bin/analyse_freenrg: number of threads equals 32
