# Analysing data contained in file(s) ['lambda_0.0000/simfile.dat', 'lambda_0.1000/simfile.dat', 'lambda_0.2000/simfile.dat', 'lambda_0.3000/simfile.dat', 'lambda_0.4000/simfile.dat', 'lambda_0.5000/simfile.dat', 'lambda_0.6000/simfile.dat', 'lambda_0.7000/simfile.dat', 'lambda_0.8000/simfile.dat', 'lambda_0.9000/simfile.dat', 'lambda_1.0000/simfile.dat']
#Overlap matrix
0.9939 0.0061 0.0000 0.0000 0.0000 0.0000 0.0000 0.0000 0.0000 0.0000 0.0000
0.0061 0.9869 0.0070 0.0000 0.0000 0.0000 0.0000 0.0000 0.0000 0.0000 0.0000
0.0000 0.0070 0.9855 0.0075 0.0000 0.0000 0.0000 0.0000 0.0000 0.0000 0.0000
0.0000 0.0000 0.0075 0.9838 0.0087 0.0000 0.0000 0.0000 0.0000 0.0000 0.0000
0.0000 0.0000 0.0000 0.0087 0.9823 0.0090 0.0000 0.0000 0.0000 0.0000 0.0000
0.0000 0.0000 0.0000 0.0000 0.0090 0.9795 0.0115 0.0000 0.0000 0.0000 0.0000
0.0000 0.0000 0.0000 0.0000 0.0000 0.0115 0.9763 0.0122 0.0000 0.0000 0.0000
0.0000 0.0000 0.0000 0.0000 0.0000 0.0000 0.0122 0.9761 0.0116 0.0000 0.0000
0.0000 0.0000 0.0000 0.0000 0.0000 0.0000 0.0000 0.0116 0.9739 0.0145 0.0000
0.0000 0.0000 0.0000 0.0000 0.0000 0.0000 0.0000 0.0000 0.0145 0.9744 0.0112
0.0000 0.0000 0.0000 0.0000 0.0000 0.0000 0.0000 0.0000 0.0000 0.0112 0.9888
#DG from neighbouring lambda in kcal/mol
0.0000 0.1000 7.4374 0.1850
0.1000 0.2000 7.4354 0.1727
0.2000 0.3000 7.0269 0.1669
0.3000 0.4000 6.1328 0.1549
0.4000 0.5000 5.3399 0.1517
0.5000 0.6000 4.2232 0.1342
0.6000 0.7000 3.0773 0.1300
0.7000 0.8000 2.1563 0.1334
0.8000 0.9000 0.6185 0.1193
0.9000 1.0000 -0.8461 0.1362
#PMF from MBAR in kcal/mol
0.0000 0.0000 0.0000
0.1000 7.4374 0.1850
0.2000 14.8728 0.2539
0.3000 21.8996 0.3046
0.4000 28.0324 0.3423
0.5000 33.3723 0.3750
0.6000 37.5955 0.3988
0.7000 40.6727 0.4199
0.8000 42.8291 0.4411
0.9000 43.4475 0.4574
1.0000 42.6014 0.4777
#TI average gradients and standard deviation in kcal/mol
0.0000 77.6180 45.3852
0.1000 73.7912 33.0983
0.2000 75.3933 29.2259
0.3000 65.9908 29.6598
0.4000 56.5456 28.4198
0.5000 50.7669 27.2622
0.6000 36.7209 28.5904
0.7000 26.6667 28.9687
0.8000 10.2793 28.1459
0.9000 0.7036 31.4518
1.0000 -20.4501 28.0752
#PMF from TI in kcal/mol
0.0000 0.0000
0.1000 7.5705
0.2000 15.0297
0.3000 22.0989
0.4000 28.2257
0.5000 33.5913
0.6000 37.9657
0.7000 41.1351
0.8000 42.9824
0.9000 43.5316
1.0000 42.5442
#MBAR free energy difference in kcal/mol: 
42.601392, 0.477705 
#TI free energy difference in kcal/mol: 
42.544226  
Starting /export/users/common/BioSimSpace/sire.app/bin/analyse_freenrg: number of threads equals 32
