# Analysing data contained in file(s) ['lambda_0.0000/simfile.dat', 'lambda_0.1000/simfile.dat', 'lambda_0.2000/simfile.dat', 'lambda_0.3000/simfile.dat', 'lambda_0.4000/simfile.dat', 'lambda_0.5000/simfile.dat', 'lambda_0.6000/simfile.dat', 'lambda_0.7000/simfile.dat', 'lambda_0.8000/simfile.dat', 'lambda_0.9000/simfile.dat', 'lambda_1.0000/simfile.dat']
#Overlap matrix
0.9503 0.0477 0.0017 0.0002 0.0001 0.0000 0.0000 0.0000 0.0000 0.0000 0.0000
0.0477 0.7403 0.1729 0.0243 0.0067 0.0037 0.0023 0.0012 0.0005 0.0002 0.0000
0.0017 0.1729 0.5441 0.1814 0.0495 0.0251 0.0146 0.0072 0.0027 0.0007 0.0001
0.0002 0.0243 0.1814 0.4186 0.1960 0.0918 0.0505 0.0248 0.0094 0.0026 0.0004
0.0001 0.0067 0.0495 0.1960 0.3234 0.2018 0.1191 0.0650 0.0281 0.0087 0.0016
0.0000 0.0037 0.0251 0.0918 0.2018 0.2573 0.1955 0.1266 0.0666 0.0255 0.0060
0.0000 0.0023 0.0146 0.0505 0.1191 0.1955 0.2215 0.1882 0.1270 0.0624 0.0188
0.0000 0.0012 0.0072 0.0248 0.0650 0.1266 0.1882 0.2163 0.1928 0.1260 0.0519
0.0000 0.0005 0.0027 0.0094 0.0281 0.0666 0.1270 0.1928 0.2330 0.2120 0.1279
0.0000 0.0002 0.0007 0.0026 0.0087 0.0255 0.0624 0.1260 0.2120 0.2839 0.2780
0.0000 0.0000 0.0001 0.0004 0.0016 0.0060 0.0188 0.0519 0.1279 0.2780 0.5152
#DG from neighbouring lambda in kcal/mol
0.0000 0.1000 -13.6576 0.0649
0.1000 0.2000 -4.4306 0.0254
0.2000 0.3000 -1.9722 0.0185
0.3000 0.4000 -0.7008 0.0123
0.4000 0.5000 0.5842 0.0082
0.5000 0.6000 1.6989 0.0060
0.6000 0.7000 2.7567 0.0055
0.7000 0.8000 3.8119 0.0058
0.8000 0.9000 4.8486 0.0069
0.9000 1.0000 5.7915 0.0096
#PMF from MBAR in kcal/mol
0.0000 0.0000 0.0000
0.1000 -13.6576 0.0649
0.2000 -18.0882 0.0724
0.3000 -20.0604 0.0760
0.4000 -20.7613 0.0776
0.5000 -20.1770 0.0783
0.6000 -18.4782 0.0788
0.7000 -15.7215 0.0795
0.8000 -11.9095 0.0802
0.9000 -7.0610 0.0811
1.0000 -1.2695 0.0825
#TI average gradients and standard deviation in kcal/mol
0.0000 -232.6545 28.3430
0.1000 -71.6623 17.1198
0.2000 -27.8585 13.9487
0.3000 -13.4745 12.0497
0.4000 0.2275 7.6513
0.5000 11.5606 6.1790
0.6000 22.9104 4.1570
0.7000 32.3679 4.2491
0.8000 43.4438 4.4804
0.9000 53.0879 5.3677
1.0000 64.5760 6.6119
#PMF from TI in kcal/mol
0.0000 0.0000
0.1000 -15.2158
0.2000 -20.1919
0.3000 -22.2585
0.4000 -22.9209
0.5000 -22.3315
0.6000 -20.6079
0.7000 -17.8440
0.8000 -14.0534
0.9000 -9.2268
1.0000 -3.3437
#MBAR free energy difference in kcal/mol: 
-1.269458, 0.082478 
#TI free energy difference in kcal/mol: 
-3.343651  
Starting /export/users/common/BioSimSpace/sire.app/bin/analyse_freenrg: number of threads equals 32
