# Analysing data contained in file(s) ['lambda_0.0000/simfile.dat', 'lambda_0.1000/simfile.dat', 'lambda_0.2000/simfile.dat', 'lambda_0.3000/simfile.dat', 'lambda_0.4000/simfile.dat', 'lambda_0.5000/simfile.dat', 'lambda_0.6000/simfile.dat', 'lambda_0.7000/simfile.dat', 'lambda_0.8000/simfile.dat', 'lambda_0.9000/simfile.dat', 'lambda_1.0000/simfile.dat']
#Overlap matrix
0.8808 0.1170 0.0022 0.0000 0.0000 0.0000 0.0000 0.0000 0.0000 0.0000 0.0000
0.1170 0.7014 0.1774 0.0041 0.0000 0.0000 0.0000 0.0000 0.0000 0.0000 0.0000
0.0022 0.1774 0.6463 0.1688 0.0053 0.0000 0.0000 0.0000 0.0000 0.0000 0.0000
0.0000 0.0041 0.1688 0.6376 0.1821 0.0074 0.0000 0.0000 0.0000 0.0000 0.0000
0.0000 0.0000 0.0053 0.1821 0.6012 0.2030 0.0084 0.0001 0.0000 0.0000 0.0000
0.0000 0.0000 0.0000 0.0074 0.2030 0.5877 0.1928 0.0090 0.0001 0.0000 0.0000
0.0000 0.0000 0.0000 0.0000 0.0084 0.1928 0.5795 0.2068 0.0124 0.0001 0.0000
0.0000 0.0000 0.0000 0.0000 0.0001 0.0090 0.2068 0.5698 0.2048 0.0095 0.0000
0.0000 0.0000 0.0000 0.0000 0.0000 0.0001 0.0124 0.2048 0.5714 0.2056 0.0058
0.0000 0.0000 0.0000 0.0000 0.0000 0.0000 0.0001 0.0095 0.2056 0.6075 0.1774
0.0000 0.0000 0.0000 0.0000 0.0000 0.0000 0.0000 0.0000 0.0058 0.1774 0.8168
#DG from neighbouring lambda in kcal/mol
0.0000 0.1000 -1.6324 0.1234
0.1000 0.2000 -0.1965 0.0907
0.2000 0.3000 0.0111 0.0929
0.3000 0.4000 -0.2054 0.0866
0.4000 0.5000 -0.4546 0.0785
0.5000 0.6000 -0.7786 0.0813
0.6000 0.7000 -1.1331 0.0756
0.7000 0.8000 -1.2523 0.0761
0.8000 0.9000 -1.1903 0.0778
0.9000 1.0000 -0.6153 0.0909
#PMF from MBAR in kcal/mol
0.0000 0.0000 0.0000
0.1000 -1.6324 0.1234
0.2000 -1.8289 0.1666
0.3000 -1.8178 0.2014
0.4000 -2.0232 0.2282
0.5000 -2.4779 0.2494
0.6000 -3.2564 0.2697
0.7000 -4.3895 0.2870
0.8000 -5.6419 0.3030
0.9000 -6.8322 0.3190
1.0000 -7.4475 0.3378
#TI average gradients and standard deviation in kcal/mol
0.0000 -29.9887 19.3826
0.1000 -7.4299 14.5001
0.2000 -0.6229 14.5509
0.3000 -0.3529 13.1449
0.4000 -2.5775 13.1524
0.5000 -4.0556 12.1584
0.6000 -8.5419 11.5924
0.7000 -10.6491 12.0915
0.8000 -12.3679 12.8549
0.9000 -9.3067 12.6026
1.0000 -498565.7780 8322730.9289
#PMF from TI in kcal/mol
0.0000 0.0000
0.1000 -1.8709
0.2000 -2.2736
0.3000 -2.3224
0.4000 -2.4689
0.5000 -2.8005
0.6000 -3.4304
0.7000 -4.3900
0.8000 -5.5408
0.9000 -6.6245
1.0000 -24935.3788
#MBAR free energy difference in kcal/mol: 
-7.447478, 0.337797 
#TI free energy difference in kcal/mol: 
-24935.378774  
Starting /export/users/common/BioSimSpace/sire.app/bin/analyse_freenrg: number of threads equals 32
