# Analysing data contained in file(s) ['lambda_0.0000/simfile.dat', 'lambda_0.1000/simfile.dat', 'lambda_0.2000/simfile.dat', 'lambda_0.3000/simfile.dat', 'lambda_0.4000/simfile.dat', 'lambda_0.5000/simfile.dat', 'lambda_0.6000/simfile.dat', 'lambda_0.7000/simfile.dat', 'lambda_0.8000/simfile.dat', 'lambda_0.9000/simfile.dat', 'lambda_1.0000/simfile.dat']
#Overlap matrix
0.8285 0.1636 0.0077 0.0001 0.0000 0.0000 0.0000 0.0000 0.0000 0.0000 0.0000
0.1636 0.5872 0.2292 0.0200 0.0000 0.0000 0.0000 0.0000 0.0000 0.0000 0.0000
0.0077 0.2292 0.4957 0.2657 0.0016 0.0000 0.0000 0.0000 0.0000 0.0000 0.0000
0.0001 0.0200 0.2657 0.6682 0.0387 0.0073 0.0000 0.0000 0.0000 0.0000 0.0000
0.0000 0.0000 0.0016 0.0387 0.7483 0.2093 0.0020 0.0001 0.0000 0.0000 0.0000
0.0000 0.0000 0.0000 0.0073 0.2093 0.6722 0.0987 0.0125 0.0000 0.0000 0.0000
0.0000 0.0000 0.0000 0.0000 0.0020 0.0987 0.8217 0.0754 0.0021 0.0001 0.0000
0.0000 0.0000 0.0000 0.0000 0.0001 0.0125 0.0754 0.6066 0.2688 0.0366 0.0000
0.0000 0.0000 0.0000 0.0000 0.0000 0.0000 0.0021 0.2688 0.5108 0.2181 0.0002
0.0000 0.0000 0.0000 0.0000 0.0000 0.0000 0.0001 0.0366 0.2181 0.7233 0.0219
0.0000 0.0000 0.0000 0.0000 0.0000 0.0000 0.0000 0.0000 0.0002 0.0219 0.9779
#DG from neighbouring lambda in kcal/mol
0.0000 0.1000 13.6103 0.2921
0.1000 0.2000 12.4562 0.2063
0.2000 0.3000 11.1228 0.1824
0.3000 0.4000 7.9556 0.6511
0.4000 0.5000 6.6453 0.2402
0.5000 0.6000 3.6360 0.3933
0.6000 0.7000 2.9563 0.4538
0.7000 0.8000 -0.0017 0.1705
0.8000 0.9000 -0.9980 0.2102
0.9000 1.0000 -4.6065 0.9802
#PMF from MBAR in kcal/mol
0.0000 0.0000 0.0000
0.1000 13.6103 0.2921
0.2000 26.0665 0.4054
0.3000 37.1893 0.4799
0.4000 45.1449 0.8327
0.5000 51.7901 0.8743
0.6000 55.4261 0.9798
0.7000 58.3824 1.0747
0.8000 58.3807 1.1069
0.9000 57.3827 1.1371
1.0000 52.7762 1.5155
#TI average gradients and standard deviation in kcal/mol
0.0000 135.8319 12.6393
0.1000 134.0816 12.6725
0.2000 120.3285 11.4744
0.3000 100.1131 14.2592
0.4000 58.9027 23.0839
0.5000 56.0832 11.3955
0.6000 38.3786 15.2917
0.7000 7.8996 13.3705
0.8000 -7.0140 11.4049
0.9000 -18.1043 18.5510
1.0000 -71.0893 10.8885
#PMF from TI in kcal/mol
0.0000 0.0000
0.1000 13.4957
0.2000 26.2162
0.3000 37.2383
0.4000 45.1890
0.5000 50.9383
0.6000 55.6614
0.7000 57.9753
0.8000 58.0196
0.9000 56.7637
1.0000 52.3040
#MBAR free energy difference in kcal/mol: 
52.776161, 1.515517  #WARNING SUBSAMPLING ENERGIES RESULTED IN LESS THAN 50 SAMPLES, CONSIDER RERUN WITHOUT SUBSAMPLE OPTION
#TI free energy difference in kcal/mol: 
52.304020  
Starting /export/users/common/BioSimSpace/sire.app/bin/analyse_freenrg: number of threads equals 32
