# Analysing data contained in file(s) ['lambda_0.0000/simfile.dat', 'lambda_0.1000/simfile.dat', 'lambda_0.2000/simfile.dat', 'lambda_0.3000/simfile.dat', 'lambda_0.4000/simfile.dat', 'lambda_0.5000/simfile.dat', 'lambda_0.6000/simfile.dat', 'lambda_0.7000/simfile.dat', 'lambda_0.8000/simfile.dat', 'lambda_0.9000/simfile.dat', 'lambda_1.0000/simfile.dat']
#Overlap matrix
0.9196 0.0803 0.0002 0.0000 0.0000 0.0000 0.0000 0.0000 0.0000 0.0000 0.0000
0.0803 0.8021 0.1169 0.0007 0.0000 0.0000 0.0000 0.0000 0.0000 0.0000 0.0000
0.0002 0.1169 0.7413 0.1406 0.0010 0.0000 0.0000 0.0000 0.0000 0.0000 0.0000
0.0000 0.0007 0.1406 0.7109 0.1466 0.0011 0.0000 0.0000 0.0000 0.0000 0.0000
0.0000 0.0000 0.0010 0.1466 0.7076 0.1437 0.0010 0.0000 0.0000 0.0000 0.0000
0.0000 0.0000 0.0000 0.0011 0.1437 0.7072 0.1470 0.0010 0.0000 0.0000 0.0000
0.0000 0.0000 0.0000 0.0000 0.0010 0.1470 0.7108 0.1404 0.0008 0.0000 0.0000
0.0000 0.0000 0.0000 0.0000 0.0000 0.0010 0.1404 0.7175 0.1404 0.0007 0.0000
0.0000 0.0000 0.0000 0.0000 0.0000 0.0000 0.0008 0.1404 0.7254 0.1327 0.0006
0.0000 0.0000 0.0000 0.0000 0.0000 0.0000 0.0000 0.0007 0.1327 0.7327 0.1338
0.0000 0.0000 0.0000 0.0000 0.0000 0.0000 0.0000 0.0000 0.0006 0.1338 0.8655
#DG from neighbouring lambda in kcal/mol
0.0000 0.1000 -0.9356 0.0377
0.1000 0.2000 0.5100 0.0298
0.2000 0.3000 1.2706 0.0262
0.3000 0.4000 1.5555 0.0254
0.4000 0.5000 1.6844 0.0257
0.5000 0.6000 1.7670 0.0254
0.6000 0.7000 1.8865 0.0262
0.7000 0.8000 2.0039 0.0262
0.8000 0.9000 2.1182 0.0273
0.9000 1.0000 2.2791 0.0272
#PMF from MBAR in kcal/mol
0.0000 0.0000 0.0000
0.1000 -0.9356 0.0377
0.2000 -0.4257 0.0508
0.3000 0.8449 0.0594
0.4000 2.4005 0.0666
0.5000 4.0849 0.0732
0.6000 5.8519 0.0791
0.7000 7.7384 0.0849
0.8000 9.7424 0.0903
0.9000 11.8606 0.0957
1.0000 14.1397 0.1008
#TI average gradients and standard deviation in kcal/mol
0.0000 -20.3789 21.6038
0.1000 -0.5246 17.8052
0.2000 10.1840 16.1290
0.3000 14.8686 15.4657
0.4000 16.4669 15.2453
0.5000 17.2936 15.3634
0.6000 18.5482 15.6069
0.7000 19.4039 15.7910
0.8000 20.9207 16.0556
0.9000 21.5693 15.9928
1.0000 24.9079 16.3395
#PMF from TI in kcal/mol
0.0000 0.0000
0.1000 -1.0452
0.2000 -0.5622
0.3000 0.6904
0.4000 2.2572
0.5000 3.9452
0.6000 5.7373
0.7000 7.6349
0.8000 9.6511
0.9000 11.7756
1.0000 14.0995
#MBAR free energy difference in kcal/mol: 
14.139726, 0.100821 
#TI free energy difference in kcal/mol: 
14.099504  
Starting /export/users/common/BioSimSpace/sire.app/bin/analyse_freenrg: number of threads equals 32
