# Analysing data contained in file(s) ['lambda_0.0000/simfile.dat', 'lambda_0.1000/simfile.dat', 'lambda_0.2000/simfile.dat', 'lambda_0.3000/simfile.dat', 'lambda_0.4000/simfile.dat', 'lambda_0.5000/simfile.dat', 'lambda_0.6000/simfile.dat', 'lambda_0.7000/simfile.dat', 'lambda_0.8000/simfile.dat', 'lambda_0.9000/simfile.dat', 'lambda_1.0000/simfile.dat']
#Overlap matrix
1.0000 0.0000 0.0000 0.0000 0.0000 0.0000 0.0000 0.0000 0.0000 0.0000 0.0000
0.0000 0.9682 0.0318 0.0000 0.0000 0.0000 0.0000 0.0000 0.0000 0.0000 0.0000
0.0000 0.0318 0.8630 0.1047 0.0004 0.0000 0.0000 0.0000 0.0000 0.0000 0.0000
0.0000 0.0000 0.1047 0.7508 0.1438 0.0007 0.0000 0.0000 0.0000 0.0000 0.0000
0.0000 0.0000 0.0004 0.1438 0.7380 0.1178 0.0000 0.0000 0.0000 0.0000 0.0000
0.0000 0.0000 0.0000 0.0007 0.1178 0.8025 0.0789 0.0001 0.0000 0.0000 0.0000
0.0000 0.0000 0.0000 0.0000 0.0000 0.0789 0.8040 0.1169 0.0002 0.0000 0.0000
0.0000 0.0000 0.0000 0.0000 0.0000 0.0001 0.1169 0.7960 0.0870 0.0000 0.0000
0.0000 0.0000 0.0000 0.0000 0.0000 0.0000 0.0002 0.0870 0.8954 0.0175 0.0000
0.0000 0.0000 0.0000 0.0000 0.0000 0.0000 0.0000 0.0000 0.0175 0.9825 0.0000
0.0000 0.0000 0.0000 0.0000 0.0000 0.0000 0.0000 0.0000 0.0000 0.0000 1.0000
#DG from neighbouring lambda in kcal/mol
0.0000 0.1000 44.5714 0.1680
0.1000 0.2000 14.1542 0.1440
0.2000 0.3000 9.5868 0.0728
0.3000 0.4000 7.3537 0.0588
0.4000 0.5000 5.4166 0.0674
0.5000 0.6000 1.7800 0.0867
0.6000 0.7000 -1.1272 0.0679
0.7000 0.8000 -3.7587 0.0817
0.8000 0.9000 -9.3569 0.1973
0.9000 1.0000 -142.1324 0.2094
#PMF from MBAR in kcal/mol
0.0000 0.0000 0.0000
0.1000 44.5714 0.1680
0.2000 58.7257 0.1048
0.3000 68.3125 0.0854
0.4000 75.6662 0.0754
0.5000 81.0828 0.0708
0.6000 82.8628 0.0775
0.7000 81.7357 0.0895
0.8000 77.9770 0.1117
0.9000 68.6200 0.2094
1.0000 -73.5123 0.0000
#TI average gradients and standard deviation in kcal/mol
0.0000 12508.9090 1653.5729
0.1000 184.6003 23.1518
0.2000 116.0709 14.8592
0.3000 87.7147 18.0281
0.4000 62.8493 11.2457
0.5000 41.3505 17.5449
0.6000 0.4119 19.2026
0.7000 -20.1871 17.0001
0.8000 -64.6467 21.2971
0.9000 -148.3858 36.2410
1.0000 -8211.1835 516.5340
#PMF from TI in kcal/mol
0.0000 0.0000
0.1000 634.6755
0.2000 649.7090
0.3000 659.8983
0.4000 667.4265
0.5000 672.6365
0.6000 674.7246
0.7000 673.7359
0.8000 669.4942
0.9000 658.8425
1.0000 240.8641
#MBAR free energy difference in kcal/mol: 
-73.512347, 0.000000 
#TI free energy difference in kcal/mol: 
240.864080  #WARNING SUBSAMPLING GRADIENTS RESULTED IN LESS THAN 50 SAMPLES, CONSIDER RERUN WITHOUT SUBSAMPLE OPTION 
Starting /export/users/common/BioSimSpace/sire.app/bin/analyse_freenrg: number of threads equals 32
