# Analysing data contained in file(s) ['lambda_0.0000/simfile.dat', 'lambda_0.1000/simfile.dat', 'lambda_0.2000/simfile.dat', 'lambda_0.3000/simfile.dat', 'lambda_0.4000/simfile.dat', 'lambda_0.5000/simfile.dat', 'lambda_0.6000/simfile.dat', 'lambda_0.7000/simfile.dat', 'lambda_0.8000/simfile.dat', 'lambda_0.9000/simfile.dat', 'lambda_1.0000/simfile.dat']
#Overlap matrix
1.0000 0.0000 0.0000 0.0000 0.0000 0.0000 0.0000 0.0000 0.0000 0.0000 0.0000
0.0000 0.9916 0.0084 0.0000 0.0000 0.0000 0.0000 0.0000 0.0000 0.0000 0.0000
0.0000 0.0084 0.9566 0.0350 0.0000 0.0000 0.0000 0.0000 0.0000 0.0000 0.0000
0.0000 0.0000 0.0350 0.9090 0.0560 0.0000 0.0000 0.0000 0.0000 0.0000 0.0000
0.0000 0.0000 0.0000 0.0560 0.8796 0.0644 0.0000 0.0000 0.0000 0.0000 0.0000
0.0000 0.0000 0.0000 0.0000 0.0644 0.8682 0.0675 0.0000 0.0000 0.0000 0.0000
0.0000 0.0000 0.0000 0.0000 0.0000 0.0675 0.8642 0.0683 0.0000 0.0000 0.0000
0.0000 0.0000 0.0000 0.0000 0.0000 0.0000 0.0683 0.8553 0.0764 0.0000 0.0000
0.0000 0.0000 0.0000 0.0000 0.0000 0.0000 0.0000 0.0764 0.8695 0.0541 0.0000
0.0000 0.0000 0.0000 0.0000 0.0000 0.0000 0.0000 0.0000 0.0541 0.9452 0.0007
0.0000 0.0000 0.0000 0.0000 0.0000 0.0000 0.0000 0.0000 0.0000 0.0007 0.9993
#DG from neighbouring lambda in kcal/mol
0.0000 0.1000 156.5987 0.1834
0.1000 0.2000 -12.3066 0.1614
0.2000 0.3000 -33.2574 0.0767
0.3000 0.4000 -51.4124 0.0592
0.4000 0.5000 -68.9823 0.0547
0.5000 0.6000 -86.5226 0.0533
0.6000 0.7000 -104.5714 0.0529
0.7000 0.8000 -122.3773 0.0495
0.8000 0.9000 -138.4793 0.0604
0.9000 1.0000 -156.0280 0.5824
#PMF from MBAR in kcal/mol
0.0000 0.0000 0.0000
0.1000 156.5987 0.1834
0.2000 144.2922 0.1116
0.3000 111.0347 0.0930
0.4000 59.6224 0.0841
0.5000 -9.3599 0.0799
0.6000 -95.8825 0.0799
0.7000 -200.4540 0.0839
0.8000 -322.8312 0.0905
0.9000 -461.3105 0.1032
1.0000 -617.3385 0.5313
#TI average gradients and standard deviation in kcal/mol
0.0000 2034.9764 92.5575
0.1000 4.9230 38.5497
0.2000 -237.0595 24.4886
0.3000 -425.1128 22.6613
0.4000 -603.1731 22.8662
0.5000 -777.0615 21.0415
0.6000 -954.3969 19.0495
0.7000 -1137.1504 19.7128
0.8000 -1308.1795 19.7292
0.9000 -1455.4603 29.1476
1.0000 -1722.8484 57.6116
#PMF from TI in kcal/mol
0.0000 0.0000
0.1000 101.9950
0.2000 90.3881
0.3000 57.2795
0.4000 5.8652
0.5000 -63.1465
0.6000 -149.7194
0.7000 -254.2968
0.8000 -376.5633
0.9000 -514.7453
1.0000 -673.6607
#MBAR free energy difference in kcal/mol: 
-617.338457, 0.531326 
#TI free energy difference in kcal/mol: 
-673.660706  
Starting /export/users/common/BioSimSpace/sire.app/bin/analyse_freenrg: number of threads equals 32
