# Analysing data contained in file(s) ['lambda_0.0000/simfile.dat', 'lambda_0.1000/simfile.dat', 'lambda_0.2000/simfile.dat', 'lambda_0.3000/simfile.dat', 'lambda_0.4000/simfile.dat', 'lambda_0.5000/simfile.dat', 'lambda_0.6000/simfile.dat', 'lambda_0.7000/simfile.dat', 'lambda_0.8000/simfile.dat', 'lambda_0.9000/simfile.dat', 'lambda_1.0000/simfile.dat']
#Overlap matrix
0.8035 0.1880 0.0083 0.0001 0.0000 0.0000 0.0000 0.0000 0.0000 0.0000 0.0000
0.1880 0.5979 0.2018 0.0121 0.0001 0.0000 0.0000 0.0000 0.0000 0.0000 0.0000
0.0083 0.2018 0.5626 0.2137 0.0134 0.0002 0.0000 0.0000 0.0000 0.0000 0.0000
0.0001 0.0121 0.2137 0.5462 0.2132 0.0146 0.0002 0.0000 0.0000 0.0000 0.0000
0.0000 0.0001 0.0134 0.2132 0.5453 0.2150 0.0128 0.0001 0.0000 0.0000 0.0000
0.0000 0.0000 0.0002 0.0146 0.2150 0.5489 0.2085 0.0127 0.0001 0.0000 0.0000
0.0000 0.0000 0.0000 0.0002 0.0128 0.2085 0.5507 0.2148 0.0130 0.0001 0.0000
0.0000 0.0000 0.0000 0.0000 0.0001 0.0127 0.2148 0.5519 0.2096 0.0108 0.0001
0.0000 0.0000 0.0000 0.0000 0.0000 0.0001 0.0130 0.2096 0.5568 0.2094 0.0111
0.0000 0.0000 0.0000 0.0000 0.0000 0.0000 0.0001 0.0108 0.2094 0.5599 0.2198
0.0000 0.0000 0.0000 0.0000 0.0000 0.0000 0.0000 0.0001 0.0111 0.2198 0.7691
#DG from neighbouring lambda in kcal/mol
0.0000 0.1000 -2.2039 0.0249
0.1000 0.2000 -1.0495 0.0224
0.2000 0.3000 -0.5460 0.0210
0.3000 0.4000 -0.2586 0.0208
0.4000 0.5000 0.0169 0.0207
0.5000 0.6000 0.2114 0.0214
0.6000 0.7000 0.4627 0.0209
0.7000 0.8000 0.7287 0.0215
0.8000 0.9000 0.8980 0.0216
0.9000 1.0000 1.1202 0.0216
#PMF from MBAR in kcal/mol
0.0000 0.0000 0.0000
0.1000 -2.2039 0.0249
0.2000 -3.2533 0.0380
0.3000 -3.7994 0.0468
0.4000 -4.0579 0.0542
0.5000 -4.0411 0.0606
0.6000 -3.8297 0.0666
0.7000 -3.3670 0.0720
0.8000 -2.6382 0.0772
0.9000 -1.7403 0.0821
1.0000 -0.6201 0.0868
#TI average gradients and standard deviation in kcal/mol
0.0000 -32.8313 14.4083
0.1000 -14.3301 12.0873
0.2000 -7.7230 11.7911
0.3000 -3.9110 11.4651
0.4000 -1.3644 11.5569
0.5000 1.1671 11.8148
0.6000 2.7190 11.6771
0.7000 5.7185 11.4312
0.8000 8.1834 11.8177
0.9000 10.0109 11.7613
1.0000 14.4699 12.1362
#PMF from TI in kcal/mol
0.0000 0.0000
0.1000 -2.3581
0.2000 -3.4607
0.3000 -4.0424
0.4000 -4.3062
0.5000 -4.3161
0.6000 -4.1218
0.7000 -3.6999
0.8000 -3.0048
0.9000 -2.0951
1.0000 -0.8710
#MBAR free energy difference in kcal/mol: 
-0.620065, 0.086787 
#TI free energy difference in kcal/mol: 
-0.871033  
Starting /export/users/common/BioSimSpace/sire.app/bin/analyse_freenrg: number of threads equals 32
