# Analysing data contained in file(s) ['lambda_0.0000/simfile.dat', 'lambda_0.1000/simfile.dat', 'lambda_0.2000/simfile.dat', 'lambda_0.3000/simfile.dat', 'lambda_0.4000/simfile.dat', 'lambda_0.5000/simfile.dat', 'lambda_0.6000/simfile.dat', 'lambda_0.7000/simfile.dat', 'lambda_0.8000/simfile.dat', 'lambda_0.9000/simfile.dat', 'lambda_1.0000/simfile.dat']
#Overlap matrix
1.0000 0.0000 0.0000 0.0000 0.0000 0.0000 0.0000 0.0000 0.0000 0.0000 0.0000
0.0000 0.9562 0.0438 0.0000 0.0000 0.0000 0.0000 0.0000 0.0000 0.0000 0.0000
0.0000 0.0438 0.9084 0.0477 0.0001 0.0000 0.0000 0.0000 0.0000 0.0000 0.0000
0.0000 0.0000 0.0477 0.8155 0.1348 0.0020 0.0000 0.0000 0.0000 0.0000 0.0000
0.0000 0.0000 0.0001 0.1348 0.7370 0.1270 0.0011 0.0000 0.0000 0.0000 0.0000
0.0000 0.0000 0.0000 0.0020 0.1270 0.7288 0.1420 0.0002 0.0000 0.0000 0.0000
0.0000 0.0000 0.0000 0.0000 0.0011 0.1420 0.7770 0.0799 0.0000 0.0000 0.0000
0.0000 0.0000 0.0000 0.0000 0.0000 0.0002 0.0799 0.8522 0.0677 0.0000 0.0000
0.0000 0.0000 0.0000 0.0000 0.0000 0.0000 0.0000 0.0677 0.9093 0.0230 0.0000
0.0000 0.0000 0.0000 0.0000 0.0000 0.0000 0.0000 0.0000 0.0230 0.9770 0.0000
0.0000 0.0000 0.0000 0.0000 0.0000 0.0000 0.0000 0.0000 0.0000 0.0000 1.0000
#DG from neighbouring lambda in kcal/mol
0.0000 0.1000 18.8783 86.1231
0.1000 0.2000 4.6310 0.7027
0.2000 0.3000 -2.2201 0.6696
0.3000 0.4000 -4.8424 0.3545
0.4000 0.5000 -5.6232 0.3672
0.5000 0.6000 -6.5868 0.3437
0.6000 0.7000 -8.1180 0.4984
0.7000 0.8000 -12.0279 0.5501
0.8000 0.9000 -18.4284 0.9908
0.9000 1.0000 -45.2548 8.6920
#PMF from MBAR in kcal/mol
0.0000 0.0000 0.0000
0.1000 18.8783 86.1231
0.2000 23.5092 86.1263
0.3000 21.2892 86.1292
0.4000 16.4467 86.1302
0.5000 10.8235 86.1312
0.6000 4.2367 86.1321
0.7000 -3.8814 86.1338
0.8000 -15.9093 86.1359
0.9000 -34.3377 86.1419
1.0000 -79.5925 77.5159
#TI average gradients and standard deviation in kcal/mol
0.0000 1385.5454 525.8997
0.1000 79.6239 26.8644
0.2000 14.7386 27.2861
0.3000 -31.2243 16.5849
0.4000 -52.3985 14.6960
0.5000 -52.8057 10.3780
0.6000 -88.0775 16.9190
0.7000 -103.4927 18.6618
0.8000 -144.0326 34.7091
0.9000 -234.5480 26.6602
1.0000 -4011.2673 921.1562
#PMF from TI in kcal/mol
0.0000 0.0000
0.1000 73.2585
0.2000 77.9766
0.3000 77.1523
0.4000 72.9712
0.5000 67.7110
0.6000 60.6668
0.7000 51.0883
0.8000 38.7120
0.9000 19.7830
1.0000 -192.5078
#MBAR free energy difference in kcal/mol: 
-79.592483, 77.515917  #WARNING SUBSAMPLING ENERGIES RESULTED IN LESS THAN 50 SAMPLES, CONSIDER RERUN WITHOUT SUBSAMPLE OPTION
#TI free energy difference in kcal/mol: 
-192.507779  #WARNING SUBSAMPLING GRADIENTS RESULTED IN LESS THAN 50 SAMPLES, CONSIDER RERUN WITHOUT SUBSAMPLE OPTION 
Starting /export/users/common/BioSimSpace/sire.app/bin/analyse_freenrg: number of threads equals 32
