# Analysing data contained in file(s) ['lambda_0.0000/simfile.dat', 'lambda_0.1000/simfile.dat', 'lambda_0.2000/simfile.dat', 'lambda_0.3000/simfile.dat', 'lambda_0.4000/simfile.dat', 'lambda_0.5000/simfile.dat', 'lambda_0.6000/simfile.dat', 'lambda_0.7000/simfile.dat', 'lambda_0.8000/simfile.dat', 'lambda_0.9000/simfile.dat', 'lambda_1.0000/simfile.dat']
#Overlap matrix
0.7808 0.2083 0.0102 0.0007 0.0001 0.0000 0.0000 0.0000 0.0000 0.0000 0.0000
0.2083 0.6483 0.1180 0.0189 0.0049 0.0013 0.0003 0.0000 0.0000 0.0000 0.0000
0.0102 0.1180 0.4903 0.2493 0.0926 0.0299 0.0079 0.0016 0.0002 0.0000 0.0000
0.0007 0.0189 0.2493 0.3557 0.2272 0.1010 0.0355 0.0094 0.0019 0.0003 0.0000
0.0001 0.0049 0.0926 0.2272 0.3027 0.2170 0.1043 0.0376 0.0108 0.0023 0.0004
0.0000 0.0013 0.0299 0.1010 0.2170 0.2805 0.2085 0.1051 0.0419 0.0124 0.0026
0.0000 0.0003 0.0079 0.0355 0.1043 0.2085 0.2646 0.2048 0.1140 0.0465 0.0135
0.0000 0.0000 0.0016 0.0094 0.0376 0.1051 0.2048 0.2615 0.2099 0.1198 0.0503
0.0000 0.0000 0.0002 0.0019 0.0108 0.0419 0.1140 0.2099 0.2582 0.2218 0.1411
0.0000 0.0000 0.0000 0.0003 0.0023 0.0124 0.0465 0.1198 0.2218 0.2978 0.2990
0.0000 0.0000 0.0000 0.0000 0.0004 0.0026 0.0135 0.0503 0.1411 0.2990 0.4931
#DG from neighbouring lambda in kcal/mol
0.0000 0.1000 1.2316 0.0338
0.1000 0.2000 2.6106 0.0450
0.2000 0.3000 2.3487 0.0180
0.3000 0.4000 1.7919 0.0138
0.4000 0.5000 0.9572 0.0122
0.5000 0.6000 0.1233 0.0117
0.6000 0.7000 -0.7002 0.0111
0.7000 0.8000 -1.4699 0.0102
0.8000 0.9000 -2.2600 0.0103
0.9000 1.0000 -3.0557 0.0115
#PMF from MBAR in kcal/mol
0.0000 0.0000 0.0000
0.1000 1.2316 0.0338
0.2000 3.8421 0.0614
0.3000 6.1908 0.0679
0.4000 7.9827 0.0711
0.5000 8.9399 0.0737
0.6000 9.0631 0.0762
0.7000 8.3629 0.0785
0.8000 6.8930 0.0805
0.9000 4.6330 0.0825
1.0000 1.5774 0.0848
#TI average gradients and standard deviation in kcal/mol
0.0000 -20.9175 17.7039
0.1000 32.5927 9.1619
0.2000 23.2323 10.1452
0.3000 21.9494 7.3805
0.4000 13.8978 6.3906
0.5000 5.7660 6.0867
0.6000 -2.8860 5.7338
0.7000 -10.8905 5.3940
0.8000 -18.4894 5.2735
0.9000 -26.9115 4.9779
1.0000 -32.3206 5.8142
#PMF from TI in kcal/mol
0.0000 0.0000
0.1000 0.5838
0.2000 3.3750
0.3000 5.6341
0.4000 7.4264
0.5000 8.4096
0.6000 8.5536
0.7000 7.8648
0.8000 6.3958
0.9000 4.1258
1.0000 1.1642
#MBAR free energy difference in kcal/mol: 
1.577382, 0.084770 
#TI free energy difference in kcal/mol: 
1.164169  
Starting /export/users/common/BioSimSpace/sire.app/bin/analyse_freenrg: number of threads equals 32
