# Analysing data contained in file(s) ['lambda_0.0000/simfile.dat', 'lambda_0.1000/simfile.dat', 'lambda_0.2000/simfile.dat', 'lambda_0.3000/simfile.dat', 'lambda_0.4000/simfile.dat', 'lambda_0.5000/simfile.dat', 'lambda_0.6000/simfile.dat', 'lambda_0.7000/simfile.dat', 'lambda_0.8000/simfile.dat', 'lambda_0.9000/simfile.dat', 'lambda_1.0000/simfile.dat']
#Overlap matrix
1.0000 0.0000 0.0000 0.0000 0.0000 0.0000 0.0000 0.0000 0.0000 0.0000 0.0000
0.0000 0.9929 0.0071 0.0000 0.0000 0.0000 0.0000 0.0000 0.0000 0.0000 0.0000
0.0000 0.0071 0.9284 0.0644 0.0001 0.0000 0.0000 0.0000 0.0000 0.0000 0.0000
0.0000 0.0000 0.0644 0.8240 0.1112 0.0004 0.0000 0.0000 0.0000 0.0000 0.0000
0.0000 0.0000 0.0001 0.1112 0.7542 0.1338 0.0008 0.0000 0.0000 0.0000 0.0000
0.0000 0.0000 0.0000 0.0004 0.1338 0.7239 0.1413 0.0006 0.0000 0.0000 0.0000
0.0000 0.0000 0.0000 0.0000 0.0008 0.1413 0.7417 0.1160 0.0002 0.0000 0.0000
0.0000 0.0000 0.0000 0.0000 0.0000 0.0006 0.1160 0.7857 0.0978 0.0000 0.0000
0.0000 0.0000 0.0000 0.0000 0.0000 0.0000 0.0002 0.0978 0.8802 0.0219 0.0000
0.0000 0.0000 0.0000 0.0000 0.0000 0.0000 0.0000 0.0000 0.0219 0.9781 0.0000
0.0000 0.0000 0.0000 0.0000 0.0000 0.0000 0.0000 0.0000 0.0000 0.0000 1.0000
#DG from neighbouring lambda in kcal/mol
0.0000 0.1000 37.6555 0.2144
0.1000 0.2000 8.8289 0.2221
0.2000 0.3000 2.6203 0.0692
0.3000 0.4000 -0.5646 0.0497
0.4000 0.5000 -3.0631 0.0438
0.5000 0.6000 -5.1199 0.0421
0.6000 0.7000 -7.3506 0.0482
0.7000 0.8000 -10.2316 0.0539
0.8000 0.9000 -15.8815 0.1243
0.9000 1.0000 -94.0103 0.1360
#PMF from MBAR in kcal/mol
0.0000 0.0000 0.0000
0.1000 37.6555 0.2144
0.2000 46.4844 0.0839
0.3000 49.1046 0.0631
0.4000 48.5400 0.0542
0.5000 45.4769 0.0515
0.6000 40.3570 0.0540
0.7000 33.0064 0.0626
0.8000 22.7748 0.0770
0.9000 6.8933 0.1360
1.0000 -87.1170 0.0000
#TI average gradients and standard deviation in kcal/mol
0.0000 1347.8428 63.6240
0.1000 149.2641 43.9620
0.2000 48.5172 24.0729
0.3000 8.2745 18.0032
0.4000 -19.4076 16.5461
0.5000 -41.2499 15.4506
0.6000 -61.1212 15.5610
0.7000 -87.1861 16.8034
0.8000 -122.2068 21.1122
0.9000 -211.4142 33.1972
1.0000 -1961.7124 87.5267
#PMF from TI in kcal/mol
0.0000 0.0000
0.1000 74.8553
0.2000 84.7444
0.3000 87.5840
0.4000 87.0273
0.5000 83.9945
0.6000 78.8759
0.7000 71.4605
0.8000 60.9909
0.9000 44.3099
1.0000 -64.3465
#MBAR free energy difference in kcal/mol: 
-87.116956, 0.000000 
#TI free energy difference in kcal/mol: 
-64.346473  
Starting /export/users/common/BioSimSpace/sire.app/bin/analyse_freenrg: number of threads equals 32
