# Analysing data contained in file(s) ['lambda_0.0000/simfile.dat', 'lambda_0.1000/simfile.dat', 'lambda_0.2000/simfile.dat', 'lambda_0.3000/simfile.dat', 'lambda_0.4000/simfile.dat', 'lambda_0.5000/simfile.dat', 'lambda_0.6000/simfile.dat', 'lambda_0.7000/simfile.dat', 'lambda_0.8000/simfile.dat', 'lambda_0.9000/simfile.dat', 'lambda_1.0000/simfile.dat']
#Overlap matrix
0.8924 0.1076 0.0001 0.0000 0.0000 0.0000 0.0000 0.0000 0.0000 0.0000 0.0000
0.1076 0.6829 0.1963 0.0107 0.0025 0.0001 0.0000 0.0000 0.0000 0.0000 0.0000
0.0001 0.1963 0.6019 0.1956 0.0061 0.0000 0.0000 0.0000 0.0000 0.0000 0.0000
0.0000 0.0107 0.1956 0.7197 0.0740 0.0000 0.0000 0.0000 0.0000 0.0000 0.0000
0.0000 0.0025 0.0061 0.0740 0.8413 0.0725 0.0036 0.0000 0.0000 0.0000 0.0000
0.0000 0.0001 0.0000 0.0000 0.0725 0.8297 0.0967 0.0010 0.0000 0.0000 0.0000
0.0000 0.0000 0.0000 0.0000 0.0036 0.0967 0.8079 0.0900 0.0017 0.0000 0.0000
0.0000 0.0000 0.0000 0.0000 0.0000 0.0010 0.0900 0.7128 0.1833 0.0127 0.0001
0.0000 0.0000 0.0000 0.0000 0.0000 0.0000 0.0017 0.1833 0.6196 0.1905 0.0049
0.0000 0.0000 0.0000 0.0000 0.0000 0.0000 0.0000 0.0127 0.1905 0.7068 0.0899
0.0000 0.0000 0.0000 0.0000 0.0000 0.0000 0.0000 0.0001 0.0049 0.0899 0.9051
#DG from neighbouring lambda in kcal/mol
0.0000 0.1000 5.0126 0.2348
0.1000 0.2000 1.3324 0.1452
0.2000 0.3000 2.1446 0.1426
0.3000 0.4000 6.1548 0.2768
0.4000 0.5000 2.9097 0.2903
0.5000 0.6000 2.8373 0.2443
0.6000 0.7000 0.9660 0.2576
0.7000 0.8000 -1.2801 0.1525
0.8000 0.9000 -1.5901 0.1462
0.9000 1.0000 1.7153 0.2543
#PMF from MBAR in kcal/mol
0.0000 0.0000 0.0000
0.1000 5.0126 0.2348
0.2000 6.3450 0.3022
0.3000 8.4896 0.3498
0.4000 14.6445 0.4528
0.5000 17.5542 0.5514
0.6000 20.3915 0.6097
0.7000 21.3575 0.6720
0.8000 20.0774 0.6989
0.9000 18.4874 0.7214
1.0000 20.2027 0.7723
#TI average gradients and standard deviation in kcal/mol
0.0000 50.6682 16.1572
0.1000 25.8924 26.2684
0.2000 19.4059 15.4722
0.3000 40.2237 12.6374
0.4000 72.6534 33.5777
0.5000 28.9081 11.5361
0.6000 19.7965 17.9854
0.7000 -2.9331 11.6766
0.8000 -12.0107 11.6498
0.9000 -9.1373 11.8239
1.0000 58.2728 18.6244
#PMF from TI in kcal/mol
0.0000 0.0000
0.1000 3.8280
0.2000 6.0929
0.3000 9.0744
0.4000 14.7183
0.5000 19.7963
0.6000 22.2316
0.7000 23.0747
0.8000 22.3276
0.9000 21.2702
1.0000 23.7269
#MBAR free energy difference in kcal/mol: 
20.202718, 0.772339  #WARNING SUBSAMPLING ENERGIES RESULTED IN LESS THAN 50 SAMPLES, CONSIDER RERUN WITHOUT SUBSAMPLE OPTION
#TI free energy difference in kcal/mol: 
23.726933  #WARNING SUBSAMPLING GRADIENTS RESULTED IN LESS THAN 50 SAMPLES, CONSIDER RERUN WITHOUT SUBSAMPLE OPTION 
Starting /export/users/common/BioSimSpace/sire.app/bin/analyse_freenrg: number of threads equals 32
