# Analysing data contained in file(s) ['lambda_0.0000/simfile.dat', 'lambda_0.1000/simfile.dat', 'lambda_0.2000/simfile.dat', 'lambda_0.3000/simfile.dat', 'lambda_0.4000/simfile.dat', 'lambda_0.5000/simfile.dat', 'lambda_0.6000/simfile.dat', 'lambda_0.7000/simfile.dat', 'lambda_0.8000/simfile.dat', 'lambda_0.9000/simfile.dat', 'lambda_1.0000/simfile.dat']
#Overlap matrix
0.6589 0.2774 0.0585 0.0051 0.0002 0.0000 0.0000 0.0000 0.0000 0.0000 0.0000
0.2774 0.4172 0.2451 0.0554 0.0047 0.0001 0.0000 0.0000 0.0000 0.0000 0.0000
0.0585 0.2451 0.3956 0.2420 0.0545 0.0041 0.0001 0.0000 0.0000 0.0000 0.0000
0.0051 0.0554 0.2420 0.4010 0.2426 0.0504 0.0034 0.0001 0.0000 0.0000 0.0000
0.0002 0.0047 0.0545 0.2426 0.4069 0.2423 0.0462 0.0026 0.0000 0.0000 0.0000
0.0000 0.0001 0.0041 0.0504 0.2423 0.4204 0.2392 0.0414 0.0020 0.0000 0.0000
0.0000 0.0000 0.0001 0.0034 0.0462 0.2392 0.4305 0.2417 0.0376 0.0012 0.0000
0.0000 0.0000 0.0000 0.0001 0.0026 0.0414 0.2417 0.4464 0.2386 0.0289 0.0003
0.0000 0.0000 0.0000 0.0000 0.0000 0.0020 0.0376 0.2386 0.4700 0.2392 0.0126
0.0000 0.0000 0.0000 0.0000 0.0000 0.0000 0.0012 0.0289 0.2392 0.5569 0.1738
0.0000 0.0000 0.0000 0.0000 0.0000 0.0000 0.0000 0.0003 0.0126 0.1738 0.8133
#DG from neighbouring lambda in kcal/mol
0.0000 0.1000 1.9610 0.0139
0.1000 0.2000 3.8735 0.0129
0.2000 0.3000 4.5415 0.0131
0.3000 0.4000 4.8763 0.0133
0.4000 0.5000 5.0973 0.0138
0.5000 0.6000 5.2306 0.0145
0.6000 0.7000 5.3399 0.0149
0.7000 0.8000 5.4074 0.0158
0.8000 0.9000 5.3347 0.0173
0.9000 1.0000 4.7604 0.0252
#PMF from MBAR in kcal/mol
0.0000 0.0000 0.0000
0.1000 1.9610 0.0139
0.2000 5.8345 0.0232
0.3000 10.3760 0.0301
0.4000 15.2522 0.0359
0.5000 20.3495 0.0410
0.6000 25.5801 0.0459
0.7000 30.9200 0.0505
0.8000 36.3275 0.0551
0.9000 41.6622 0.0599
1.0000 46.4226 0.0671
#TI average gradients and standard deviation in kcal/mol
0.0000 0.3557 9.3308
0.1000 32.7778 8.7486
0.2000 43.1060 8.2754
0.3000 47.5537 8.3557
0.4000 50.3587 8.7509
0.5000 51.2050 9.1544
0.6000 53.5787 9.2298
0.7000 54.5173 9.4605
0.8000 54.6152 9.7169
0.9000 52.3578 11.0091
1.0000 39.9380 15.8170
#PMF from TI in kcal/mol
0.0000 0.0000
0.1000 1.6567
0.2000 5.4509
0.3000 9.9838
0.4000 14.8795
0.5000 19.9577
0.6000 25.1968
0.7000 30.6016
0.8000 36.0583
0.9000 41.4069
1.0000 46.0217
#MBAR free energy difference in kcal/mol: 
46.422605, 0.067147 
#TI free energy difference in kcal/mol: 
46.021712  
Starting /export/users/common/BioSimSpace/sire.app/bin/analyse_freenrg: number of threads equals 32
