# Analysing data contained in file(s) ['lambda_0.0000/simfile.dat', 'lambda_0.1000/simfile.dat', 'lambda_0.2000/simfile.dat', 'lambda_0.3000/simfile.dat', 'lambda_0.4000/simfile.dat', 'lambda_0.5000/simfile.dat', 'lambda_0.6000/simfile.dat', 'lambda_0.7000/simfile.dat', 'lambda_0.8000/simfile.dat', 'lambda_0.9000/simfile.dat', 'lambda_1.0000/simfile.dat']
#Overlap matrix
0.7788 0.2104 0.0108 0.0001 0.0000 0.0000 0.0000 0.0000 0.0000 0.0000 0.0000
0.2104 0.5639 0.2164 0.0093 0.0001 0.0000 0.0000 0.0000 0.0000 0.0000 0.0000
0.0108 0.2164 0.5673 0.1962 0.0092 0.0002 0.0000 0.0000 0.0000 0.0000 0.0000
0.0001 0.0093 0.1962 0.5693 0.2105 0.0142 0.0004 0.0000 0.0000 0.0000 0.0000
0.0000 0.0001 0.0092 0.2105 0.5812 0.1874 0.0114 0.0003 0.0000 0.0000 0.0000
0.0000 0.0000 0.0002 0.0142 0.1874 0.6366 0.1537 0.0078 0.0001 0.0000 0.0000
0.0000 0.0000 0.0000 0.0004 0.0114 0.1537 0.6493 0.1781 0.0070 0.0001 0.0000
0.0000 0.0000 0.0000 0.0000 0.0003 0.0078 0.1781 0.6118 0.1863 0.0155 0.0002
0.0000 0.0000 0.0000 0.0000 0.0000 0.0001 0.0070 0.1863 0.5746 0.2233 0.0088
0.0000 0.0000 0.0000 0.0000 0.0000 0.0000 0.0001 0.0155 0.2233 0.6023 0.1588
0.0000 0.0000 0.0000 0.0000 0.0000 0.0000 0.0000 0.0002 0.0088 0.1588 0.8322
#DG from neighbouring lambda in kcal/mol
0.0000 0.1000 5.9373 0.0619
0.1000 0.2000 4.8243 0.0582
0.2000 0.3000 3.5046 0.0635
0.3000 0.4000 2.2147 0.0589
0.4000 0.5000 1.8150 0.0641
0.5000 0.6000 1.5290 0.0757
0.6000 0.7000 0.5680 0.0694
0.7000 0.8000 -0.7771 0.0652
0.8000 0.9000 -1.2358 0.0559
0.9000 1.0000 -0.4643 0.0775
#PMF from MBAR in kcal/mol
0.0000 0.0000 0.0000
0.1000 5.9373 0.0619
0.2000 10.7616 0.0981
0.3000 14.2662 0.1270
0.4000 16.4809 0.1486
0.5000 18.2959 0.1683
0.6000 19.8249 0.1901
0.7000 20.3929 0.2080
0.8000 19.6157 0.2237
0.9000 18.3800 0.2351
1.0000 17.9157 0.2524
#TI average gradients and standard deviation in kcal/mol
0.0000 63.3846 12.4357
0.1000 54.9597 10.8788
0.2000 42.5824 11.4855
0.3000 27.2896 12.6729
0.4000 18.3037 11.1780
0.5000 19.1792 13.3910
0.6000 12.0318 14.0444
0.7000 -1.4060 12.3927
0.8000 -12.4323 12.6022
0.9000 -12.6222 12.2847
1.0000 2.3303 15.3567
#PMF from TI in kcal/mol
0.0000 0.0000
0.1000 5.9172
0.2000 10.7943
0.3000 14.2879
0.4000 16.5676
0.5000 18.4417
0.6000 20.0023
0.7000 20.5336
0.8000 19.8416
0.9000 18.5889
1.0000 18.0743
#MBAR free energy difference in kcal/mol: 
17.915670, 0.252363 
#TI free energy difference in kcal/mol: 
18.074322  
Starting /export/users/common/BioSimSpace/sire.app/bin/analyse_freenrg: number of threads equals 32
