# Analysing data contained in file(s) ['lambda_0.0000/simfile.dat', 'lambda_0.1000/simfile.dat', 'lambda_0.2000/simfile.dat', 'lambda_0.3000/simfile.dat', 'lambda_0.4000/simfile.dat', 'lambda_0.5000/simfile.dat', 'lambda_0.6000/simfile.dat', 'lambda_0.7000/simfile.dat', 'lambda_0.8000/simfile.dat', 'lambda_0.9000/simfile.dat', 'lambda_1.0000/simfile.dat']
#Overlap matrix
0.8173 0.1781 0.0047 0.0000 0.0000 0.0000 0.0000 0.0000 0.0000 0.0000 0.0000
0.1781 0.6236 0.1924 0.0059 0.0000 0.0000 0.0000 0.0000 0.0000 0.0000 0.0000
0.0047 0.1924 0.5927 0.2036 0.0066 0.0000 0.0000 0.0000 0.0000 0.0000 0.0000
0.0000 0.0059 0.2036 0.5954 0.1891 0.0060 0.0000 0.0000 0.0000 0.0000 0.0000
0.0000 0.0000 0.0066 0.1891 0.6060 0.1890 0.0091 0.0001 0.0000 0.0000 0.0000
0.0000 0.0000 0.0000 0.0060 0.1890 0.5612 0.2261 0.0175 0.0002 0.0000 0.0000
0.0000 0.0000 0.0000 0.0000 0.0091 0.2261 0.5388 0.2148 0.0111 0.0001 0.0000
0.0000 0.0000 0.0000 0.0000 0.0001 0.0175 0.2148 0.5542 0.2040 0.0093 0.0001
0.0000 0.0000 0.0000 0.0000 0.0000 0.0002 0.0111 0.2040 0.5597 0.2164 0.0086
0.0000 0.0000 0.0000 0.0000 0.0000 0.0000 0.0001 0.0093 0.2164 0.5838 0.1904
0.0000 0.0000 0.0000 0.0000 0.0000 0.0000 0.0000 0.0001 0.0086 0.1904 0.8009
#DG from neighbouring lambda in kcal/mol
0.0000 0.1000 1.6268 0.1032
0.1000 0.2000 1.2310 0.0948
0.2000 0.3000 0.8778 0.0898
0.3000 0.4000 0.4605 0.0953
0.4000 0.5000 -0.1410 0.0944
0.5000 0.6000 -0.5542 0.0779
0.6000 0.7000 -0.6320 0.0808
0.7000 0.8000 -0.9021 0.0870
0.8000 0.9000 -1.1351 0.0836
0.9000 1.0000 0.0664 0.0964
#PMF from MBAR in kcal/mol
0.0000 0.0000 0.0000
0.1000 1.6268 0.1032
0.2000 2.8578 0.1581
0.3000 3.7356 0.1959
0.4000 4.1961 0.2295
0.5000 4.0551 0.2585
0.6000 3.5008 0.2792
0.7000 2.8688 0.2982
0.8000 1.9668 0.3184
0.9000 0.8316 0.3368
1.0000 0.8980 0.3574
#TI average gradients and standard deviation in kcal/mol
0.0000 16.1225 13.4020
0.1000 13.8013 13.3913
0.2000 10.6024 12.7903
0.3000 5.7307 12.7920
0.4000 2.3010 12.3812
0.5000 -1.7230 11.8926
0.6000 -6.8064 11.9738
0.7000 -7.1471 12.2295
0.8000 -12.6150 11.6286
0.9000 -9.8644 11.9645
1.0000 17.1397 14.4042
#PMF from TI in kcal/mol
0.0000 0.0000
0.1000 1.4962
0.2000 2.7164
0.3000 3.5330
0.4000 3.9346
0.5000 3.9635
0.6000 3.5370
0.7000 2.8394
0.8000 1.8513
0.9000 0.7273
1.0000 1.0911
#MBAR free energy difference in kcal/mol: 
0.898049, 0.357411 
#TI free energy difference in kcal/mol: 
1.091062  
Starting /export/users/common/BioSimSpace/sire.app/bin/analyse_freenrg: number of threads equals 32
