# Analysing data contained in file(s) ['lambda_0.0000/simfile.dat', 'lambda_0.1000/simfile.dat', 'lambda_0.2000/simfile.dat', 'lambda_0.3000/simfile.dat', 'lambda_0.4000/simfile.dat', 'lambda_0.5000/simfile.dat', 'lambda_0.6000/simfile.dat', 'lambda_0.7000/simfile.dat', 'lambda_0.8000/simfile.dat', 'lambda_0.9000/simfile.dat', 'lambda_1.0000/simfile.dat']
#Overlap matrix
1.0000 0.0000 0.0000 0.0000 0.0000 0.0000 0.0000 0.0000 0.0000 0.0000 0.0000
0.0000 0.9988 0.0012 0.0000 0.0000 0.0000 0.0000 0.0000 0.0000 0.0000 0.0000
0.0000 0.0012 0.9741 0.0248 0.0000 0.0000 0.0000 0.0000 0.0000 0.0000 0.0000
0.0000 0.0000 0.0248 0.9021 0.0729 0.0002 0.0000 0.0000 0.0000 0.0000 0.0000
0.0000 0.0000 0.0000 0.0729 0.7955 0.1303 0.0012 0.0000 0.0000 0.0000 0.0000
0.0000 0.0000 0.0000 0.0002 0.1303 0.7109 0.1567 0.0018 0.0000 0.0000 0.0000
0.0000 0.0000 0.0000 0.0000 0.0012 0.1567 0.6821 0.1587 0.0013 0.0000 0.0000
0.0000 0.0000 0.0000 0.0000 0.0000 0.0018 0.1587 0.6966 0.1427 0.0002 0.0000
0.0000 0.0000 0.0000 0.0000 0.0000 0.0000 0.0013 0.1427 0.7864 0.0697 0.0000
0.0000 0.0000 0.0000 0.0000 0.0000 0.0000 0.0000 0.0002 0.0697 0.9301 0.0000
0.0000 0.0000 0.0000 0.0000 0.0000 0.0000 0.0000 0.0000 0.0000 0.0000 1.0000
#DG from neighbouring lambda in kcal/mol
0.0000 0.1000 47.0169 0.3347
0.1000 0.2000 8.2562 0.3667
0.2000 0.3000 3.5639 0.0784
0.3000 0.4000 2.7223 0.0432
0.4000 0.5000 1.5367 0.0299
0.5000 0.6000 -0.2205 0.0261
0.6000 0.7000 -2.5667 0.0259
0.7000 0.8000 -5.3168 0.0281
0.8000 0.9000 -9.1582 0.0444
0.9000 1.0000 -126.7145 0.0744
#PMF from MBAR in kcal/mol
0.0000 0.0000 0.0000
0.1000 47.0169 0.3347
0.2000 55.2732 0.0846
0.3000 58.8371 0.0597
0.4000 61.5594 0.0533
0.5000 63.0960 0.0521
0.6000 62.8755 0.0531
0.7000 60.3089 0.0561
0.8000 54.9920 0.0612
0.9000 45.8338 0.0744
1.0000 -80.8807 0.0000
#TI average gradients and standard deviation in kcal/mol
0.0000 5556.5715 212.9227
0.1000 167.6816 48.7386
0.2000 45.6874 32.6146
0.3000 31.6339 22.3440
0.4000 21.8946 17.9773
0.5000 7.8120 14.8505
0.6000 -13.3910 14.3525
0.7000 -38.3989 14.9744
0.8000 -68.5343 16.8882
0.9000 -122.4391 25.5688
1.0000 -5210.3282 265.2181
#PMF from TI in kcal/mol
0.0000 0.0000
0.1000 286.2127
0.2000 296.8811
0.3000 300.7472
0.4000 303.4236
0.5000 304.9089
0.6000 304.6300
0.7000 302.0405
0.8000 296.6938
0.9000 287.1451
1.0000 20.5068
#MBAR free energy difference in kcal/mol: 
-80.880723, 0.000000 
#TI free energy difference in kcal/mol: 
20.506778  
Starting /export/users/common/BioSimSpace/sire.app/bin/analyse_freenrg: number of threads equals 32
