# Analysing data contained in file(s) ['lambda_0.0000/simfile.dat', 'lambda_0.1000/simfile.dat', 'lambda_0.2000/simfile.dat', 'lambda_0.3000/simfile.dat', 'lambda_0.4000/simfile.dat', 'lambda_0.5000/simfile.dat', 'lambda_0.6000/simfile.dat', 'lambda_0.7000/simfile.dat', 'lambda_0.8000/simfile.dat', 'lambda_0.9000/simfile.dat', 'lambda_1.0000/simfile.dat']
#Overlap matrix
0.8585 0.1407 0.0008 0.0000 0.0000 0.0000 0.0000 0.0000 0.0000 0.0000 0.0000
0.1407 0.7211 0.1370 0.0012 0.0000 0.0000 0.0000 0.0000 0.0000 0.0000 0.0000
0.0008 0.1370 0.7051 0.1552 0.0019 0.0000 0.0000 0.0000 0.0000 0.0000 0.0000
0.0000 0.0012 0.1552 0.6775 0.1633 0.0029 0.0000 0.0000 0.0000 0.0000 0.0000
0.0000 0.0000 0.0019 0.1633 0.6520 0.1781 0.0047 0.0000 0.0000 0.0000 0.0000
0.0000 0.0000 0.0000 0.0029 0.1781 0.6220 0.1900 0.0069 0.0000 0.0000 0.0000
0.0000 0.0000 0.0000 0.0000 0.0047 0.1900 0.5946 0.2006 0.0100 0.0001 0.0000
0.0000 0.0000 0.0000 0.0000 0.0000 0.0069 0.2006 0.5762 0.2049 0.0112 0.0002
0.0000 0.0000 0.0000 0.0000 0.0000 0.0000 0.0100 0.2049 0.5564 0.2124 0.0162
0.0000 0.0000 0.0000 0.0000 0.0000 0.0000 0.0001 0.0112 0.2124 0.5375 0.2388
0.0000 0.0000 0.0000 0.0000 0.0000 0.0000 0.0000 0.0002 0.0162 0.2388 0.7448
#DG from neighbouring lambda in kcal/mol
0.0000 0.1000 -10.9865 0.0278
0.1000 0.2000 -5.7576 0.0281
0.2000 0.3000 -4.2936 0.0256
0.3000 0.4000 -3.4776 0.0245
0.4000 0.5000 -2.7918 0.0227
0.5000 0.6000 -2.1054 0.0212
0.6000 0.7000 -1.5000 0.0199
0.7000 0.8000 -1.0098 0.0192
0.8000 0.9000 -0.7954 0.0183
0.9000 1.0000 -0.7084 0.0172
#PMF from MBAR in kcal/mol
0.0000 0.0000 0.0000
0.1000 -10.9865 0.0278
0.2000 -16.7441 0.0430
0.3000 -21.0377 0.0529
0.4000 -24.5153 0.0607
0.5000 -27.3071 0.0669
0.6000 -29.4125 0.0720
0.7000 -30.9125 0.0764
0.8000 -31.9223 0.0803
0.9000 -32.7177 0.0838
1.0000 -33.4261 0.0869
#TI average gradients and standard deviation in kcal/mol
0.0000 -173.4912 16.2486
0.1000 -71.0027 15.8094
0.2000 -48.1606 14.9109
0.3000 -38.3309 14.5532
0.4000 -31.6406 14.0880
0.5000 -24.3681 13.2637
0.6000 -18.0227 12.5607
0.7000 -12.0050 11.9330
0.8000 -8.6243 11.9711
0.9000 -6.9407 11.3743
1.0000 -5.7904 10.4647
#PMF from TI in kcal/mol
0.0000 0.0000
0.1000 -12.2247
0.2000 -18.1829
0.3000 -22.5074
0.4000 -26.0060
0.5000 -28.8064
0.6000 -30.9260
0.7000 -32.4274
0.8000 -33.4588
0.9000 -34.2371
1.0000 -34.8736
#MBAR free energy difference in kcal/mol: 
-33.426111, 0.086882 
#TI free energy difference in kcal/mol: 
-34.873637  
Starting /export/users/common/BioSimSpace/sire.app/bin/analyse_freenrg: number of threads equals 32
