# Analysing data contained in file(s) ['lambda_0.0000/simfile.dat', 'lambda_0.1000/simfile.dat', 'lambda_0.2000/simfile.dat', 'lambda_0.3000/simfile.dat', 'lambda_0.4000/simfile.dat', 'lambda_0.5000/simfile.dat', 'lambda_0.6000/simfile.dat', 'lambda_0.7000/simfile.dat', 'lambda_0.8000/simfile.dat', 'lambda_0.9000/simfile.dat', 'lambda_1.0000/simfile.dat']
#Overlap matrix
0.9106 0.0892 0.0002 0.0000 0.0000 0.0000 0.0000 0.0000 0.0000 0.0000 0.0000
0.0892 0.8049 0.1054 0.0005 0.0000 0.0000 0.0000 0.0000 0.0000 0.0000 0.0000
0.0002 0.1054 0.7806 0.1131 0.0007 0.0000 0.0000 0.0000 0.0000 0.0000 0.0000
0.0000 0.0005 0.1131 0.7627 0.1229 0.0009 0.0000 0.0000 0.0000 0.0000 0.0000
0.0000 0.0000 0.0007 0.1229 0.7407 0.1340 0.0018 0.0000 0.0000 0.0000 0.0000
0.0000 0.0000 0.0000 0.0009 0.1340 0.7025 0.1600 0.0026 0.0000 0.0000 0.0000
0.0000 0.0000 0.0000 0.0000 0.0018 0.1600 0.6753 0.1603 0.0026 0.0000 0.0000
0.0000 0.0000 0.0000 0.0000 0.0000 0.0026 0.1603 0.6576 0.1763 0.0032 0.0000
0.0000 0.0000 0.0000 0.0000 0.0000 0.0000 0.0026 0.1763 0.6442 0.1741 0.0028
0.0000 0.0000 0.0000 0.0000 0.0000 0.0000 0.0000 0.0032 0.1741 0.6550 0.1677
0.0000 0.0000 0.0000 0.0000 0.0000 0.0000 0.0000 0.0000 0.0028 0.1677 0.8294
#DG from neighbouring lambda in kcal/mol
0.0000 0.1000 4.1572 0.0262
0.1000 0.2000 -0.2899 0.0236
0.2000 0.3000 -5.1077 0.0225
0.3000 0.4000 -10.0638 0.0213
0.4000 0.5000 -15.0590 0.0199
0.5000 0.6000 -19.8530 0.0175
0.6000 0.7000 -24.7478 0.0174
0.7000 0.8000 -29.9248 0.0162
0.8000 0.9000 -35.1318 0.0163
0.9000 1.0000 -40.4566 0.0170
#PMF from MBAR in kcal/mol
0.0000 0.0000 0.0000
0.1000 4.1572 0.0262
0.2000 3.8673 0.0373
0.3000 -1.2403 0.0451
0.4000 -11.3041 0.0513
0.5000 -26.3631 0.0563
0.6000 -46.2161 0.0601
0.7000 -70.9639 0.0637
0.8000 -100.8887 0.0667
0.9000 -136.0205 0.0697
1.0000 -176.4771 0.0726
#TI average gradients and standard deviation in kcal/mol
0.0000 60.0241 19.3461
0.1000 20.5077 18.9471
0.2000 -26.1064 18.3026
0.3000 -75.7311 16.9000
0.4000 -125.7883 16.7456
0.5000 -174.9994 16.0396
0.6000 -222.2232 14.8483
0.7000 -273.2219 15.0853
0.8000 -325.1647 14.2861
0.9000 -377.3087 14.1561
1.0000 -425.0822 14.3982
#PMF from TI in kcal/mol
0.0000 0.0000
0.1000 4.0266
0.2000 3.7467
0.3000 -1.3452
0.4000 -11.4212
0.5000 -26.4606
0.6000 -46.3217
0.7000 -71.0940
0.8000 -101.0133
0.9000 -136.1370
1.0000 -176.2565
#MBAR free energy difference in kcal/mol: 
-176.477119, 0.072648  #WARNING SUBSAMPLING DISABLED, CONSIDER RERUN WITH SUBSAMPLING OPTION
#TI free energy difference in kcal/mol: 
-176.256505  #WARNING SUBSAMPLING DISABLED, CONSIDER RERUN WITH SUBSAMPLING OPTION 
Starting /export/users/common/BioSimSpace/sire.app/bin/analyse_freenrg: number of threads equals 32
