# Analysing data contained in file(s) ['lambda_0.0000/simfile.dat', 'lambda_0.1000/simfile.dat', 'lambda_0.2000/simfile.dat', 'lambda_0.3000/simfile.dat', 'lambda_0.4000/simfile.dat', 'lambda_0.5000/simfile.dat', 'lambda_0.6000/simfile.dat', 'lambda_0.7000/simfile.dat', 'lambda_0.8000/simfile.dat', 'lambda_0.9000/simfile.dat', 'lambda_1.0000/simfile.dat']
#Overlap matrix
0.9627 0.0373 0.0000 0.0000 0.0000 0.0000 0.0000 0.0000 0.0000 0.0000 0.0000
0.0373 0.9522 0.0105 0.0000 0.0000 0.0000 0.0000 0.0000 0.0000 0.0000 0.0000
0.0000 0.0105 0.9238 0.0656 0.0001 0.0000 0.0000 0.0000 0.0000 0.0000 0.0000
0.0000 0.0000 0.0656 0.8395 0.0949 0.0000 0.0000 0.0000 0.0000 0.0000 0.0000
0.0000 0.0000 0.0001 0.0949 0.9048 0.0002 0.0000 0.0000 0.0000 0.0000 0.0000
0.0000 0.0000 0.0000 0.0000 0.0002 0.9987 0.0011 0.0000 0.0000 0.0000 0.0000
0.0000 0.0000 0.0000 0.0000 0.0000 0.0011 0.9989 0.0000 0.0000 0.0000 0.0000
0.0000 0.0000 0.0000 0.0000 0.0000 0.0000 0.0000 1.0000 0.0000 0.0000 0.0000
0.0000 0.0000 0.0000 0.0000 0.0000 0.0000 0.0000 0.0000 1.0000 0.0000 0.0000
0.0000 0.0000 0.0000 0.0000 0.0000 0.0000 0.0000 0.0000 0.0000 0.9996 0.0004
0.0000 0.0000 0.0000 0.0000 0.0000 0.0000 0.0000 0.0000 0.0000 0.0004 0.9996
#DG from neighbouring lambda in kcal/mol
0.0000 0.1000 5.4077 0.0431
0.1000 0.2000 -7.1693 0.0834
0.2000 0.3000 -20.1174 0.0315
0.3000 0.4000 -24.7739 0.0253
0.4000 0.5000 -18.6094 0.6046
0.5000 0.6000 2.4718 0.2580
0.6000 0.7000 46.2324 1035.4956
0.7000 0.8000 14.8638 1380.5954
0.8000 0.9000 6.8190 3.8729
0.9000 1.0000 10.4585 0.4376
#PMF from MBAR in kcal/mol
0.0000 0.0000 0.0000
0.1000 5.4077 0.0431
0.2000 -1.7616 0.0947
0.3000 -21.8790 0.1005
0.4000 -46.6528 0.1044
0.5000 -65.2623 0.6136
0.6000 -62.7905 0.6658
0.7000 -16.5580 1035.4955
0.8000 -1.6942 345.1070
0.9000 5.1248 345.1070
1.0000 15.5833 345.1071
#TI average gradients and standard deviation in kcal/mol
0.0000 54.6702 23.4785
0.1000 7.7748 29.4289
0.2000 -147.7460 24.1448
0.3000 -245.1783 19.4270
0.4000 -206.9828 22.8731
0.5000 -177.5378 39.1839
0.6000 351.4487 68.5573
0.7000 123.7893 62.8035
0.8000 77.1824 59.0284
0.9000 47.6430 45.9916
1.0000 217.5947 47.8286
#PMF from TI in kcal/mol
0.0000 0.0000
0.1000 3.1223
0.2000 -3.8763
0.3000 -23.5225
0.4000 -46.1306
0.5000 -65.3566
0.6000 -56.6611
0.7000 -32.8992
0.8000 -22.8506
0.9000 -16.6093
1.0000 -3.3474
#MBAR free energy difference in kcal/mol: 
15.583293, 345.107142  #WARNING SUBSAMPLING DISABLED, CONSIDER RERUN WITH SUBSAMPLING OPTION
#TI free energy difference in kcal/mol: 
-3.347434  #WARNING SUBSAMPLING DISABLED, CONSIDER RERUN WITH SUBSAMPLING OPTION 
Starting /export/users/common/BioSimSpace/sire.app/bin/analyse_freenrg: number of threads equals 32
