# Analysing data contained in file(s) ['lambda_0.0000/simfile.dat', 'lambda_0.1000/simfile.dat', 'lambda_0.2000/simfile.dat', 'lambda_0.3000/simfile.dat', 'lambda_0.4000/simfile.dat', 'lambda_0.5000/simfile.dat', 'lambda_0.6000/simfile.dat', 'lambda_0.7000/simfile.dat', 'lambda_0.8000/simfile.dat', 'lambda_0.9000/simfile.dat', 'lambda_1.0000/simfile.dat']
#Overlap matrix
0.5297 0.3085 0.1202 0.0316 0.0084 0.0014 0.0001 0.0000 0.0000 0.0000 0.0000
0.3085 0.3263 0.2312 0.1002 0.0290 0.0044 0.0004 0.0000 0.0000 0.0000 0.0000
0.1202 0.2312 0.3156 0.2475 0.0756 0.0093 0.0006 0.0000 0.0000 0.0000 0.0000
0.0316 0.1002 0.2475 0.4034 0.1955 0.0209 0.0009 0.0000 0.0000 0.0000 0.0000
0.0084 0.0290 0.0756 0.1955 0.5268 0.1586 0.0060 0.0001 0.0000 0.0000 0.0000
0.0014 0.0044 0.0093 0.0209 0.1586 0.6756 0.1284 0.0013 0.0000 0.0000 0.0000
0.0001 0.0004 0.0006 0.0009 0.0060 0.1284 0.7965 0.0669 0.0001 0.0000 0.0000
0.0000 0.0000 0.0000 0.0000 0.0001 0.0013 0.0669 0.8844 0.0471 0.0001 0.0000
0.0000 0.0000 0.0000 0.0000 0.0000 0.0000 0.0001 0.0471 0.8995 0.0532 0.0001
0.0000 0.0000 0.0000 0.0000 0.0000 0.0000 0.0000 0.0001 0.0532 0.8940 0.0528
0.0000 0.0000 0.0000 0.0000 0.0000 0.0000 0.0000 0.0000 0.0001 0.0528 0.9471
#DG from neighbouring lambda in kcal/mol
0.0000 0.1000 0.5173 0.0053
0.1000 0.2000 -0.4918 0.0053
0.2000 0.3000 -1.4568 0.0057
0.3000 0.4000 -1.6636 0.0097
0.4000 0.5000 -1.8419 0.0151
0.5000 0.6000 -1.6807 0.0199
0.6000 0.7000 -0.5950 0.0307
0.7000 0.8000 -0.5749 0.0378
0.8000 0.9000 -1.0444 0.0354
0.9000 1.0000 0.3457 0.0356
#PMF from MBAR in kcal/mol
0.0000 0.0000 0.0000
0.1000 0.5173 0.0053
0.2000 0.0255 0.0097
0.3000 -1.4314 0.0131
0.4000 -3.0950 0.0172
0.5000 -4.9369 0.0242
0.6000 -6.6176 0.0329
0.7000 -7.2127 0.0464
0.8000 -7.7876 0.0610
0.9000 -8.8320 0.0716
1.0000 -8.4862 0.0808
#TI average gradients and standard deviation in kcal/mol
0.0000 -9.5836 6.1606
0.1000 0.8138 6.0938
0.2000 -10.5010 6.6497
0.3000 -16.2358 7.9034
0.4000 -17.5426 13.5057
0.5000 -18.6711 16.1517
0.6000 -12.0041 18.2846
0.7000 -3.1095 23.5972
0.8000 -8.3155 23.2877
0.9000 -9.5239 21.7762
1.0000 25.7589 24.1935
#PMF from TI in kcal/mol
0.0000 0.0000
0.1000 -0.4385
0.2000 -0.9228
0.3000 -2.2597
0.4000 -3.9486
0.5000 -5.7593
0.6000 -7.2930
0.7000 -8.0487
0.8000 -8.6200
0.9000 -9.5119
1.0000 -8.7002
#MBAR free energy difference in kcal/mol: 
-8.486242, 0.080849  #WARNING SUBSAMPLING DISABLED, CONSIDER RERUN WITH SUBSAMPLING OPTION
#TI free energy difference in kcal/mol: 
-8.700182  #WARNING SUBSAMPLING DISABLED, CONSIDER RERUN WITH SUBSAMPLING OPTION 
Starting /export/users/common/BioSimSpace/sire.app/bin/analyse_freenrg: number of threads equals 32
