# Analysing data contained in file(s) ['lambda_0.0000/simfile.dat', 'lambda_0.1000/simfile.dat', 'lambda_0.2000/simfile.dat', 'lambda_0.3000/simfile.dat', 'lambda_0.4000/simfile.dat', 'lambda_0.5000/simfile.dat', 'lambda_0.6000/simfile.dat', 'lambda_0.7000/simfile.dat', 'lambda_0.8000/simfile.dat', 'lambda_0.9000/simfile.dat', 'lambda_1.0000/simfile.dat']
#Overlap matrix
0.9991 0.0009 0.0000 0.0000 0.0000 0.0000 0.0000 0.0000 0.0000 0.0000 0.0000
0.0009 0.9972 0.0019 0.0000 0.0000 0.0000 0.0000 0.0000 0.0000 0.0000 0.0000
0.0000 0.0019 0.9957 0.0024 0.0000 0.0000 0.0000 0.0000 0.0000 0.0000 0.0000
0.0000 0.0000 0.0024 0.9942 0.0034 0.0000 0.0000 0.0000 0.0000 0.0000 0.0000
0.0000 0.0000 0.0000 0.0034 0.9962 0.0003 0.0000 0.0000 0.0000 0.0000 0.0000
0.0000 0.0000 0.0000 0.0000 0.0003 0.9990 0.0007 0.0000 0.0000 0.0000 0.0000
0.0000 0.0000 0.0000 0.0000 0.0000 0.0007 0.9987 0.0007 0.0000 0.0000 0.0000
0.0000 0.0000 0.0000 0.0000 0.0000 0.0000 0.0007 0.9987 0.0006 0.0000 0.0000
0.0000 0.0000 0.0000 0.0000 0.0000 0.0000 0.0000 0.0006 0.9991 0.0003 0.0000
0.0000 0.0000 0.0000 0.0000 0.0000 0.0000 0.0000 0.0000 0.0003 0.9995 0.0002
0.0000 0.0000 0.0000 0.0000 0.0000 0.0000 0.0000 0.0000 0.0000 0.0002 0.9998
#DG from neighbouring lambda in kcal/mol
0.0000 0.1000 -1.9298 0.2914
0.1000 0.2000 -6.0835 0.1982
0.2000 0.3000 -11.3716 0.1768
0.3000 0.4000 -14.3771 0.1469
0.4000 0.5000 -14.7897 0.4875
0.5000 0.6000 -18.8220 0.3366
0.6000 0.7000 -20.9016 0.3388
0.7000 0.8000 -23.5392 0.3503
0.8000 0.9000 -24.9372 0.4929
0.9000 1.0000 -23.0666 0.6132
#PMF from MBAR in kcal/mol
0.0000 0.0000 0.0000
0.1000 -1.9298 0.2914
0.2000 -8.0133 0.3526
0.3000 -19.3848 0.3947
0.4000 -33.7619 0.4213
0.5000 -48.5516 0.6444
0.6000 -67.3736 0.7271
0.7000 -88.2751 0.8023
0.8000 -111.8144 0.8755
0.9000 -136.7516 1.0048
1.0000 -159.8181 1.1772
#TI average gradients and standard deviation in kcal/mol
0.0000 3084954533118.3970 171316400586727.1562
0.1000 -36.4934 37.1117
0.2000 -85.0385 36.1701
0.3000 -140.2239 36.1544
0.4000 -131.3282 38.0467
0.5000 -167.6379 42.4852
0.6000 -204.2382 41.3886
0.7000 -216.3955 42.8441
0.8000 -238.0882 44.7346
0.9000 -246.6420 44.6153
1.0000 -183.8289 53.4804
#PMF from TI in kcal/mol
0.0000 0.0000
0.1000 154247726654.0952
0.2000 154247726648.0186
0.3000 154247726636.7555
0.4000 154247726623.1779
0.5000 154247726608.2296
0.6000 154247726589.6357
0.7000 154247726568.6041
0.8000 154247726545.8799
0.9000 154247726521.6434
1.0000 154247726500.1198
#MBAR free energy difference in kcal/mol: 
-159.818147, 1.177164  #WARNING SUBSAMPLING DISABLED, CONSIDER RERUN WITH SUBSAMPLING OPTION
#TI free energy difference in kcal/mol: 
154247726500.119843  #WARNING SUBSAMPLING DISABLED, CONSIDER RERUN WITH SUBSAMPLING OPTION 
Starting /export/users/common/BioSimSpace/sire.app/bin/analyse_freenrg: number of threads equals 32
