# Analysing data contained in file(s) ['lambda_0.0000/simfile.dat', 'lambda_0.1000/simfile.dat', 'lambda_0.2000/simfile.dat', 'lambda_0.3000/simfile.dat', 'lambda_0.4000/simfile.dat', 'lambda_0.5000/simfile.dat', 'lambda_0.6000/simfile.dat', 'lambda_0.7000/simfile.dat', 'lambda_0.8000/simfile.dat', 'lambda_0.9000/simfile.dat', 'lambda_1.0000/simfile.dat']
#Overlap matrix
0.7132 0.2547 0.0309 0.0012 0.0000 0.0000 0.0000 0.0000 0.0000 0.0000 0.0000
0.2547 0.4761 0.2361 0.0316 0.0015 0.0000 0.0000 0.0000 0.0000 0.0000 0.0000
0.0309 0.2361 0.4653 0.2376 0.0291 0.0011 0.0000 0.0000 0.0000 0.0000 0.0000
0.0012 0.0316 0.2376 0.5112 0.2074 0.0109 0.0002 0.0000 0.0000 0.0000 0.0000
0.0000 0.0015 0.0291 0.2074 0.6216 0.1380 0.0023 0.0000 0.0000 0.0000 0.0000
0.0000 0.0000 0.0011 0.0109 0.1380 0.7406 0.1081 0.0013 0.0000 0.0000 0.0000
0.0000 0.0000 0.0000 0.0002 0.0023 0.1081 0.7856 0.1028 0.0010 0.0000 0.0000
0.0000 0.0000 0.0000 0.0000 0.0000 0.0013 0.1028 0.8015 0.0938 0.0005 0.0000
0.0000 0.0000 0.0000 0.0000 0.0000 0.0000 0.0010 0.0938 0.8301 0.0750 0.0001
0.0000 0.0000 0.0000 0.0000 0.0000 0.0000 0.0000 0.0005 0.0750 0.8759 0.0486
0.0000 0.0000 0.0000 0.0000 0.0000 0.0000 0.0000 0.0000 0.0001 0.0486 0.9513
#DG from neighbouring lambda in kcal/mol
0.0000 0.1000 0.4163 0.0107
0.1000 0.2000 0.1403 0.0102
0.2000 0.3000 -0.1483 0.0102
0.3000 0.4000 0.1754 0.0124
0.4000 0.5000 0.7934 0.0185
0.5000 0.6000 0.7406 0.0228
0.6000 0.7000 0.4412 0.0237
0.7000 0.8000 0.2291 0.0252
0.8000 0.9000 0.5731 0.0290
0.9000 1.0000 3.4381 0.0372
#PMF from MBAR in kcal/mol
0.0000 0.0000 0.0000
0.1000 0.4163 0.0107
0.2000 0.5566 0.0177
0.3000 0.4084 0.0226
0.4000 0.5837 0.0275
0.5000 1.3771 0.0347
0.6000 2.1177 0.0430
0.7000 2.5588 0.0504
0.8000 2.7880 0.0576
0.9000 3.3610 0.0655
1.0000 6.7992 0.0763
#TI average gradients and standard deviation in kcal/mol
0.0000 -17.5076 11.0565
0.1000 3.1523 10.1259
0.2000 -0.6875 10.5964
0.3000 -1.2005 10.5160
0.4000 4.9726 14.2426
0.5000 9.1357 17.8948
0.6000 5.9053 18.2421
0.7000 2.6643 18.7296
0.8000 1.8502 19.0768
0.9000 12.6497 22.3159
1.0000 71.0506 26.8924
#PMF from TI in kcal/mol
0.0000 0.0000
0.1000 -0.7178
0.2000 -0.5945
0.3000 -0.6889
0.4000 -0.5003
0.5000 0.2051
0.6000 0.9572
0.7000 1.3856
0.8000 1.6114
0.9000 2.3364
1.0000 6.5214
#MBAR free energy difference in kcal/mol: 
6.799188, 0.076337  #WARNING SUBSAMPLING DISABLED, CONSIDER RERUN WITH SUBSAMPLING OPTION
#TI free energy difference in kcal/mol: 
6.521375  #WARNING SUBSAMPLING DISABLED, CONSIDER RERUN WITH SUBSAMPLING OPTION 
Starting /export/users/common/BioSimSpace/sire.app/bin/analyse_freenrg: number of threads equals 32
