# Analysing data contained in file(s) ['lambda_0.0000/simfile.dat', 'lambda_0.1000/simfile.dat', 'lambda_0.2000/simfile.dat', 'lambda_0.3000/simfile.dat', 'lambda_0.4000/simfile.dat', 'lambda_0.5000/simfile.dat', 'lambda_0.6000/simfile.dat', 'lambda_0.7000/simfile.dat', 'lambda_0.8000/simfile.dat', 'lambda_0.9000/simfile.dat', 'lambda_1.0000/simfile.dat']
#Overlap matrix
0.9650 0.0350 0.0000 0.0000 0.0000 0.0000 0.0000 0.0000 0.0000 0.0000 0.0000
0.0350 0.8991 0.0657 0.0002 0.0000 0.0000 0.0000 0.0000 0.0000 0.0000 0.0000
0.0000 0.0657 0.8380 0.0958 0.0006 0.0000 0.0000 0.0000 0.0000 0.0000 0.0000
0.0000 0.0002 0.0958 0.7942 0.1090 0.0008 0.0000 0.0000 0.0000 0.0000 0.0000
0.0000 0.0000 0.0006 0.1090 0.7821 0.1077 0.0006 0.0000 0.0000 0.0000 0.0000
0.0000 0.0000 0.0000 0.0008 0.1077 0.8031 0.0859 0.0025 0.0000 0.0000 0.0000
0.0000 0.0000 0.0000 0.0000 0.0006 0.0859 0.7400 0.1697 0.0038 0.0000 0.0000
0.0000 0.0000 0.0000 0.0000 0.0000 0.0025 0.1697 0.6675 0.1585 0.0018 0.0000
0.0000 0.0000 0.0000 0.0000 0.0000 0.0000 0.0038 0.1585 0.6854 0.1515 0.0007
0.0000 0.0000 0.0000 0.0000 0.0000 0.0000 0.0000 0.0018 0.1515 0.7370 0.1097
0.0000 0.0000 0.0000 0.0000 0.0000 0.0000 0.0000 0.0000 0.0007 0.1097 0.8896
#DG from neighbouring lambda in kcal/mol
0.0000 0.1000 -6.2117 0.0446
0.1000 0.2000 -2.4347 0.0314
0.2000 0.3000 -1.0131 0.0250
0.3000 0.4000 -0.6937 0.0230
0.4000 0.5000 -0.7884 0.0232
0.5000 0.6000 -1.2554 0.0263
0.6000 0.7000 -0.5151 0.0166
0.7000 0.8000 -0.4070 0.0175
0.8000 0.9000 -1.4450 0.0183
0.9000 1.0000 -2.8650 0.0230
#PMF from MBAR in kcal/mol
0.0000 0.0000 0.0000
0.1000 -6.2117 0.0446
0.2000 -8.6464 0.0559
0.3000 -9.6595 0.0624
0.4000 -10.3532 0.0675
0.5000 -11.1416 0.0724
0.6000 -12.3970 0.0779
0.7000 -12.9121 0.0805
0.8000 -13.3191 0.0831
0.9000 -14.7641 0.0859
1.0000 -17.6291 0.0898
#TI average gradients and standard deviation in kcal/mol
0.0000 -96.9296 25.1915
0.1000 -36.8323 22.9589
0.2000 -14.7279 20.0198
0.3000 -7.7141 18.9129
0.4000 -6.5012 18.5582
0.5000 -9.1123 18.8646
0.6000 -13.1048 17.6248
0.7000 -0.9139 14.4862
0.8000 -8.7748 15.1411
0.9000 -20.3072 15.9624
1.0000 -27.3642 18.8256
#PMF from TI in kcal/mol
0.0000 0.0000
0.1000 -6.6881
0.2000 -9.2661
0.3000 -10.3882
0.4000 -11.0990
0.5000 -11.8796
0.6000 -12.9905
0.7000 -13.6914
0.8000 -14.1759
0.9000 -15.6300
1.0000 -18.0135
#MBAR free energy difference in kcal/mol: 
-17.629109, 0.089761  #WARNING SUBSAMPLING DISABLED, CONSIDER RERUN WITH SUBSAMPLING OPTION
#TI free energy difference in kcal/mol: 
-18.013538  #WARNING SUBSAMPLING DISABLED, CONSIDER RERUN WITH SUBSAMPLING OPTION 
Starting /export/users/common/BioSimSpace/sire.app/bin/analyse_freenrg: number of threads equals 32
