# Analysing data contained in file(s) ['lambda_0.0000/simfile.dat', 'lambda_0.1000/simfile.dat', 'lambda_0.2000/simfile.dat', 'lambda_0.3000/simfile.dat', 'lambda_0.4000/simfile.dat', 'lambda_0.5000/simfile.dat', 'lambda_0.6000/simfile.dat', 'lambda_0.7000/simfile.dat', 'lambda_0.8000/simfile.dat', 'lambda_0.9000/simfile.dat', 'lambda_1.0000/simfile.dat']
#Overlap matrix
0.8552 0.1437 0.0011 0.0000 0.0000 0.0000 0.0000 0.0000 0.0000 0.0000 0.0000
0.1437 0.7127 0.1426 0.0010 0.0000 0.0000 0.0000 0.0000 0.0000 0.0000 0.0000
0.0011 0.1426 0.7122 0.1432 0.0009 0.0000 0.0000 0.0000 0.0000 0.0000 0.0000
0.0000 0.0010 0.1432 0.7228 0.1317 0.0012 0.0000 0.0000 0.0000 0.0000 0.0000
0.0000 0.0000 0.0009 0.1317 0.7196 0.1465 0.0013 0.0000 0.0000 0.0000 0.0000
0.0000 0.0000 0.0000 0.0012 0.1465 0.7221 0.1294 0.0008 0.0000 0.0000 0.0000
0.0000 0.0000 0.0000 0.0000 0.0013 0.1294 0.7555 0.1133 0.0005 0.0000 0.0000
0.0000 0.0000 0.0000 0.0000 0.0000 0.0008 0.1133 0.7861 0.0996 0.0002 0.0000
0.0000 0.0000 0.0000 0.0000 0.0000 0.0000 0.0005 0.0996 0.8258 0.0741 0.0000
0.0000 0.0000 0.0000 0.0000 0.0000 0.0000 0.0000 0.0002 0.0741 0.8886 0.0371
0.0000 0.0000 0.0000 0.0000 0.0000 0.0000 0.0000 0.0000 0.0000 0.0371 0.9629
#DG from neighbouring lambda in kcal/mol
0.0000 0.1000 8.1555 0.0192
0.1000 0.2000 7.9981 0.0192
0.2000 0.3000 7.5085 0.0191
0.3000 0.4000 6.7923 0.0202
0.4000 0.5000 6.2156 0.0188
0.5000 0.6000 5.9111 0.0205
0.6000 0.7000 5.6028 0.0224
0.7000 0.8000 5.4006 0.0244
0.8000 0.9000 5.9659 0.0293
0.9000 1.0000 9.3162 0.0432
#PMF from MBAR in kcal/mol
0.0000 0.0000 0.0000
0.1000 8.1555 0.0192
0.2000 16.1536 0.0296
0.3000 23.6621 0.0372
0.4000 30.4543 0.0440
0.5000 36.6700 0.0493
0.6000 42.5810 0.0547
0.7000 48.1838 0.0603
0.8000 53.5844 0.0661
0.9000 59.5504 0.0733
1.0000 68.8666 0.0860
#TI average gradients and standard deviation in kcal/mol
0.0000 70.6070 15.9677
0.1000 81.2750 15.8942
0.2000 77.7436 16.3579
0.3000 72.3053 16.0380
0.4000 63.5225 15.4870
0.5000 60.7873 16.5752
0.6000 57.5644 17.4289
0.7000 54.3029 17.9949
0.8000 55.0100 18.9931
0.9000 67.9751 21.4705
1.0000 129.8453 28.9225
#PMF from TI in kcal/mol
0.0000 0.0000
0.1000 7.5941
0.2000 15.5450
0.3000 23.0475
0.4000 29.8389
0.5000 36.0543
0.6000 41.9719
0.7000 47.5653
0.8000 53.0309
0.9000 59.1802
1.0000 69.0712
#MBAR free energy difference in kcal/mol: 
68.866600, 0.085967  #WARNING SUBSAMPLING DISABLED, CONSIDER RERUN WITH SUBSAMPLING OPTION
#TI free energy difference in kcal/mol: 
69.071200  #WARNING SUBSAMPLING DISABLED, CONSIDER RERUN WITH SUBSAMPLING OPTION 
Starting /export/users/common/BioSimSpace/sire.app/bin/analyse_freenrg: number of threads equals 32
