# Analysing data contained in file(s) ['lambda_0.0000/simfile.dat', 'lambda_0.1000/simfile.dat', 'lambda_0.2000/simfile.dat', 'lambda_0.3000/simfile.dat', 'lambda_0.4000/simfile.dat', 'lambda_0.5000/simfile.dat', 'lambda_0.6000/simfile.dat', 'lambda_0.7000/simfile.dat', 'lambda_0.8000/simfile.dat', 'lambda_0.9000/simfile.dat', 'lambda_1.0000/simfile.dat']
#Overlap matrix
0.8865 0.1133 0.0003 0.0000 0.0000 0.0000 0.0000 0.0000 0.0000 0.0000 0.0000
0.1133 0.7399 0.1441 0.0026 0.0000 0.0000 0.0000 0.0000 0.0000 0.0000 0.0000
0.0003 0.1441 0.6563 0.1865 0.0128 0.0000 0.0000 0.0000 0.0000 0.0000 0.0000
0.0000 0.0026 0.1865 0.5732 0.2376 0.0000 0.0000 0.0000 0.0000 0.0000 0.0000
0.0000 0.0000 0.0128 0.2376 0.7495 0.0001 0.0000 0.0000 0.0000 0.0000 0.0000
0.0000 0.0000 0.0000 0.0000 0.0001 0.9894 0.0104 0.0000 0.0000 0.0000 0.0000
0.0000 0.0000 0.0000 0.0000 0.0000 0.0104 0.9724 0.0171 0.0000 0.0000 0.0000
0.0000 0.0000 0.0000 0.0000 0.0000 0.0000 0.0171 0.9595 0.0234 0.0000 0.0000
0.0000 0.0000 0.0000 0.0000 0.0000 0.0000 0.0000 0.0234 0.9463 0.0303 0.0000
0.0000 0.0000 0.0000 0.0000 0.0000 0.0000 0.0000 0.0000 0.0303 0.9298 0.0399
0.0000 0.0000 0.0000 0.0000 0.0000 0.0000 0.0000 0.0000 0.0000 0.0399 0.9601
#DG from neighbouring lambda in kcal/mol
0.0000 0.1000 -1.1971 0.0226
0.1000 0.2000 -5.3749 0.0190
0.2000 0.3000 -8.2431 0.0149
0.3000 0.4000 -5.2474 0.0122
0.4000 0.5000 8.1977 0.7390
0.5000 0.6000 1.6621 0.0838
0.6000 0.7000 1.6470 0.0649
0.7000 0.8000 1.6896 0.0552
0.8000 0.9000 1.7226 0.0481
0.9000 1.0000 2.4920 0.0416
#PMF from MBAR in kcal/mol
0.0000 0.0000 0.0000
0.1000 -1.1971 0.0226
0.2000 -6.5720 0.0319
0.3000 -14.8151 0.0371
0.4000 -20.0625 0.0405
0.5000 -11.8648 0.7395
0.6000 -10.2027 0.7444
0.7000 -8.5556 0.7473
0.8000 -6.8661 0.7494
0.9000 -5.1435 0.7511
1.0000 -2.6515 0.7523
#TI average gradients and standard deviation in kcal/mol
0.0000 -10.2165 15.3064
0.1000 -32.9245 18.4989
0.2000 -71.6000 14.3397
0.3000 -86.5172 12.3101
0.4000 20.9798 13.6834
0.5000 28.1810 41.7907
0.6000 18.3354 29.7748
0.7000 17.0302 27.5132
0.8000 17.2688 26.1811
0.9000 17.5432 24.8779
1.0000 38.8421 24.1119
#PMF from TI in kcal/mol
0.0000 0.0000
0.1000 -2.1570
0.2000 -7.3833
0.3000 -15.2891
0.4000 -18.5660
0.5000 -16.1080
0.6000 -13.7821
0.7000 -12.0139
0.8000 -10.2989
0.9000 -8.5583
1.0000 -5.7391
#MBAR free energy difference in kcal/mol: 
-2.651453, 0.752331  #WARNING SUBSAMPLING DISABLED, CONSIDER RERUN WITH SUBSAMPLING OPTION
#TI free energy difference in kcal/mol: 
-5.739054  #WARNING SUBSAMPLING DISABLED, CONSIDER RERUN WITH SUBSAMPLING OPTION 
Starting /export/users/common/BioSimSpace/sire.app/bin/analyse_freenrg: number of threads equals 32
