# Analysing data contained in file(s) ['lambda_0.0000/simfile.dat', 'lambda_0.1000/simfile.dat', 'lambda_0.2000/simfile.dat', 'lambda_0.3000/simfile.dat', 'lambda_0.4000/simfile.dat', 'lambda_0.5000/simfile.dat', 'lambda_0.6000/simfile.dat', 'lambda_0.7000/simfile.dat', 'lambda_0.8000/simfile.dat', 'lambda_0.9000/simfile.dat', 'lambda_1.0000/simfile.dat']
#Overlap matrix
0.9994 0.0006 0.0000 0.0000 0.0000 0.0000 0.0000 0.0000 0.0000 0.0000 0.0000
0.0006 0.9981 0.0012 0.0000 0.0000 0.0000 0.0000 0.0000 0.0000 0.0000 0.0000
0.0000 0.0012 0.9986 0.0001 0.0000 0.0000 0.0000 0.0000 0.0000 0.0000 0.0000
0.0000 0.0000 0.0001 0.9999 0.0000 0.0000 0.0000 0.0000 0.0000 0.0000 0.0000
0.0000 0.0000 0.0000 0.0000 0.9255 0.0731 0.0014 0.0000 0.0000 0.0000 0.0000
0.0000 0.0000 0.0000 0.0000 0.0731 0.8347 0.0922 0.0000 0.0000 0.0000 0.0000
0.0000 0.0000 0.0000 0.0000 0.0014 0.0922 0.8845 0.0220 0.0000 0.0000 0.0000
0.0000 0.0000 0.0000 0.0000 0.0000 0.0000 0.0220 0.9268 0.0512 0.0000 0.0000
0.0000 0.0000 0.0000 0.0000 0.0000 0.0000 0.0000 0.0512 0.9010 0.0478 0.0000
0.0000 0.0000 0.0000 0.0000 0.0000 0.0000 0.0000 0.0000 0.0478 0.9059 0.0463
0.0000 0.0000 0.0000 0.0000 0.0000 0.0000 0.0000 0.0000 0.0000 0.0463 0.9537
#DG from neighbouring lambda in kcal/mol
0.0000 0.1000 3.1493 0.3443
0.1000 0.2000 10.6238 0.2451
0.2000 0.3000 10.6203 0.8250
0.3000 0.4000 6.2207 2.8101
0.4000 0.5000 14.2360 0.0292
0.5000 0.6000 22.0612 0.0255
0.6000 0.7000 17.0562 0.0570
0.7000 0.8000 15.6930 0.0362
0.8000 0.9000 11.9590 0.0376
0.9000 1.0000 8.9624 0.0383
#PMF from MBAR in kcal/mol
0.0000 0.0000 0.0000
0.1000 3.1493 0.3443
0.2000 13.7731 0.4228
0.3000 24.3934 0.9271
0.4000 30.6141 2.9591
0.5000 44.8501 2.9593
0.6000 66.9114 2.9594
0.7000 83.9676 2.9600
0.8000 99.6606 2.9602
0.9000 111.6196 2.9605
1.0000 120.5820 2.9608
#TI average gradients and standard deviation in kcal/mol
0.0000 -28.5100 44.0064
0.1000 82.9326 39.0603
0.2000 122.2478 38.7131
0.3000 89.2950 50.0434
0.4000 -54.1124 85.4342
0.5000 199.1436 25.1261
0.6000 223.5328 61.4796
0.7000 168.6271 21.5027
0.8000 139.0703 22.6061
0.9000 101.5628 22.3171
1.0000 76.0865 341.5106
#PMF from TI in kcal/mol
0.0000 0.0000
0.1000 2.7211
0.2000 12.9801
0.3000 23.5573
0.4000 25.3164
0.5000 32.5680
0.6000 53.7018
0.7000 73.3098
0.8000 88.6947
0.9000 100.7263
1.0000 109.6088
#MBAR free energy difference in kcal/mol: 
120.582031, 2.960763  #WARNING SUBSAMPLING DISABLED, CONSIDER RERUN WITH SUBSAMPLING OPTION
#TI free energy difference in kcal/mol: 
109.608775  #WARNING SUBSAMPLING DISABLED, CONSIDER RERUN WITH SUBSAMPLING OPTION 
Starting /export/users/common/BioSimSpace/sire.app/bin/analyse_freenrg: number of threads equals 32
