# Analysing data contained in file(s) ['lambda_0.0000/simfile.dat', 'lambda_0.1000/simfile.dat', 'lambda_0.2000/simfile.dat', 'lambda_0.3000/simfile.dat', 'lambda_0.4000/simfile.dat', 'lambda_0.5000/simfile.dat', 'lambda_0.6000/simfile.dat', 'lambda_0.7000/simfile.dat', 'lambda_0.8000/simfile.dat', 'lambda_0.9000/simfile.dat', 'lambda_1.0000/simfile.dat']
#Overlap matrix
0.9705 0.0295 0.0000 0.0000 0.0000 0.0000 0.0000 0.0000 0.0000 0.0000 0.0000
0.0295 0.9436 0.0269 0.0000 0.0000 0.0000 0.0000 0.0000 0.0000 0.0000 0.0000
0.0000 0.0269 0.9474 0.0257 0.0000 0.0000 0.0000 0.0000 0.0000 0.0000 0.0000
0.0000 0.0000 0.0257 0.9107 0.0624 0.0012 0.0000 0.0000 0.0000 0.0000 0.0000
0.0000 0.0000 0.0000 0.0624 0.8206 0.1162 0.0008 0.0000 0.0000 0.0000 0.0000
0.0000 0.0000 0.0000 0.0012 0.1162 0.7915 0.0896 0.0014 0.0000 0.0000 0.0000
0.0000 0.0000 0.0000 0.0000 0.0008 0.0896 0.7528 0.1543 0.0025 0.0000 0.0000
0.0000 0.0000 0.0000 0.0000 0.0000 0.0014 0.1543 0.6694 0.1718 0.0029 0.0000
0.0000 0.0000 0.0000 0.0000 0.0000 0.0000 0.0025 0.1718 0.6518 0.1723 0.0015
0.0000 0.0000 0.0000 0.0000 0.0000 0.0000 0.0000 0.0029 0.1723 0.7007 0.1240
0.0000 0.0000 0.0000 0.0000 0.0000 0.0000 0.0000 0.0000 0.0015 0.1240 0.8744
#DG from neighbouring lambda in kcal/mol
0.0000 0.1000 -5.8281 0.0488
0.1000 0.2000 -4.4285 0.0513
0.2000 0.3000 -3.5984 0.0525
0.3000 0.4000 -1.4330 0.0320
0.4000 0.5000 1.2623 0.0220
0.5000 0.6000 0.9579 0.0258
0.6000 0.7000 0.3875 0.0180
0.7000 0.8000 -0.5747 0.0165
0.8000 0.9000 -1.6301 0.0165
0.9000 1.0000 -2.9478 0.0211
#PMF from MBAR in kcal/mol
0.0000 0.0000 0.0000
0.1000 -5.8281 0.0488
0.2000 -10.2567 0.0719
0.3000 -13.8551 0.0898
0.4000 -15.2880 0.0961
0.5000 -14.0257 0.0992
0.6000 -13.0679 0.1032
0.7000 -12.6804 0.1054
0.8000 -13.2551 0.1073
0.9000 -14.8852 0.1092
1.0000 -17.8330 0.1119
#TI average gradients and standard deviation in kcal/mol
0.0000 -74.6092 25.3892
0.1000 -48.7613 26.3328
0.2000 -39.4837 26.6491
0.3000 -30.7123 26.3261
0.4000 3.1700 18.5832
0.5000 15.2690 19.7693
0.6000 6.2347 16.1496
0.7000 -0.1957 14.7118
0.8000 -11.1276 14.2400
0.9000 -21.4150 14.6249
1.0000 -35.3742 20.1352
#PMF from TI in kcal/mol
0.0000 0.0000
0.1000 -6.1685
0.2000 -10.5808
0.3000 -14.0906
0.4000 -15.4677
0.5000 -14.5457
0.6000 -13.4706
0.7000 -13.1686
0.8000 -13.7348
0.9000 -15.3619
1.0000 -18.2014
#MBAR free energy difference in kcal/mol: 
-17.832952, 0.111876  #WARNING SUBSAMPLING DISABLED, CONSIDER RERUN WITH SUBSAMPLING OPTION
#TI free energy difference in kcal/mol: 
-18.201374  #WARNING SUBSAMPLING DISABLED, CONSIDER RERUN WITH SUBSAMPLING OPTION 
Starting /export/users/common/BioSimSpace/sire.app/bin/analyse_freenrg: number of threads equals 32
