# Analysing data contained in file(s) ['lambda_0.0000/simfile.dat', 'lambda_0.1000/simfile.dat', 'lambda_0.2000/simfile.dat', 'lambda_0.3000/simfile.dat', 'lambda_0.4000/simfile.dat', 'lambda_0.5000/simfile.dat', 'lambda_0.6000/simfile.dat', 'lambda_0.7000/simfile.dat', 'lambda_0.8000/simfile.dat', 'lambda_0.9000/simfile.dat', 'lambda_1.0000/simfile.dat']
#Overlap matrix
1.0000 0.0000 0.0000 0.0000 0.0000 0.0000 0.0000 0.0000 0.0000 0.0000 0.0000
0.0000 0.9995 0.0005 0.0000 0.0000 0.0000 0.0000 0.0000 0.0000 0.0000 0.0000
0.0000 0.0005 0.9651 0.0344 0.0000 0.0000 0.0000 0.0000 0.0000 0.0000 0.0000
0.0000 0.0000 0.0344 0.8937 0.0719 0.0001 0.0000 0.0000 0.0000 0.0000 0.0000
0.0000 0.0000 0.0000 0.0719 0.8274 0.1006 0.0002 0.0000 0.0000 0.0000 0.0000
0.0000 0.0000 0.0000 0.0001 0.1006 0.7924 0.1066 0.0004 0.0000 0.0000 0.0000
0.0000 0.0000 0.0000 0.0000 0.0002 0.1066 0.7678 0.1247 0.0007 0.0000 0.0000
0.0000 0.0000 0.0000 0.0000 0.0000 0.0004 0.1247 0.7408 0.1338 0.0002 0.0000
0.0000 0.0000 0.0000 0.0000 0.0000 0.0000 0.0007 0.1338 0.7763 0.0892 0.0000
0.0000 0.0000 0.0000 0.0000 0.0000 0.0000 0.0000 0.0002 0.0892 0.9088 0.0018
0.0000 0.0000 0.0000 0.0000 0.0000 0.0000 0.0000 0.0000 0.0000 0.0018 0.9982
#DG from neighbouring lambda in kcal/mol
0.0000 0.1000 62.6550 0.3669
0.1000 0.2000 -2.0522 0.4031
0.2000 0.3000 -13.3054 0.0450
0.3000 0.4000 -15.8276 0.0298
0.4000 0.5000 -16.8890 0.0243
0.5000 0.6000 -17.5254 0.0234
0.6000 0.7000 -17.7752 0.0211
0.7000 0.8000 -17.7357 0.0201
0.8000 0.9000 -18.2302 0.0262
0.9000 1.0000 -23.5558 0.2059
#PMF from MBAR in kcal/mol
0.0000 0.0000 0.0000
0.1000 62.6550 0.3669
0.2000 60.6028 0.0671
0.3000 47.2974 0.0566
0.4000 31.4698 0.0528
0.5000 14.5808 0.0513
0.6000 -2.9446 0.0513
0.7000 -20.7198 0.0525
0.8000 -38.4555 0.0545
0.9000 -56.6857 0.0589
1.0000 -80.2416 0.1937
#TI average gradients and standard deviation in kcal/mol
0.0000 3034.3254 99.5466
0.1000 131.5463 59.6006
0.2000 -108.2712 29.9108
0.3000 -149.4580 22.4837
0.4000 -165.1064 19.9060
0.5000 -172.3452 18.9384
0.6000 -177.4869 17.8549
0.7000 -177.5599 16.4111
0.8000 -178.0448 17.4417
0.9000 -188.3137 21.3329
1.0000 -453.9409 124.0923
#PMF from TI in kcal/mol
0.0000 0.0000
0.1000 158.2936
0.2000 159.4573
0.3000 146.5709
0.4000 130.8427
0.5000 113.9701
0.6000 96.4785
0.7000 78.7261
0.8000 60.9459
0.9000 42.6280
1.0000 10.5152
#MBAR free energy difference in kcal/mol: 
-80.241565, 0.193664  #WARNING SUBSAMPLING DISABLED, CONSIDER RERUN WITH SUBSAMPLING OPTION
#TI free energy difference in kcal/mol: 
10.515240  #WARNING SUBSAMPLING DISABLED, CONSIDER RERUN WITH SUBSAMPLING OPTION 
Starting /export/users/common/BioSimSpace/sire.app/bin/analyse_freenrg: number of threads equals 32
