# Analysing data contained in file(s) ['lambda_0.0000/simfile.dat', 'lambda_0.1000/simfile.dat', 'lambda_0.2000/simfile.dat', 'lambda_0.3000/simfile.dat', 'lambda_0.4000/simfile.dat', 'lambda_0.5000/simfile.dat', 'lambda_0.6000/simfile.dat', 'lambda_0.7000/simfile.dat', 'lambda_0.8000/simfile.dat', 'lambda_0.9000/simfile.dat', 'lambda_1.0000/simfile.dat']
#Overlap matrix
0.9963 0.0037 0.0000 0.0000 0.0000 0.0000 0.0000 0.0000 0.0000 0.0000 0.0000
0.0037 0.9591 0.0372 0.0000 0.0000 0.0000 0.0000 0.0000 0.0000 0.0000 0.0000
0.0000 0.0372 0.9038 0.0588 0.0002 0.0000 0.0000 0.0000 0.0000 0.0000 0.0000
0.0000 0.0000 0.0588 0.8174 0.1225 0.0013 0.0000 0.0000 0.0000 0.0000 0.0000
0.0000 0.0000 0.0002 0.1225 0.7301 0.1462 0.0009 0.0000 0.0000 0.0000 0.0000
0.0000 0.0000 0.0000 0.0013 0.1462 0.7119 0.1397 0.0009 0.0000 0.0000 0.0000
0.0000 0.0000 0.0000 0.0000 0.0009 0.1397 0.7163 0.1422 0.0009 0.0000 0.0000
0.0000 0.0000 0.0000 0.0000 0.0000 0.0009 0.1422 0.7211 0.1353 0.0005 0.0000
0.0000 0.0000 0.0000 0.0000 0.0000 0.0000 0.0009 0.1353 0.7450 0.1186 0.0002
0.0000 0.0000 0.0000 0.0000 0.0000 0.0000 0.0000 0.0005 0.1186 0.7921 0.0888
0.0000 0.0000 0.0000 0.0000 0.0000 0.0000 0.0000 0.0000 0.0002 0.0888 0.9110
#DG from neighbouring lambda in kcal/mol
0.0000 0.1000 6.9446 0.1422
0.1000 0.2000 1.9009 0.0432
0.2000 0.3000 0.1964 0.0334
0.3000 0.4000 -0.1587 0.0213
0.4000 0.5000 -1.1338 0.0188
0.5000 0.6000 -3.5121 0.0195
0.6000 0.7000 -6.1465 0.0192
0.7000 0.8000 -8.5692 0.0199
0.8000 0.9000 -10.9093 0.0219
0.9000 1.0000 -12.9018 0.0263
#PMF from MBAR in kcal/mol
0.0000 0.0000 0.0000
0.1000 6.9446 0.1422
0.2000 8.8455 0.1491
0.3000 9.0419 0.1533
0.4000 8.8832 0.1552
0.5000 7.7494 0.1568
0.6000 4.2373 0.1585
0.7000 -1.9092 0.1601
0.8000 -10.4784 0.1617
0.9000 -21.3877 0.1637
1.0000 -34.2895 0.1662
#TI average gradients and standard deviation in kcal/mol
0.0000 163.7976 64.5494
0.1000 31.6388 26.1635
0.2000 8.1012 24.3215
0.3000 -1.1563 20.0742
0.4000 -3.7107 15.9159
0.5000 -21.7523 16.2959
0.6000 -48.6601 16.2238
0.7000 -73.6591 16.0765
0.8000 -97.9653 17.1415
0.9000 -119.8229 18.7498
1.0000 -134.8674 21.4099
#PMF from TI in kcal/mol
0.0000 0.0000
0.1000 9.7718
0.2000 11.7588
0.3000 12.1061
0.4000 11.8627
0.5000 10.5896
0.6000 7.0689
0.7000 0.9530
0.8000 -7.6282
0.9000 -18.5176
1.0000 -31.2522
#MBAR free energy difference in kcal/mol: 
-34.289477, 0.166201  #WARNING SUBSAMPLING DISABLED, CONSIDER RERUN WITH SUBSAMPLING OPTION
#TI free energy difference in kcal/mol: 
-31.252156  #WARNING SUBSAMPLING DISABLED, CONSIDER RERUN WITH SUBSAMPLING OPTION 
Starting /export/users/common/BioSimSpace/sire.app/bin/analyse_freenrg: number of threads equals 32
