# Analysing data contained in file(s) ['lambda_0.0000/simfile.dat', 'lambda_0.1000/simfile.dat', 'lambda_0.2000/simfile.dat', 'lambda_0.3000/simfile.dat', 'lambda_0.4000/simfile.dat', 'lambda_0.5000/simfile.dat', 'lambda_0.6000/simfile.dat', 'lambda_0.7000/simfile.dat', 'lambda_0.8000/simfile.dat', 'lambda_0.9000/simfile.dat', 'lambda_1.0000/simfile.dat']
#Overlap matrix
0.9927 0.0073 0.0000 0.0000 0.0000 0.0000 0.0000 0.0000 0.0000 0.0000 0.0000
0.0073 0.9886 0.0041 0.0000 0.0000 0.0000 0.0000 0.0000 0.0000 0.0000 0.0000
0.0000 0.0041 0.9951 0.0008 0.0000 0.0000 0.0000 0.0000 0.0000 0.0000 0.0000
0.0000 0.0000 0.0008 0.9992 0.0000 0.0000 0.0000 0.0000 0.0000 0.0000 0.0000
0.0000 0.0000 0.0000 0.0000 0.9737 0.0262 0.0000 0.0000 0.0000 0.0000 0.0000
0.0000 0.0000 0.0000 0.0000 0.0262 0.9071 0.0665 0.0002 0.0000 0.0000 0.0000
0.0000 0.0000 0.0000 0.0000 0.0000 0.0665 0.8254 0.1079 0.0002 0.0000 0.0000
0.0000 0.0000 0.0000 0.0000 0.0000 0.0002 0.1079 0.7932 0.0986 0.0000 0.0000
0.0000 0.0000 0.0000 0.0000 0.0000 0.0000 0.0002 0.0986 0.8377 0.0635 0.0000
0.0000 0.0000 0.0000 0.0000 0.0000 0.0000 0.0000 0.0000 0.0635 0.8614 0.0751
0.0000 0.0000 0.0000 0.0000 0.0000 0.0000 0.0000 0.0000 0.0000 0.0751 0.9249
#DG from neighbouring lambda in kcal/mol
0.0000 0.1000 -12.4234 0.1006
0.1000 0.2000 -12.7394 0.1350
0.2000 0.3000 -15.5944 0.2977
0.3000 0.4000 -29.8088 0.2412
0.4000 0.5000 -12.4713 0.0520
0.5000 0.6000 -7.1183 0.0312
0.6000 0.7000 -9.5785 0.0233
0.7000 0.8000 -14.3199 0.0246
0.8000 0.9000 -20.2196 0.0321
0.9000 1.0000 -26.0208 0.0291
#PMF from MBAR in kcal/mol
0.0000 0.0000 0.0000
0.1000 -12.4234 0.1006
0.2000 -25.1628 0.1688
0.3000 -40.7572 0.3424
0.4000 -70.5660 0.1376
0.5000 -83.0373 0.1300
0.6000 -90.1556 0.1282
0.7000 -99.7341 0.1278
0.8000 -114.0540 0.1282
0.9000 -134.2737 0.1302
1.0000 -160.2945 0.1329
#TI average gradients and standard deviation in kcal/mol
0.0000 -132.9595 29.9379
0.1000 -120.8417 32.5873
0.2000 -140.6617 37.4656
0.3000 -165.2316 40.9786
0.4000 -216.9399 36.1931
0.5000 -73.6223 22.2422
0.6000 -79.7810 19.2936
0.7000 -116.3521 17.5756
0.8000 -170.9029 18.6950
0.9000 -234.2127 20.3895
1.0000 -272.8448 21.1648
#PMF from TI in kcal/mol
0.0000 0.0000
0.1000 -12.6901
0.2000 -25.7652
0.3000 -41.0599
0.4000 -60.1685
0.5000 -74.6966
0.6000 -82.3667
0.7000 -92.1734
0.8000 -106.5361
0.9000 -126.7919
1.0000 -152.1448
#MBAR free energy difference in kcal/mol: 
-160.294489, 0.132867  #WARNING SUBSAMPLING DISABLED, CONSIDER RERUN WITH SUBSAMPLING OPTION
#TI free energy difference in kcal/mol: 
-152.144808  #WARNING SUBSAMPLING DISABLED, CONSIDER RERUN WITH SUBSAMPLING OPTION 
Starting /export/users/common/BioSimSpace/sire.app/bin/analyse_freenrg: number of threads equals 32
