# Analysing data contained in file(s) ['lambda_0.0000/simfile.dat', 'lambda_0.1000/simfile.dat', 'lambda_0.2000/simfile.dat', 'lambda_0.3000/simfile.dat', 'lambda_0.4000/simfile.dat', 'lambda_0.5000/simfile.dat', 'lambda_0.6000/simfile.dat', 'lambda_0.7000/simfile.dat', 'lambda_0.8000/simfile.dat', 'lambda_0.9000/simfile.dat', 'lambda_1.0000/simfile.dat']
#Overlap matrix
1.0000 0.0000 0.0000 0.0000 0.0000 0.0000 0.0000 0.0000 0.0000 0.0000 0.0000
0.0000 0.9927 0.0073 0.0000 0.0000 0.0000 0.0000 0.0000 0.0000 0.0000 0.0000
0.0000 0.0073 0.9623 0.0303 0.0000 0.0000 0.0000 0.0000 0.0000 0.0000 0.0000
0.0000 0.0000 0.0303 0.9191 0.0506 0.0000 0.0000 0.0000 0.0000 0.0000 0.0000
0.0000 0.0000 0.0000 0.0506 0.8936 0.0558 0.0000 0.0000 0.0000 0.0000 0.0000
0.0000 0.0000 0.0000 0.0000 0.0558 0.8783 0.0659 0.0000 0.0000 0.0000 0.0000
0.0000 0.0000 0.0000 0.0000 0.0000 0.0659 0.8693 0.0649 0.0000 0.0000 0.0000
0.0000 0.0000 0.0000 0.0000 0.0000 0.0000 0.0649 0.8729 0.0622 0.0000 0.0000
0.0000 0.0000 0.0000 0.0000 0.0000 0.0000 0.0000 0.0622 0.8999 0.0379 0.0000
0.0000 0.0000 0.0000 0.0000 0.0000 0.0000 0.0000 0.0000 0.0379 0.9618 0.0003
0.0000 0.0000 0.0000 0.0000 0.0000 0.0000 0.0000 0.0000 0.0000 0.0003 0.9997
#DG from neighbouring lambda in kcal/mol
0.0000 0.1000 153.4956 0.1175
0.1000 0.2000 -12.1882 0.1002
0.2000 0.3000 -33.4864 0.0481
0.3000 0.4000 -52.0148 0.0365
0.4000 0.5000 -69.8991 0.0345
0.5000 0.6000 -87.8577 0.0314
0.6000 0.7000 -105.8834 0.0317
0.7000 0.8000 -124.0324 0.0324
0.8000 0.9000 -140.5293 0.0427
0.9000 1.0000 -157.4956 0.4667
#PMF from MBAR in kcal/mol
0.0000 0.0000 0.0000
0.1000 153.4956 0.1175
0.2000 141.3073 0.0752
0.3000 107.8209 0.0646
0.4000 55.8061 0.0599
0.5000 -14.0930 0.0576
0.6000 -101.9506 0.0576
0.7000 -207.8341 0.0595
0.8000 -331.8664 0.0635
0.9000 -472.3957 0.0722
1.0000 -629.8913 0.4237
#TI average gradients and standard deviation in kcal/mol
0.0000 2033.0497 98.0132
0.1000 10.1019 39.2104
0.2000 -236.0939 28.0107
0.3000 -429.8067 23.9867
0.4000 -609.0188 21.8482
0.5000 -789.3624 21.5285
0.6000 -968.0177 20.6752
0.7000 -1150.1932 20.9358
0.8000 -1327.7490 21.8503
0.9000 -1476.8032 28.9923
1.0000 -1729.6486 62.0001
#PMF from TI in kcal/mol
0.0000 0.0000
0.1000 102.1576
0.2000 90.8580
0.3000 57.5630
0.4000 5.6217
0.5000 -64.2974
0.6000 -152.1664
0.7000 -258.0769
0.8000 -381.9740
0.9000 -522.2016
1.0000 -682.5242
#MBAR free energy difference in kcal/mol: 
-629.891301, 0.423736  #WARNING SUBSAMPLING DISABLED, CONSIDER RERUN WITH SUBSAMPLING OPTION
#TI free energy difference in kcal/mol: 
-682.524228  #WARNING SUBSAMPLING DISABLED, CONSIDER RERUN WITH SUBSAMPLING OPTION 
Starting /export/users/common/BioSimSpace/sire.app/bin/analyse_freenrg: number of threads equals 32
