# Analysing data contained in file(s) ['lambda_0.0000/simfile.dat', 'lambda_0.1000/simfile.dat', 'lambda_0.2000/simfile.dat', 'lambda_0.3000/simfile.dat', 'lambda_0.4000/simfile.dat', 'lambda_0.5000/simfile.dat', 'lambda_0.6000/simfile.dat', 'lambda_0.7000/simfile.dat', 'lambda_0.8000/simfile.dat', 'lambda_0.9000/simfile.dat', 'lambda_1.0000/simfile.dat']
#Overlap matrix
0.9929 0.0071 0.0000 0.0000 0.0000 0.0000 0.0000 0.0000 0.0000 0.0000 0.0000
0.0071 0.9895 0.0034 0.0000 0.0000 0.0000 0.0000 0.0000 0.0000 0.0000 0.0000
0.0000 0.0034 0.9957 0.0009 0.0000 0.0000 0.0000 0.0000 0.0000 0.0000 0.0000
0.0000 0.0000 0.0009 0.9991 0.0000 0.0000 0.0000 0.0000 0.0000 0.0000 0.0000
0.0000 0.0000 0.0000 0.0000 0.9984 0.0016 0.0000 0.0000 0.0000 0.0000 0.0000
0.0000 0.0000 0.0000 0.0000 0.0016 0.9983 0.0001 0.0000 0.0000 0.0000 0.0000
0.0000 0.0000 0.0000 0.0000 0.0000 0.0001 0.9443 0.0555 0.0000 0.0000 0.0000
0.0000 0.0000 0.0000 0.0000 0.0000 0.0000 0.0555 0.8884 0.0561 0.0000 0.0000
0.0000 0.0000 0.0000 0.0000 0.0000 0.0000 0.0000 0.0561 0.8998 0.0441 0.0000
0.0000 0.0000 0.0000 0.0000 0.0000 0.0000 0.0000 0.0000 0.0441 0.9367 0.0192
0.0000 0.0000 0.0000 0.0000 0.0000 0.0000 0.0000 0.0000 0.0000 0.0192 0.9808
#DG from neighbouring lambda in kcal/mol
0.0000 0.1000 10.4345 0.1019
0.1000 0.2000 8.2001 0.1483
0.2000 0.3000 5.1445 0.2854
0.3000 0.4000 -10.0210 0.5885
0.4000 0.5000 1.7103 0.2181
0.5000 0.6000 7.3791 0.7115
0.6000 0.7000 16.1115 0.0346
0.7000 0.8000 13.0305 0.0344
0.8000 0.9000 5.7621 0.0393
0.9000 1.0000 -2.2402 0.0611
#PMF from MBAR in kcal/mol
0.0000 0.0000 0.0000
0.1000 10.4345 0.1019
0.2000 18.6346 0.1804
0.3000 23.7791 0.3378
0.4000 13.7580 0.5574
0.5000 15.4683 0.5260
0.6000 22.8474 0.2442
0.7000 38.9589 0.2438
0.8000 51.9894 0.2442
0.9000 57.7515 0.2457
1.0000 55.5114 0.2513
#TI average gradients and standard deviation in kcal/mol
0.0000 104.3477 30.4337
0.1000 94.8607 34.2434
0.2000 67.2051 38.9903
0.3000 36.5142 44.4322
0.4000 -108.8417 54.5044
0.5000 81.9153 48.6579
0.6000 127.1350 21.2506
0.7000 160.4253 22.1539
0.8000 95.5142 23.4391
0.9000 19.3792 25.5874
1.0000 -36.8351 28.1955
#PMF from TI in kcal/mol
0.0000 0.0000
0.1000 9.9604
0.2000 18.0637
0.3000 23.2497
0.4000 19.6333
0.5000 18.2870
0.6000 28.7395
0.7000 43.1175
0.8000 55.9145
0.9000 61.6592
1.0000 60.7864
#MBAR free energy difference in kcal/mol: 
55.511361, 0.251304  #WARNING SUBSAMPLING DISABLED, CONSIDER RERUN WITH SUBSAMPLING OPTION
#TI free energy difference in kcal/mol: 
60.786372  #WARNING SUBSAMPLING DISABLED, CONSIDER RERUN WITH SUBSAMPLING OPTION 
Starting /export/users/common/BioSimSpace/sire.app/bin/analyse_freenrg: number of threads equals 32
