# Analysing data contained in file(s) ['lambda_0.0000/simfile.dat', 'lambda_0.1000/simfile.dat', 'lambda_0.2000/simfile.dat', 'lambda_0.3000/simfile.dat', 'lambda_0.4000/simfile.dat', 'lambda_0.5000/simfile.dat', 'lambda_0.6000/simfile.dat', 'lambda_0.7000/simfile.dat', 'lambda_0.8000/simfile.dat', 'lambda_0.9000/simfile.dat', 'lambda_1.0000/simfile.dat']
#Overlap matrix
1.0000 0.0000 0.0000 0.0000 0.0000 0.0000 0.0000 0.0000 0.0000 0.0000 0.0000
0.0000 0.9970 0.0030 0.0000 0.0000 0.0000 0.0000 0.0000 0.0000 0.0000 0.0000
0.0000 0.0030 0.9801 0.0169 0.0000 0.0000 0.0000 0.0000 0.0000 0.0000 0.0000
0.0000 0.0000 0.0169 0.9247 0.0585 0.0000 0.0000 0.0000 0.0000 0.0000 0.0000
0.0000 0.0000 0.0000 0.0585 0.9109 0.0307 0.0000 0.0000 0.0000 0.0000 0.0000
0.0000 0.0000 0.0000 0.0000 0.0307 0.9023 0.0671 0.0000 0.0000 0.0000 0.0000
0.0000 0.0000 0.0000 0.0000 0.0000 0.0671 0.8998 0.0331 0.0000 0.0000 0.0000
0.0000 0.0000 0.0000 0.0000 0.0000 0.0000 0.0331 0.9201 0.0468 0.0000 0.0000
0.0000 0.0000 0.0000 0.0000 0.0000 0.0000 0.0000 0.0468 0.8935 0.0597 0.0000
0.0000 0.0000 0.0000 0.0000 0.0000 0.0000 0.0000 0.0000 0.0597 0.8798 0.0605
0.0000 0.0000 0.0000 0.0000 0.0000 0.0000 0.0000 0.0000 0.0000 0.0605 0.9395
#DG from neighbouring lambda in kcal/mol
0.0000 0.1000 44.3311 2.1311
0.1000 0.2000 24.0761 0.1569
0.2000 0.3000 16.6314 0.0654
0.3000 0.4000 14.8376 0.0336
0.4000 0.5000 12.5800 0.0478
0.5000 0.6000 7.4822 0.0311
0.6000 0.7000 1.3877 0.0459
0.7000 0.8000 -5.3297 0.0381
0.8000 0.9000 -10.3054 0.0332
0.9000 1.0000 -14.4058 0.0330
#PMF from MBAR in kcal/mol
0.0000 0.0000 0.0000
0.1000 44.3311 2.1311
0.2000 68.4072 2.1369
0.3000 85.0386 2.1379
0.4000 99.8763 2.1382
0.5000 112.4562 2.1388
0.6000 119.9384 2.1390
0.7000 121.3261 2.1396
0.8000 115.9964 2.1399
0.9000 105.6910 2.1402
1.0000 91.2852 2.1405
#TI average gradients and standard deviation in kcal/mol
0.0000 655.9194 65.1966
0.1000 308.2924 39.8317
0.2000 191.3971 31.3834
0.3000 151.6402 25.5254
0.4000 147.9897 18.1737
0.5000 97.1407 19.0555
0.6000 49.0023 22.3118
0.7000 -23.0553 24.1249
0.8000 -80.8392 22.2338
0.9000 -124.3702 21.5689
1.0000 -162.8105 23.5710
#PMF from TI in kcal/mol
0.0000 0.0000
0.1000 48.2106
0.2000 73.1951
0.3000 90.3469
0.4000 105.3284
0.5000 117.5850
0.6000 124.8921
0.7000 126.1895
0.8000 120.9947
0.9000 110.7343
1.0000 96.3752
#MBAR free energy difference in kcal/mol: 
91.285228, 2.140530  #WARNING SUBSAMPLING DISABLED, CONSIDER RERUN WITH SUBSAMPLING OPTION
#TI free energy difference in kcal/mol: 
96.375227  #WARNING SUBSAMPLING DISABLED, CONSIDER RERUN WITH SUBSAMPLING OPTION 
Starting /export/users/common/BioSimSpace/sire.app/bin/analyse_freenrg: number of threads equals 32
