# Analysing data contained in file(s) ['lambda_0.0000/simfile.dat', 'lambda_0.1000/simfile.dat', 'lambda_0.2000/simfile.dat', 'lambda_0.3000/simfile.dat', 'lambda_0.4000/simfile.dat', 'lambda_0.5000/simfile.dat', 'lambda_0.6000/simfile.dat', 'lambda_0.7000/simfile.dat', 'lambda_0.8000/simfile.dat', 'lambda_0.9000/simfile.dat', 'lambda_1.0000/simfile.dat']
#Overlap matrix
0.7782 0.2036 0.0174 0.0007 0.0000 0.0000 0.0000 0.0000 0.0000 0.0000 0.0000
0.2036 0.5188 0.2391 0.0360 0.0024 0.0001 0.0000 0.0000 0.0000 0.0000 0.0000
0.0174 0.2391 0.4533 0.2384 0.0466 0.0049 0.0002 0.0000 0.0000 0.0000 0.0000
0.0007 0.0360 0.2384 0.4243 0.2481 0.0487 0.0037 0.0001 0.0000 0.0000 0.0000
0.0000 0.0024 0.0466 0.2481 0.4649 0.2117 0.0247 0.0015 0.0000 0.0000 0.0000
0.0000 0.0001 0.0049 0.0487 0.2117 0.5214 0.1918 0.0203 0.0010 0.0000 0.0000
0.0000 0.0000 0.0002 0.0037 0.0247 0.1918 0.5528 0.2076 0.0187 0.0005 0.0000
0.0000 0.0000 0.0000 0.0001 0.0015 0.0203 0.2076 0.5620 0.1976 0.0107 0.0001
0.0000 0.0000 0.0000 0.0000 0.0000 0.0010 0.0187 0.1976 0.6074 0.1718 0.0035
0.0000 0.0000 0.0000 0.0000 0.0000 0.0000 0.0005 0.0107 0.1718 0.6844 0.1326
0.0000 0.0000 0.0000 0.0000 0.0000 0.0000 0.0000 0.0001 0.0035 0.1326 0.8638
#DG from neighbouring lambda in kcal/mol
0.0000 0.1000 6.4131 0.0138
0.1000 0.2000 4.9731 0.0104
0.2000 0.3000 4.0171 0.0093
0.3000 0.4000 3.4249 0.0086
0.4000 0.5000 3.4230 0.0107
0.5000 0.6000 3.1785 0.0128
0.6000 0.7000 2.8416 0.0124
0.7000 0.8000 2.7769 0.0135
0.8000 0.9000 3.1888 0.0159
0.9000 1.0000 4.7020 0.0200
#PMF from MBAR in kcal/mol
0.0000 0.0000 0.0000
0.1000 6.4131 0.0138
0.2000 11.3862 0.0201
0.3000 15.4033 0.0242
0.4000 18.8283 0.0272
0.5000 22.2513 0.0304
0.6000 25.4298 0.0343
0.7000 28.2714 0.0378
0.8000 31.0482 0.0413
0.9000 34.2370 0.0455
1.0000 38.9390 0.0510
#TI average gradients and standard deviation in kcal/mol
0.0000 70.0098 15.2300
0.1000 55.7880 11.0542
0.2000 44.4637 9.6623
0.3000 36.0594 9.4136
0.4000 33.8257 9.5711
0.5000 34.1709 12.6469
0.6000 29.4431 12.7920
0.7000 27.8424 12.7494
0.8000 28.3424 13.7456
0.9000 36.7642 15.7083
1.0000 62.8114 18.1783
#PMF from TI in kcal/mol
0.0000 0.0000
0.1000 6.2899
0.2000 11.3025
0.3000 15.3286
0.4000 18.8229
0.5000 22.2227
0.6000 25.4034
0.7000 28.2677
0.8000 31.0769
0.9000 34.3323
1.0000 39.3110
#MBAR free energy difference in kcal/mol: 
38.939027, 0.050975  #WARNING SUBSAMPLING DISABLED, CONSIDER RERUN WITH SUBSAMPLING OPTION
#TI free energy difference in kcal/mol: 
39.311040  #WARNING SUBSAMPLING DISABLED, CONSIDER RERUN WITH SUBSAMPLING OPTION 
Starting /export/users/common/BioSimSpace/sire.app/bin/analyse_freenrg: number of threads equals 32
