# Analysing data contained in file(s) ['lambda_0.0000/simfile.dat', 'lambda_0.1000/simfile.dat', 'lambda_0.2000/simfile.dat', 'lambda_0.3000/simfile.dat', 'lambda_0.4000/simfile.dat', 'lambda_0.5000/simfile.dat', 'lambda_0.6000/simfile.dat', 'lambda_0.7000/simfile.dat', 'lambda_0.8000/simfile.dat', 'lambda_0.9000/simfile.dat', 'lambda_1.0000/simfile.dat']
#Overlap matrix
1.0000 0.0000 0.0000 0.0000 0.0000 0.0000 0.0000 0.0000 0.0000 0.0000 0.0000
0.0000 1.0000 0.0000 0.0000 0.0000 0.0000 0.0000 0.0000 0.0000 0.0000 0.0000
0.0000 0.0000 1.0000 0.0000 0.0000 0.0000 0.0000 0.0000 0.0000 0.0000 0.0000
0.0000 0.0000 0.0000 1.0000 0.0000 0.0000 0.0000 0.0000 0.0000 0.0000 0.0000
0.0000 0.0000 0.0000 0.0000 1.0000 0.0000 0.0000 0.0000 0.0000 0.0000 0.0000
0.0000 0.0000 0.0000 0.0000 0.0000 0.9928 0.0072 0.0000 0.0000 0.0000 0.0000
0.0000 0.0000 0.0000 0.0000 0.0000 0.0072 0.9807 0.0121 0.0000 0.0000 0.0000
0.0000 0.0000 0.0000 0.0000 0.0000 0.0000 0.0121 0.9794 0.0085 0.0000 0.0000
0.0000 0.0000 0.0000 0.0000 0.0000 0.0000 0.0000 0.0085 0.9749 0.0167 0.0000
0.0000 0.0000 0.0000 0.0000 0.0000 0.0000 0.0000 0.0000 0.0167 0.9534 0.0299
0.0000 0.0000 0.0000 0.0000 0.0000 0.0000 0.0000 0.0000 0.0000 0.0299 0.9701
#DG from neighbouring lambda in kcal/mol
0.0000 0.1000 -5.7859 2.3811
0.1000 0.2000 -5.8010 24.2699
0.2000 0.3000 -7.9796 17.0720
0.3000 0.4000 -6.3526 48.4244
0.4000 0.5000 0.2016 1.9299
0.5000 0.6000 12.6151 0.1013
0.6000 0.7000 17.9923 0.0775
0.7000 0.8000 14.3942 0.0932
0.8000 0.9000 7.8413 0.0658
0.9000 1.0000 4.0169 0.0485
#PMF from MBAR in kcal/mol
0.0000 0.0000 0.0000
0.1000 -5.7859 2.3811
0.2000 -11.5869 24.3864
0.3000 -19.5665 29.7683
0.4000 -25.9191 56.8425
0.5000 -25.7175 56.8753
0.6000 -13.1024 56.8754
0.7000 4.8900 56.8754
0.8000 19.2842 56.8755
0.9000 27.1255 56.8755
1.0000 31.1424 56.8756
#TI average gradients and standard deviation in kcal/mol
0.0000 -86.4655 49.1571
0.1000 -36.7326 49.6563
0.2000 -43.2621 53.2597
0.3000 -48.4862 57.1554
0.4000 -47.2922 60.0051
0.5000 59.4972 38.8632
0.6000 178.0333 30.0077
0.7000 173.6355 28.0718
0.8000 108.7153 29.3064
0.9000 54.0041 25.0418
1.0000 64.5726 27.2869
#PMF from TI in kcal/mol
0.0000 0.0000
0.1000 -6.1599
0.2000 -10.1596
0.3000 -14.7471
0.4000 -19.5360
0.5000 -18.9257
0.6000 -7.0492
0.7000 10.5342
0.8000 24.6518
0.9000 32.7877
1.0000 38.7166
#MBAR free energy difference in kcal/mol: 
31.142376, 56.875557  #WARNING SUBSAMPLING DISABLED, CONSIDER RERUN WITH SUBSAMPLING OPTION
#TI free energy difference in kcal/mol: 
38.716577  #WARNING SUBSAMPLING DISABLED, CONSIDER RERUN WITH SUBSAMPLING OPTION 
Starting /export/users/common/BioSimSpace/sire.app/bin/analyse_freenrg: number of threads equals 32
