# Analysing data contained in file(s) ['lambda_0.0000/simfile.dat', 'lambda_0.1000/simfile.dat', 'lambda_0.2000/simfile.dat', 'lambda_0.3000/simfile.dat', 'lambda_0.4000/simfile.dat', 'lambda_0.5000/simfile.dat', 'lambda_0.6000/simfile.dat', 'lambda_0.7000/simfile.dat', 'lambda_0.8000/simfile.dat', 'lambda_0.9000/simfile.dat', 'lambda_1.0000/simfile.dat']
#Overlap matrix
0.9991 0.0009 0.0000 0.0000 0.0000 0.0000 0.0000 0.0000 0.0000 0.0000 0.0000
0.0009 0.9938 0.0053 0.0000 0.0000 0.0000 0.0000 0.0000 0.0000 0.0000 0.0000
0.0000 0.0053 0.9907 0.0040 0.0000 0.0000 0.0000 0.0000 0.0000 0.0000 0.0000
0.0000 0.0000 0.0040 0.9811 0.0149 0.0000 0.0000 0.0000 0.0000 0.0000 0.0000
0.0000 0.0000 0.0000 0.0149 0.9500 0.0351 0.0000 0.0000 0.0000 0.0000 0.0000
0.0000 0.0000 0.0000 0.0000 0.0351 0.9232 0.0417 0.0000 0.0000 0.0000 0.0000
0.0000 0.0000 0.0000 0.0000 0.0000 0.0417 0.8973 0.0610 0.0000 0.0000 0.0000
0.0000 0.0000 0.0000 0.0000 0.0000 0.0000 0.0610 0.9190 0.0200 0.0000 0.0000
0.0000 0.0000 0.0000 0.0000 0.0000 0.0000 0.0000 0.0200 0.9652 0.0148 0.0000
0.0000 0.0000 0.0000 0.0000 0.0000 0.0000 0.0000 0.0000 0.0148 0.9606 0.0246
0.0000 0.0000 0.0000 0.0000 0.0000 0.0000 0.0000 0.0000 0.0000 0.0246 0.9754
#DG from neighbouring lambda in kcal/mol
0.0000 0.1000 40.2810 0.2856
0.1000 0.2000 29.1632 0.1183
0.2000 0.3000 17.9239 0.1367
0.3000 0.4000 3.6188 0.0698
0.4000 0.5000 -2.6087 0.0445
0.5000 0.6000 -6.4850 0.0406
0.6000 0.7000 -9.1604 0.0328
0.7000 0.8000 -16.3810 0.0599
0.8000 0.9000 -27.4262 0.0701
0.9000 1.0000 -37.4029 0.0538
#PMF from MBAR in kcal/mol
0.0000 0.0000 0.0000
0.1000 40.2810 0.2856
0.2000 69.4442 0.3094
0.3000 87.3682 0.3385
0.4000 90.9869 0.3458
0.5000 88.3782 0.3489
0.6000 81.8932 0.3515
0.7000 72.7328 0.3532
0.8000 56.3518 0.3585
0.9000 28.9256 0.3655
1.0000 -8.4773 0.3696
#TI average gradients and standard deviation in kcal/mol
0.0000 455.4499 46.3152
0.1000 344.8020 37.2884
0.2000 238.6615 31.8640
0.3000 90.3338 39.6152
0.4000 -1.7208 25.7615
0.5000 -47.6038 24.5774
0.6000 -78.1862 21.9589
0.7000 -114.7600 26.6074
0.8000 -214.3838 28.3198
0.9000 -327.9099 26.4425
1.0000 -395.0703 28.9135
#PMF from TI in kcal/mol
0.0000 0.0000
0.1000 40.0126
0.2000 69.1858
0.3000 85.6355
0.4000 90.0662
0.5000 87.6000
0.6000 81.3105
0.7000 71.6631
0.8000 55.2060
0.9000 28.0913
1.0000 -8.0577
#MBAR free energy difference in kcal/mol: 
-8.477320, 0.369591  #WARNING SUBSAMPLING DISABLED, CONSIDER RERUN WITH SUBSAMPLING OPTION
#TI free energy difference in kcal/mol: 
-8.057744  #WARNING SUBSAMPLING DISABLED, CONSIDER RERUN WITH SUBSAMPLING OPTION 
Starting /export/users/common/BioSimSpace/sire.app/bin/analyse_freenrg: number of threads equals 32
