# Analysing data contained in file(s) ['lambda_0.0000/simfile.dat', 'lambda_0.1000/simfile.dat', 'lambda_0.2000/simfile.dat', 'lambda_0.3000/simfile.dat', 'lambda_0.4000/simfile.dat', 'lambda_0.5000/simfile.dat', 'lambda_0.6000/simfile.dat', 'lambda_0.7000/simfile.dat', 'lambda_0.8000/simfile.dat', 'lambda_0.9000/simfile.dat', 'lambda_1.0000/simfile.dat']
#Overlap matrix
1.0000 0.0000 0.0000 0.0000 0.0000 0.0000 0.0000 0.0000 0.0000 0.0000 0.0000
0.0000 1.0000 0.0000 0.0000 0.0000 0.0000 0.0000 0.0000 0.0000 0.0000 0.0000
0.0000 0.0000 1.0000 0.0000 0.0000 0.0000 0.0000 0.0000 0.0000 0.0000 0.0000
0.0000 0.0000 0.0000 1.0000 0.0000 0.0000 0.0000 0.0000 0.0000 0.0000 0.0000
0.0000 0.0000 0.0000 0.0000 0.9969 0.0031 0.0000 0.0000 0.0000 0.0000 0.0000
0.0000 0.0000 0.0000 0.0000 0.0031 0.9951 0.0018 0.0000 0.0000 0.0000 0.0000
0.0000 0.0000 0.0000 0.0000 0.0000 0.0018 0.9925 0.0057 0.0000 0.0000 0.0000
0.0000 0.0000 0.0000 0.0000 0.0000 0.0000 0.0057 0.9882 0.0060 0.0000 0.0000
0.0000 0.0000 0.0000 0.0000 0.0000 0.0000 0.0000 0.0060 0.9864 0.0076 0.0000
0.0000 0.0000 0.0000 0.0000 0.0000 0.0000 0.0000 0.0000 0.0076 0.9831 0.0093
0.0000 0.0000 0.0000 0.0000 0.0000 0.0000 0.0000 0.0000 0.0000 0.0093 0.9907
#DG from neighbouring lambda in kcal/mol
0.0000 0.1000 13.7560 1885.9997
0.1000 0.2000 17.3041 3846.4447
0.2000 0.3000 21.1338 2288.3035
0.3000 0.4000 15.2289 265.8926
0.4000 0.5000 40.7394 0.1539
0.5000 0.6000 42.6628 0.2042
0.6000 0.7000 30.2819 0.1135
0.7000 0.8000 17.4544 0.1106
0.8000 0.9000 3.5415 0.0986
0.9000 1.0000 -5.2136 0.0887
#PMF from MBAR in kcal/mol
0.0000 0.0000 0.0000
0.1000 13.7560 1885.9997
0.2000 31.0601 1960.4434
0.3000 52.1939 327.8591
0.4000 67.4228 61.9641
0.5000 108.1623 61.9640
0.6000 150.8250 61.9639
0.7000 181.1069 61.9638
0.8000 198.5614 61.9639
0.9000 202.1028 61.9639
1.0000 196.8892 61.9639
#TI average gradients and standard deviation in kcal/mol
0.0000 109.0888 69.1775
0.1000 159.6994 70.0424
0.2000 209.8392 71.6016
0.3000 227.2476 81.2702
0.4000 293.5913 46.0321
0.5000 470.1310 34.6309
0.6000 362.5357 32.3695
0.7000 238.1130 33.8540
0.8000 96.1363 39.1141
0.9000 -12.8276 30.1903
1.0000 -61.8897 30.6086
#PMF from TI in kcal/mol
0.0000 0.0000
0.1000 13.4394
0.2000 31.9163
0.3000 53.7707
0.4000 79.8126
0.5000 117.9987
0.6000 159.6321
0.7000 189.6645
0.8000 206.3770
0.9000 210.5424
1.0000 206.8066
#MBAR free energy difference in kcal/mol: 
196.889209, 61.963937  #WARNING SUBSAMPLING DISABLED, CONSIDER RERUN WITH SUBSAMPLING OPTION
#TI free energy difference in kcal/mol: 
206.806551  #WARNING SUBSAMPLING DISABLED, CONSIDER RERUN WITH SUBSAMPLING OPTION 
Starting /export/users/common/BioSimSpace/sire.app/bin/analyse_freenrg: number of threads equals 32
