# Analysing data contained in file(s) ['lambda_0.0000/simfile.dat', 'lambda_0.1000/simfile.dat', 'lambda_0.2000/simfile.dat', 'lambda_0.3000/simfile.dat', 'lambda_0.4000/simfile.dat', 'lambda_0.5000/simfile.dat', 'lambda_0.6000/simfile.dat', 'lambda_0.7000/simfile.dat', 'lambda_0.8000/simfile.dat', 'lambda_0.9000/simfile.dat', 'lambda_1.0000/simfile.dat']
#Overlap matrix
0.8833 0.1150 0.0017 0.0000 0.0000 0.0000 0.0000 0.0000 0.0000 0.0000 0.0000
0.1150 0.7203 0.1597 0.0049 0.0000 0.0000 0.0000 0.0000 0.0000 0.0000 0.0000
0.0017 0.1597 0.6501 0.1804 0.0080 0.0001 0.0000 0.0000 0.0000 0.0000 0.0000
0.0000 0.0049 0.1804 0.6071 0.1968 0.0106 0.0002 0.0000 0.0000 0.0000 0.0000
0.0000 0.0000 0.0080 0.1968 0.5801 0.2010 0.0138 0.0002 0.0000 0.0000 0.0000
0.0000 0.0000 0.0001 0.0106 0.2010 0.5543 0.2161 0.0176 0.0003 0.0000 0.0000
0.0000 0.0000 0.0000 0.0002 0.0138 0.2161 0.5252 0.2257 0.0188 0.0003 0.0000
0.0000 0.0000 0.0000 0.0000 0.0002 0.0176 0.2257 0.5214 0.2201 0.0148 0.0001
0.0000 0.0000 0.0000 0.0000 0.0000 0.0003 0.0188 0.2201 0.5479 0.2046 0.0083
0.0000 0.0000 0.0000 0.0000 0.0000 0.0000 0.0003 0.0148 0.2046 0.6025 0.1778
0.0000 0.0000 0.0000 0.0000 0.0000 0.0000 0.0000 0.0001 0.0083 0.1778 0.8138
#DG from neighbouring lambda in kcal/mol
0.0000 0.1000 3.1058 0.0222
0.1000 0.2000 3.8848 0.0173
0.2000 0.3000 4.0221 0.0154
0.3000 0.4000 3.8467 0.0141
0.4000 0.5000 3.5372 0.0136
0.5000 0.6000 3.2224 0.0124
0.6000 0.7000 2.9896 0.0118
0.7000 0.8000 2.8675 0.0121
0.8000 0.9000 2.9754 0.0134
0.9000 1.0000 3.3658 0.0159
#PMF from MBAR in kcal/mol
0.0000 0.0000 0.0000
0.1000 3.1058 0.0222
0.2000 6.9907 0.0305
0.3000 11.0128 0.0360
0.4000 14.8595 0.0402
0.5000 18.3966 0.0438
0.6000 21.6190 0.0467
0.7000 24.6085 0.0493
0.8000 27.4761 0.0518
0.9000 30.4515 0.0546
1.0000 33.8172 0.0579
#TI average gradients and standard deviation in kcal/mol
0.0000 21.2787 19.6548
0.1000 36.3885 15.6539
0.2000 40.2107 14.2786
0.3000 39.8878 12.9668
0.4000 36.9406 12.6599
0.5000 33.7405 11.9851
0.6000 30.7912 11.4523
0.7000 28.9982 11.1293
0.8000 28.6047 11.9722
0.9000 31.2702 13.0822
1.0000 41.2072 15.4790
#PMF from TI in kcal/mol
0.0000 0.0000
0.1000 2.8834
0.2000 6.7133
0.3000 10.7183
0.4000 14.5597
0.5000 18.0937
0.6000 21.3203
0.7000 24.3098
0.8000 27.1899
0.9000 30.1837
1.0000 33.8076
#MBAR free energy difference in kcal/mol: 
33.817245, 0.057882  #WARNING SUBSAMPLING DISABLED, CONSIDER RERUN WITH SUBSAMPLING OPTION
#TI free energy difference in kcal/mol: 
33.807551  #WARNING SUBSAMPLING DISABLED, CONSIDER RERUN WITH SUBSAMPLING OPTION 
Starting /export/users/common/BioSimSpace/sire.app/bin/analyse_freenrg: number of threads equals 32
