# Analysing data contained in file(s) ['lambda_0.0000/simfile.dat', 'lambda_0.1000/simfile.dat', 'lambda_0.2000/simfile.dat', 'lambda_0.3000/simfile.dat', 'lambda_0.4000/simfile.dat', 'lambda_0.5000/simfile.dat', 'lambda_0.6000/simfile.dat', 'lambda_0.7000/simfile.dat', 'lambda_0.8000/simfile.dat', 'lambda_0.9000/simfile.dat', 'lambda_1.0000/simfile.dat']
#Overlap matrix
1.0000 0.0000 0.0000 0.0000 0.0000 0.0000 0.0000 0.0000 0.0000 0.0000 0.0000
0.0000 0.9997 0.0003 0.0000 0.0000 0.0000 0.0000 0.0000 0.0000 0.0000 0.0000
0.0000 0.0003 0.9953 0.0044 0.0000 0.0000 0.0000 0.0000 0.0000 0.0000 0.0000
0.0000 0.0000 0.0044 0.9709 0.0247 0.0000 0.0000 0.0000 0.0000 0.0000 0.0000
0.0000 0.0000 0.0000 0.0247 0.9331 0.0422 0.0000 0.0000 0.0000 0.0000 0.0000
0.0000 0.0000 0.0000 0.0000 0.0422 0.9174 0.0405 0.0000 0.0000 0.0000 0.0000
0.0000 0.0000 0.0000 0.0000 0.0000 0.0405 0.9227 0.0368 0.0000 0.0000 0.0000
0.0000 0.0000 0.0000 0.0000 0.0000 0.0000 0.0368 0.9394 0.0238 0.0000 0.0000
0.0000 0.0000 0.0000 0.0000 0.0000 0.0000 0.0000 0.0238 0.9706 0.0056 0.0000
0.0000 0.0000 0.0000 0.0000 0.0000 0.0000 0.0000 0.0000 0.0056 0.9944 0.0000
0.0000 0.0000 0.0000 0.0000 0.0000 0.0000 0.0000 0.0000 0.0000 0.0000 1.0000
#DG from neighbouring lambda in kcal/mol
0.0000 0.1000 37.4732 0.4600
0.1000 0.2000 8.3367 0.5012
0.2000 0.3000 3.8631 0.1297
0.3000 0.4000 3.8488 0.0537
0.4000 0.5000 3.5153 0.0403
0.5000 0.6000 1.1122 0.0412
0.6000 0.7000 -2.2500 0.0434
0.7000 0.8000 -6.1210 0.0547
0.8000 0.9000 -13.4883 0.1150
0.9000 1.0000 -128.3690 0.1360
#PMF from MBAR in kcal/mol
0.0000 0.0000 0.0000
0.1000 37.4732 0.4600
0.2000 45.8098 0.1269
0.3000 49.6729 0.0817
0.4000 53.5217 0.0753
0.5000 57.0370 0.0740
0.6000 58.1492 0.0754
0.7000 55.8992 0.0797
0.8000 49.7782 0.0900
0.9000 36.2899 0.1360
1.0000 -92.0791 0.0000
#TI average gradients and standard deviation in kcal/mol
0.0000 3828.5508 44896.8813
0.1000 165.8937 53.7416
0.2000 55.4540 38.1590
0.3000 34.9853 28.8878
0.4000 40.7271 24.0924
0.5000 25.3903 24.1527
0.6000 -5.0139 24.9782
0.7000 -39.6482 25.1258
0.8000 -87.4877 28.5339
0.9000 -208.0674 42.0757
1.0000 -2227.8247 93.9965
#PMF from TI in kcal/mol
0.0000 0.0000
0.1000 199.7222
0.2000 210.7896
0.3000 215.3116
0.4000 219.0972
0.5000 222.4031
0.6000 223.4219
0.7000 221.1888
0.8000 214.8320
0.9000 200.0542
1.0000 78.2596
#MBAR free energy difference in kcal/mol: 
-92.079093, 0.000000  #WARNING SUBSAMPLING DISABLED, CONSIDER RERUN WITH SUBSAMPLING OPTION
#TI free energy difference in kcal/mol: 
78.259644  #WARNING SUBSAMPLING DISABLED, CONSIDER RERUN WITH SUBSAMPLING OPTION 
Starting /export/users/common/BioSimSpace/sire.app/bin/analyse_freenrg: number of threads equals 32
