# Analysing data contained in file(s) ['lambda_0.0000/simfile.dat', 'lambda_0.1000/simfile.dat', 'lambda_0.2000/simfile.dat', 'lambda_0.3000/simfile.dat', 'lambda_0.4000/simfile.dat', 'lambda_0.5000/simfile.dat', 'lambda_0.6000/simfile.dat', 'lambda_0.7000/simfile.dat', 'lambda_0.8000/simfile.dat', 'lambda_0.9000/simfile.dat', 'lambda_1.0000/simfile.dat']
#Overlap matrix
0.9977 0.0023 0.0000 0.0000 0.0000 0.0000 0.0000 0.0000 0.0000 0.0000 0.0000
0.0023 0.9970 0.0006 0.0000 0.0000 0.0000 0.0000 0.0000 0.0000 0.0000 0.0000
0.0000 0.0006 0.9988 0.0005 0.0000 0.0000 0.0000 0.0000 0.0000 0.0000 0.0000
0.0000 0.0000 0.0005 0.9995 0.0000 0.0000 0.0000 0.0000 0.0000 0.0000 0.0000
0.0000 0.0000 0.0000 0.0000 0.9935 0.0065 0.0000 0.0000 0.0000 0.0000 0.0000
0.0000 0.0000 0.0000 0.0000 0.0065 0.9754 0.0181 0.0000 0.0000 0.0000 0.0000
0.0000 0.0000 0.0000 0.0000 0.0000 0.0181 0.9187 0.0631 0.0000 0.0000 0.0000
0.0000 0.0000 0.0000 0.0000 0.0000 0.0000 0.0631 0.8778 0.0590 0.0000 0.0000
0.0000 0.0000 0.0000 0.0000 0.0000 0.0000 0.0000 0.0590 0.8972 0.0438 0.0000
0.0000 0.0000 0.0000 0.0000 0.0000 0.0000 0.0000 0.0000 0.0438 0.8597 0.0966
0.0000 0.0000 0.0000 0.0000 0.0000 0.0000 0.0000 0.0000 0.0000 0.0966 0.9034
#DG from neighbouring lambda in kcal/mol
0.0000 0.1000 -8.8893 0.1781
0.1000 0.2000 -6.9614 0.3472
0.2000 0.3000 -8.1798 0.3732
0.3000 0.4000 -16.1784 1011.2193
0.4000 0.5000 0.3808 0.1068
0.5000 0.6000 8.1638 0.0630
0.6000 0.7000 9.5972 0.0322
0.7000 0.8000 7.5141 0.0334
0.8000 0.9000 3.0812 0.0395
0.9000 1.0000 -0.2662 0.0250
#PMF from MBAR in kcal/mol
0.0000 0.0000 0.0000
0.1000 -8.8893 0.1781
0.2000 -15.8507 0.3904
0.3000 -24.0305 0.5403
0.4000 -40.2089 1011.2195
0.5000 -39.8281 1011.2195
0.6000 -31.6643 1011.2195
0.7000 -22.0671 1011.2195
0.8000 -14.5530 1011.2195
0.9000 -11.4717 1011.2195
1.0000 -11.7380 1011.2195
#TI average gradients and standard deviation in kcal/mol
0.0000 -132.9693 34.5320
0.1000 -66.1326 38.5019
0.2000 -73.6828 42.8830
0.3000 -82.1643 45.6098
0.4000 -100.1584 39.8166
0.5000 69.1061 28.9804
0.6000 91.4853 24.1299
0.7000 92.2159 20.6243
0.8000 54.8793 21.4931
0.9000 7.3705 20.9809
1.0000 10.5753 17.4226
#PMF from TI in kcal/mol
0.0000 0.0000
0.1000 -9.9551
0.2000 -16.9459
0.3000 -24.7382
0.4000 -33.8543
0.5000 -35.4070
0.6000 -27.3774
0.7000 -18.1923
0.8000 -10.8376
0.9000 -7.7251
1.0000 -6.8278
#MBAR free energy difference in kcal/mol: 
-11.737980, 1011.219480  #WARNING SUBSAMPLING DISABLED, CONSIDER RERUN WITH SUBSAMPLING OPTION
#TI free energy difference in kcal/mol: 
-6.827783  #WARNING SUBSAMPLING DISABLED, CONSIDER RERUN WITH SUBSAMPLING OPTION 
Starting /export/users/common/BioSimSpace/sire.app/bin/analyse_freenrg: number of threads equals 32
