# Analysing data contained in file(s) ['lambda_0.0000/simfile.dat', 'lambda_0.1000/simfile.dat', 'lambda_0.2000/simfile.dat', 'lambda_0.3000/simfile.dat', 'lambda_0.4000/simfile.dat', 'lambda_0.5000/simfile.dat', 'lambda_0.6000/simfile.dat', 'lambda_0.7000/simfile.dat', 'lambda_0.8000/simfile.dat', 'lambda_0.9000/simfile.dat', 'lambda_1.0000/simfile.dat']
#Overlap matrix
0.9830 0.0170 0.0000 0.0000 0.0000 0.0000 0.0000 0.0000 0.0000 0.0000 0.0000
0.0170 0.9701 0.0129 0.0000 0.0000 0.0000 0.0000 0.0000 0.0000 0.0000 0.0000
0.0000 0.0129 0.9618 0.0253 0.0000 0.0000 0.0000 0.0000 0.0000 0.0000 0.0000
0.0000 0.0000 0.0253 0.9354 0.0392 0.0000 0.0000 0.0000 0.0000 0.0000 0.0000
0.0000 0.0000 0.0000 0.0392 0.9389 0.0219 0.0000 0.0000 0.0000 0.0000 0.0000
0.0000 0.0000 0.0000 0.0000 0.0219 0.9754 0.0027 0.0000 0.0000 0.0000 0.0000
0.0000 0.0000 0.0000 0.0000 0.0000 0.0027 0.9973 0.0000 0.0000 0.0000 0.0000
0.0000 0.0000 0.0000 0.0000 0.0000 0.0000 0.0000 1.0000 0.0000 0.0000 0.0000
0.0000 0.0000 0.0000 0.0000 0.0000 0.0000 0.0000 0.0000 0.9999 0.0001 0.0000
0.0000 0.0000 0.0000 0.0000 0.0000 0.0000 0.0000 0.0000 0.0001 0.9997 0.0002
0.0000 0.0000 0.0000 0.0000 0.0000 0.0000 0.0000 0.0000 0.0000 0.0002 0.9998
#DG from neighbouring lambda in kcal/mol
0.0000 0.1000 5.6964 0.0652
0.1000 0.2000 -1.7221 0.0753
0.2000 0.3000 -12.4191 0.0530
0.3000 0.4000 -20.5868 0.0419
0.4000 0.5000 -23.8783 0.0572
0.5000 0.6000 0.2477 0.1650
0.6000 0.7000 41.2277 62.8972
0.7000 0.8000 12.1764 83.8609
0.8000 0.9000 5.1207 0.7771
0.9000 1.0000 10.3845 0.6302
#PMF from MBAR in kcal/mol
0.0000 0.0000 0.0000
0.1000 5.6964 0.0652
0.2000 3.9743 0.1003
0.3000 -8.4448 0.1141
0.4000 -29.0316 0.1222
0.5000 -52.9099 0.1355
0.6000 -52.6622 0.2138
0.7000 -11.4345 62.8971
0.8000 0.7419 20.9696
0.9000 5.8626 20.9696
1.0000 16.2471 20.9743
#TI average gradients and standard deviation in kcal/mol
0.0000 820.6337 41044.3187
0.1000 27.1244 28.1528
0.2000 -71.8450 30.3935
0.3000 -170.3991 24.6829
0.4000 -235.6808 26.1411
0.5000 -201.9866 27.9075
0.6000 316.4458 65.6844
0.7000 113.9546 60.6268
0.8000 84.1640 58.9564
0.9000 65.3857 47.1586
1.0000 187.6275 51.5707
#PMF from TI in kcal/mol
0.0000 0.0000
0.1000 42.3879
0.2000 40.1519
0.3000 28.0397
0.4000 7.7357
0.5000 -14.1477
0.6000 -8.4247
0.7000 13.0953
0.8000 23.0012
0.9000 30.4787
1.0000 43.1294
#MBAR free energy difference in kcal/mol: 
16.247096, 20.974337  #WARNING SUBSAMPLING DISABLED, CONSIDER RERUN WITH SUBSAMPLING OPTION
#TI free energy difference in kcal/mol: 
43.129376  #WARNING SUBSAMPLING DISABLED, CONSIDER RERUN WITH SUBSAMPLING OPTION 
Starting /export/users/common/BioSimSpace/sire.app/bin/analyse_freenrg: number of threads equals 32
