# Analysing data contained in file(s) ['lambda_0.0000/simfile.dat', 'lambda_0.1000/simfile.dat', 'lambda_0.2000/simfile.dat', 'lambda_0.3000/simfile.dat', 'lambda_0.4000/simfile.dat', 'lambda_0.5000/simfile.dat', 'lambda_0.6000/simfile.dat', 'lambda_0.7000/simfile.dat', 'lambda_0.8000/simfile.dat', 'lambda_0.9000/simfile.dat', 'lambda_1.0000/simfile.dat']
#Overlap matrix
0.9327 0.0673 0.0000 0.0000 0.0000 0.0000 0.0000 0.0000 0.0000 0.0000 0.0000
0.0673 0.8618 0.0708 0.0000 0.0000 0.0000 0.0000 0.0000 0.0000 0.0000 0.0000
0.0000 0.0708 0.8570 0.0722 0.0000 0.0000 0.0000 0.0000 0.0000 0.0000 0.0000
0.0000 0.0000 0.0722 0.8674 0.0604 0.0000 0.0000 0.0000 0.0000 0.0000 0.0000
0.0000 0.0000 0.0000 0.0604 0.8892 0.0504 0.0000 0.0000 0.0000 0.0000 0.0000
0.0000 0.0000 0.0000 0.0000 0.0504 0.8958 0.0538 0.0000 0.0000 0.0000 0.0000
0.0000 0.0000 0.0000 0.0000 0.0000 0.0538 0.9244 0.0217 0.0000 0.0000 0.0000
0.0000 0.0000 0.0000 0.0000 0.0000 0.0000 0.0217 0.9702 0.0081 0.0000 0.0000
0.0000 0.0000 0.0000 0.0000 0.0000 0.0000 0.0000 0.0081 0.9855 0.0064 0.0000
0.0000 0.0000 0.0000 0.0000 0.0000 0.0000 0.0000 0.0000 0.0064 0.9900 0.0035
0.0000 0.0000 0.0000 0.0000 0.0000 0.0000 0.0000 0.0000 0.0000 0.0035 0.9965
#DG from neighbouring lambda in kcal/mol
0.0000 0.1000 0.6890 0.0310
0.1000 0.2000 0.9364 0.0301
0.2000 0.3000 1.1710 0.0298
0.3000 0.4000 1.6576 0.0330
0.4000 0.5000 1.5101 0.0365
0.5000 0.6000 3.1566 0.0352
0.6000 0.7000 7.1452 0.0574
0.7000 0.8000 11.0203 0.0956
0.8000 0.9000 13.7714 0.1070
0.9000 1.0000 17.8454 0.1450
#PMF from MBAR in kcal/mol
0.0000 0.0000 0.0000
0.1000 0.6890 0.0310
0.2000 1.6253 0.0449
0.3000 2.7964 0.0553
0.4000 4.4540 0.0655
0.5000 5.9641 0.0760
0.6000 9.1208 0.0846
0.7000 16.2660 0.1030
0.8000 27.2863 0.1410
0.9000 41.0576 0.1775
1.0000 58.9030 0.2295
#TI average gradients and standard deviation in kcal/mol
0.0000 -9.4307 20.9334
0.1000 8.3844 20.9968
0.2000 10.2343 20.4881
0.3000 14.2835 20.3960
0.4000 16.1600 22.6920
0.5000 17.7045 21.4613
0.6000 49.4696 24.7391
0.7000 92.7380 30.8273
0.8000 122.5414 33.6657
0.9000 155.1692 35.1783
1.0000 202.9110 37.2030
#PMF from TI in kcal/mol
0.0000 0.0000
0.1000 -0.0523
0.2000 0.8786
0.3000 2.1045
0.4000 3.6267
0.5000 5.3199
0.6000 8.6786
0.7000 15.7890
0.8000 26.5530
0.9000 40.4385
1.0000 58.3425
#MBAR free energy difference in kcal/mol: 
58.903037, 0.229533  #WARNING SUBSAMPLING DISABLED, CONSIDER RERUN WITH SUBSAMPLING OPTION
#TI free energy difference in kcal/mol: 
58.342500  #WARNING SUBSAMPLING DISABLED, CONSIDER RERUN WITH SUBSAMPLING OPTION 
Starting /export/users/common/BioSimSpace/sire.app/bin/analyse_freenrg: number of threads equals 32
