# Analysing data contained in file(s) ['lambda_0.0000/simfile.dat', 'lambda_0.1000/simfile.dat', 'lambda_0.2000/simfile.dat', 'lambda_0.3000/simfile.dat', 'lambda_0.4000/simfile.dat', 'lambda_0.5000/simfile.dat', 'lambda_0.6000/simfile.dat', 'lambda_0.7000/simfile.dat', 'lambda_0.8000/simfile.dat', 'lambda_0.9000/simfile.dat', 'lambda_1.0000/simfile.dat']
#Overlap matrix
1.0000 0.0000 0.0000 0.0000 0.0000 0.0000 0.0000 0.0000 0.0000 0.0000 0.0000
0.0000 1.0000 0.0000 0.0000 0.0000 0.0000 0.0000 0.0000 0.0000 0.0000 0.0000
0.0000 0.0000 1.0000 0.0000 0.0000 0.0000 0.0000 0.0000 0.0000 0.0000 0.0000
0.0000 0.0000 0.0000 1.0000 0.0000 0.0000 0.0000 0.0000 0.0000 0.0000 0.0000
0.0000 0.0000 0.0000 0.0000 0.9983 0.0017 0.0000 0.0000 0.0000 0.0000 0.0000
0.0000 0.0000 0.0000 0.0000 0.0017 0.9756 0.0227 0.0000 0.0000 0.0000 0.0000
0.0000 0.0000 0.0000 0.0000 0.0000 0.0227 0.9124 0.0650 0.0000 0.0000 0.0000
0.0000 0.0000 0.0000 0.0000 0.0000 0.0000 0.0650 0.9077 0.0273 0.0000 0.0000
0.0000 0.0000 0.0000 0.0000 0.0000 0.0000 0.0000 0.0273 0.9682 0.0045 0.0000
0.0000 0.0000 0.0000 0.0000 0.0000 0.0000 0.0000 0.0000 0.0045 0.9955 0.0000
0.0000 0.0000 0.0000 0.0000 0.0000 0.0000 0.0000 0.0000 0.0000 0.0000 1.0000
#DG from neighbouring lambda in kcal/mol
0.0000 0.1000 59.6435 263.1709
0.1000 0.2000 -1.7814 7.0298
0.2000 0.3000 -14.4608 789.3631
0.3000 0.4000 -59.8446 526.2392
0.4000 0.5000 -4.4395 0.2075
0.5000 0.6000 15.6570 0.0561
0.6000 0.7000 14.6612 0.0317
0.7000 0.8000 5.9221 0.0509
0.8000 0.9000 -8.2352 0.1281
0.9000 1.0000 -45.9629 0.1205
#PMF from MBAR in kcal/mol
0.0000 0.0000 0.0000
0.1000 59.6435 263.1709
0.2000 57.8621 263.1396
0.3000 43.4013 526.2392
0.4000 -16.4433 0.1802
0.5000 -20.8828 0.0605
0.6000 -5.2257 0.0506
0.7000 9.4354 0.0506
0.8000 15.3575 0.0589
0.9000 7.1223 0.1205
1.0000 -38.8406 0.0000
#TI average gradients and standard deviation in kcal/mol
0.0000 1344.3140 73.3135
0.1000 74.6811 60.9606
0.2000 -70.2719 55.9803
0.3000 -162.2552 64.3309
0.4000 -304.3240 59.8758
0.5000 120.5241 32.8402
0.6000 168.4160 22.6525
0.7000 113.3897 21.8608
0.8000 -3.1668 27.8666
0.9000 -179.5773 38.8577
1.0000 -1940.6050 93.1010
#PMF from TI in kcal/mol
0.0000 0.0000
0.1000 70.9498
0.2000 71.1702
0.3000 59.5439
0.4000 36.2149
0.5000 27.0249
0.6000 41.4719
0.7000 55.5622
0.8000 61.0734
0.9000 51.9361
1.0000 -54.0730
#MBAR free energy difference in kcal/mol: 
-38.840576, 0.000000  #WARNING SUBSAMPLING DISABLED, CONSIDER RERUN WITH SUBSAMPLING OPTION
#TI free energy difference in kcal/mol: 
-54.072973  #WARNING SUBSAMPLING DISABLED, CONSIDER RERUN WITH SUBSAMPLING OPTION 
Starting /export/users/common/BioSimSpace/sire.app/bin/analyse_freenrg: number of threads equals 32
