# Analysing data contained in file(s) ['lambda_0.0000/simfile.dat', 'lambda_0.1000/simfile.dat', 'lambda_0.2000/simfile.dat', 'lambda_0.3000/simfile.dat', 'lambda_0.4000/simfile.dat', 'lambda_0.5000/simfile.dat', 'lambda_0.6000/simfile.dat', 'lambda_0.7000/simfile.dat', 'lambda_0.8000/simfile.dat', 'lambda_0.9000/simfile.dat', 'lambda_1.0000/simfile.dat']
#Overlap matrix
0.9645 0.0355 0.0000 0.0000 0.0000 0.0000 0.0000 0.0000 0.0000 0.0000 0.0000
0.0355 0.8629 0.1013 0.0003 0.0000 0.0000 0.0000 0.0000 0.0000 0.0000 0.0000
0.0000 0.1013 0.7674 0.1308 0.0005 0.0000 0.0000 0.0000 0.0000 0.0000 0.0000
0.0000 0.0003 0.1308 0.7376 0.1307 0.0005 0.0000 0.0000 0.0000 0.0000 0.0000
0.0000 0.0000 0.0005 0.1307 0.7467 0.1219 0.0001 0.0000 0.0000 0.0000 0.0000
0.0000 0.0000 0.0000 0.0005 0.1219 0.7940 0.0835 0.0001 0.0000 0.0000 0.0000
0.0000 0.0000 0.0000 0.0000 0.0001 0.0835 0.8348 0.0816 0.0000 0.0000 0.0000
0.0000 0.0000 0.0000 0.0000 0.0000 0.0001 0.0816 0.9083 0.0100 0.0000 0.0000
0.0000 0.0000 0.0000 0.0000 0.0000 0.0000 0.0000 0.0100 0.9900 0.0000 0.0000
0.0000 0.0000 0.0000 0.0000 0.0000 0.0000 0.0000 0.0000 0.0000 1.0000 0.0000
0.0000 0.0000 0.0000 0.0000 0.0000 0.0000 0.0000 0.0000 0.0000 0.0000 1.0000
#DG from neighbouring lambda in kcal/mol
0.0000 0.1000 8.5636 0.0443
0.1000 0.2000 5.8131 0.0242
0.2000 0.3000 4.7074 0.0205
0.3000 0.4000 3.7412 0.0205
0.4000 0.5000 2.8665 0.0215
0.5000 0.6000 1.4407 0.0273
0.6000 0.7000 1.4689 0.0277
0.7000 0.8000 6.4149 0.0856
0.8000 0.9000 5.7039 31.5843
0.9000 1.0000 -45.2230 28.4259
#PMF from MBAR in kcal/mol
0.0000 0.0000 0.0000
0.1000 8.5636 0.0443
0.2000 14.3767 0.0519
0.3000 19.0841 0.0571
0.4000 22.8253 0.0618
0.5000 25.6919 0.0666
0.6000 27.1325 0.0730
0.7000 28.6014 0.0790
0.8000 35.0163 0.1171
0.9000 40.7202 31.5845
1.0000 -4.5027 3.1589
#TI average gradients and standard deviation in kcal/mol
0.0000 111.5919 29.5460
0.1000 66.6559 19.5799
0.2000 51.4400 16.9049
0.3000 42.5103 16.7736
0.4000 32.9425 16.2786
0.5000 22.9359 18.9106
0.6000 8.4384 19.1159
0.7000 29.4657 22.2084
0.8000 91.5190 44.2982
0.9000 -59.0953 60.4201
1.0000 -6314.5249 1724.2030
#PMF from TI in kcal/mol
0.0000 0.0000
0.1000 8.9124
0.2000 14.8172
0.3000 19.5147
0.4000 23.2873
0.5000 26.0813
0.6000 27.6500
0.7000 29.5452
0.8000 35.5944
0.9000 37.2156
1.0000 -281.4654
#MBAR free energy difference in kcal/mol: 
-4.502718, 3.158943  #WARNING SUBSAMPLING DISABLED, CONSIDER RERUN WITH SUBSAMPLING OPTION
#TI free energy difference in kcal/mol: 
-281.465415  #WARNING SUBSAMPLING DISABLED, CONSIDER RERUN WITH SUBSAMPLING OPTION 
Starting /export/users/common/BioSimSpace/sire.app/bin/analyse_freenrg: number of threads equals 32
