# Analysing data contained in file(s) ['lambda_0.0000/simfile.dat', 'lambda_0.1000/simfile.dat', 'lambda_0.2000/simfile.dat', 'lambda_0.3000/simfile.dat', 'lambda_0.4000/simfile.dat', 'lambda_0.5000/simfile.dat', 'lambda_0.6000/simfile.dat', 'lambda_0.7000/simfile.dat', 'lambda_0.8000/simfile.dat', 'lambda_0.9000/simfile.dat', 'lambda_1.0000/simfile.dat']
#Overlap matrix
0.9973 0.0027 0.0000 0.0000 0.0000 0.0000 0.0000 0.0000 0.0000 0.0000 0.0000
0.0027 0.9937 0.0036 0.0000 0.0000 0.0000 0.0000 0.0000 0.0000 0.0000 0.0000
0.0000 0.0036 0.9930 0.0035 0.0000 0.0000 0.0000 0.0000 0.0000 0.0000 0.0000
0.0000 0.0000 0.0035 0.9940 0.0025 0.0000 0.0000 0.0000 0.0000 0.0000 0.0000
0.0000 0.0000 0.0000 0.0025 0.9972 0.0004 0.0000 0.0000 0.0000 0.0000 0.0000
0.0000 0.0000 0.0000 0.0000 0.0004 0.9994 0.0002 0.0000 0.0000 0.0000 0.0000
0.0000 0.0000 0.0000 0.0000 0.0000 0.0002 0.8367 0.1455 0.0173 0.0002 0.0000
0.0000 0.0000 0.0000 0.0000 0.0000 0.0000 0.1455 0.6455 0.2043 0.0046 0.0000
0.0000 0.0000 0.0000 0.0000 0.0000 0.0000 0.0173 0.2043 0.6287 0.1491 0.0005
0.0000 0.0000 0.0000 0.0000 0.0000 0.0000 0.0002 0.0046 0.1491 0.7036 0.1425
0.0000 0.0000 0.0000 0.0000 0.0000 0.0000 0.0000 0.0000 0.0005 0.1425 0.8570
#DG from neighbouring lambda in kcal/mol
0.0000 0.1000 -14.4613 0.1662
0.1000 0.2000 -6.2332 0.1441
0.2000 0.3000 -4.1936 0.1464
0.3000 0.4000 -3.7013 0.1730
0.4000 0.5000 -4.1566 0.4573
0.5000 0.6000 -7.1722 0.5695
0.6000 0.7000 8.6960 0.0177
0.7000 0.8000 13.1008 0.0136
0.8000 0.9000 10.6908 0.0183
0.9000 1.0000 6.9133 0.0193
#PMF from MBAR in kcal/mol
0.0000 0.0000 0.0000
0.1000 -14.4613 0.1662
0.2000 -20.6945 0.2203
0.3000 -24.8882 0.2648
0.4000 -28.5895 0.3165
0.5000 -32.7460 0.5563
0.6000 -39.9182 0.7962
0.7000 -31.2221 0.7964
0.8000 -18.1214 0.7965
0.9000 -7.4305 0.7967
1.0000 -0.5172 0.7970
#TI average gradients and standard deviation in kcal/mol
0.0000 -237.5600 40.3880
0.1000 -83.3310 34.6511
0.2000 -47.1699 34.4614
0.3000 -37.5587 36.0954
0.4000 -31.8240 37.4862
0.5000 -68.6568 54.3595
0.6000 15.6064 22.3275
0.7000 128.0595 11.9059
0.8000 124.1147 13.4032
0.9000 86.1396 17.9812
1.0000 107.1989 13.3827
#PMF from TI in kcal/mol
0.0000 0.0000
0.1000 -16.0445
0.2000 -22.5696
0.3000 -26.8060
0.4000 -30.2752
0.5000 -35.2992
0.6000 -37.9517
0.7000 -30.7684
0.8000 -18.1597
0.9000 -7.6470
1.0000 2.0199
#MBAR free energy difference in kcal/mol: 
-0.517216, 0.796975  #WARNING SUBSAMPLING DISABLED, CONSIDER RERUN WITH SUBSAMPLING OPTION
#TI free energy difference in kcal/mol: 
2.019923  #WARNING SUBSAMPLING DISABLED, CONSIDER RERUN WITH SUBSAMPLING OPTION 
Starting /export/users/common/BioSimSpace/sire.app/bin/analyse_freenrg: number of threads equals 32
