# Analysing data contained in file(s) ['lambda_0.0000/simfile.dat', 'lambda_0.1000/simfile.dat', 'lambda_0.2000/simfile.dat', 'lambda_0.3000/simfile.dat', 'lambda_0.4000/simfile.dat', 'lambda_0.5000/simfile.dat', 'lambda_0.6000/simfile.dat', 'lambda_0.7000/simfile.dat', 'lambda_0.8000/simfile.dat', 'lambda_0.9000/simfile.dat', 'lambda_1.0000/simfile.dat']
#Overlap matrix
0.9090 0.0910 0.0000 0.0000 0.0000 0.0000 0.0000 0.0000 0.0000 0.0000 0.0000
0.0910 0.8605 0.0485 0.0000 0.0000 0.0000 0.0000 0.0000 0.0000 0.0000 0.0000
0.0000 0.0485 0.8522 0.0976 0.0018 0.0000 0.0000 0.0000 0.0000 0.0000 0.0000
0.0000 0.0000 0.0976 0.7236 0.1752 0.0036 0.0000 0.0000 0.0000 0.0000 0.0000
0.0000 0.0000 0.0018 0.1752 0.7263 0.0962 0.0006 0.0000 0.0000 0.0000 0.0000
0.0000 0.0000 0.0000 0.0036 0.0962 0.8600 0.0403 0.0000 0.0000 0.0000 0.0000
0.0000 0.0000 0.0000 0.0000 0.0006 0.0403 0.9591 0.0000 0.0000 0.0000 0.0000
0.0000 0.0000 0.0000 0.0000 0.0000 0.0000 0.0000 0.9982 0.0018 0.0000 0.0000
0.0000 0.0000 0.0000 0.0000 0.0000 0.0000 0.0000 0.0018 0.9919 0.0062 0.0000
0.0000 0.0000 0.0000 0.0000 0.0000 0.0000 0.0000 0.0000 0.0062 0.9836 0.0101
0.0000 0.0000 0.0000 0.0000 0.0000 0.0000 0.0000 0.0000 0.0000 0.0101 0.9899
#DG from neighbouring lambda in kcal/mol
0.0000 0.1000 0.4963 0.0259
0.1000 0.2000 -4.5566 0.0373
0.2000 0.3000 -11.0542 0.0246
0.3000 0.4000 -13.8095 0.0163
0.4000 0.5000 -13.8898 0.0244
0.5000 0.6000 -6.0740 0.0410
0.6000 0.7000 12.2700 0.1692
0.7000 0.8000 1.5401 0.2026
0.8000 0.9000 0.9580 0.1088
0.9000 1.0000 2.5369 0.0851
#PMF from MBAR in kcal/mol
0.0000 0.0000 0.0000
0.1000 0.4963 0.0259
0.2000 -4.0603 0.0471
0.3000 -15.1145 0.0545
0.4000 -28.9241 0.0580
0.5000 -42.8139 0.0639
0.6000 -48.8879 0.0768
0.7000 -36.6179 0.1683
0.8000 -35.0777 0.0878
0.9000 -34.1197 0.0878
1.0000 -31.5829 0.1068
#TI average gradients and standard deviation in kcal/mol
0.0000 11.2196 18.2061
0.1000 -15.2965 19.9767
0.2000 -81.6061 22.5409
0.3000 -131.0157 14.5878
0.4000 -140.3674 17.4163
0.5000 -125.6591 19.5053
0.6000 42.6765 34.9196
0.7000 17.2500 39.9877
0.8000 11.0131 35.5405
0.9000 13.6555 32.6509
1.0000 51.1841 29.4100
#PMF from TI in kcal/mol
0.0000 0.0000
0.1000 -0.2038
0.2000 -5.0490
0.3000 -15.6801
0.4000 -29.2492
0.5000 -42.5505
0.6000 -46.6997
0.7000 -43.7033
0.8000 -42.2902
0.9000 -41.0568
1.0000 -37.8148
#MBAR free energy difference in kcal/mol: 
-31.582852, 0.106822  #WARNING SUBSAMPLING DISABLED, CONSIDER RERUN WITH SUBSAMPLING OPTION
#TI free energy difference in kcal/mol: 
-37.814778  #WARNING SUBSAMPLING DISABLED, CONSIDER RERUN WITH SUBSAMPLING OPTION 
Starting /export/users/common/BioSimSpace/sire.app/bin/analyse_freenrg: number of threads equals 32
