# Analysing data contained in file(s) ['lambda_0.0000/simfile.dat', 'lambda_0.1000/simfile.dat', 'lambda_0.2000/simfile.dat', 'lambda_0.3000/simfile.dat', 'lambda_0.4000/simfile.dat', 'lambda_0.5000/simfile.dat', 'lambda_0.6000/simfile.dat', 'lambda_0.7000/simfile.dat', 'lambda_0.8000/simfile.dat', 'lambda_0.9000/simfile.dat', 'lambda_1.0000/simfile.dat']
#Overlap matrix
0.9990 0.0010 0.0000 0.0000 0.0000 0.0000 0.0000 0.0000 0.0000 0.0000 0.0000
0.0010 0.9983 0.0008 0.0000 0.0000 0.0000 0.0000 0.0000 0.0000 0.0000 0.0000
0.0000 0.0008 0.9991 0.0001 0.0000 0.0000 0.0000 0.0000 0.0000 0.0000 0.0000
0.0000 0.0000 0.0001 0.9999 0.0000 0.0000 0.0000 0.0000 0.0000 0.0000 0.0000
0.0000 0.0000 0.0000 0.0000 0.9927 0.0073 0.0000 0.0000 0.0000 0.0000 0.0000
0.0000 0.0000 0.0000 0.0000 0.0073 0.9715 0.0212 0.0000 0.0000 0.0000 0.0000
0.0000 0.0000 0.0000 0.0000 0.0000 0.0212 0.9324 0.0463 0.0000 0.0000 0.0000
0.0000 0.0000 0.0000 0.0000 0.0000 0.0000 0.0463 0.8961 0.0575 0.0000 0.0000
0.0000 0.0000 0.0000 0.0000 0.0000 0.0000 0.0000 0.0575 0.9023 0.0401 0.0000
0.0000 0.0000 0.0000 0.0000 0.0000 0.0000 0.0000 0.0000 0.0401 0.9060 0.0539
0.0000 0.0000 0.0000 0.0000 0.0000 0.0000 0.0000 0.0000 0.0000 0.0539 0.9461
#DG from neighbouring lambda in kcal/mol
0.0000 0.1000 -16.3271 0.2789
0.1000 0.2000 -13.6452 0.3120
0.2000 0.3000 -16.6167 0.8677
0.3000 0.4000 -29.0975 0.6804
0.4000 0.5000 -9.2387 0.1008
0.5000 0.6000 -2.3284 0.0581
0.6000 0.7000 -3.0740 0.0383
0.7000 0.8000 -6.3402 0.0339
0.8000 0.9000 -11.5551 0.0414
0.9000 1.0000 -16.6233 0.0352
#PMF from MBAR in kcal/mol
0.0000 0.0000 0.0000
0.1000 -16.3271 0.2789
0.2000 -29.9724 0.4187
0.3000 -46.5891 0.9635
0.4000 -75.6866 0.3542
0.5000 -84.9253 0.3437
0.6000 -87.2536 0.3415
0.7000 -90.3276 0.3411
0.8000 -96.6679 0.3414
0.9000 -108.2230 0.3426
1.0000 -124.8462 0.3440
#TI average gradients and standard deviation in kcal/mol
0.0000 -203.4279 38.2526
0.1000 -135.4445 38.1077
0.2000 -152.5309 44.1455
0.3000 -179.5951 48.4502
0.4000 -196.0979 40.4903
0.5000 -29.7568 28.8440
0.6000 -23.2392 24.6885
0.7000 -43.4517 21.3873
0.8000 -87.3511 22.3055
0.9000 -145.4220 24.0021
1.0000 -157.4558 22.7212
#PMF from TI in kcal/mol
0.0000 0.0000
0.1000 -16.9436
0.2000 -31.3424
0.3000 -47.9487
0.4000 -66.7333
0.5000 -78.0261
0.6000 -80.6759
0.7000 -84.0104
0.8000 -90.5506
0.9000 -102.1892
1.0000 -117.3331
#MBAR free energy difference in kcal/mol: 
-124.846234, 0.344013  #WARNING SUBSAMPLING DISABLED, CONSIDER RERUN WITH SUBSAMPLING OPTION
#TI free energy difference in kcal/mol: 
-117.333106  #WARNING SUBSAMPLING DISABLED, CONSIDER RERUN WITH SUBSAMPLING OPTION 
Starting /export/users/common/BioSimSpace/sire.app/bin/analyse_freenrg: number of threads equals 32
