# Analysing data contained in file(s) ['lambda_0.0000/simfile.dat', 'lambda_0.1000/simfile.dat', 'lambda_0.2000/simfile.dat', 'lambda_0.3000/simfile.dat', 'lambda_0.4000/simfile.dat', 'lambda_0.5000/simfile.dat', 'lambda_0.6000/simfile.dat', 'lambda_0.7000/simfile.dat', 'lambda_0.8000/simfile.dat', 'lambda_0.9000/simfile.dat', 'lambda_1.0000/simfile.dat']
#Overlap matrix
0.9962 0.0038 0.0000 0.0000 0.0000 0.0000 0.0000 0.0000 0.0000 0.0000 0.0000
0.0038 0.9540 0.0421 0.0000 0.0000 0.0000 0.0000 0.0000 0.0000 0.0000 0.0000
0.0000 0.0421 0.8683 0.0895 0.0001 0.0000 0.0000 0.0000 0.0000 0.0000 0.0000
0.0000 0.0000 0.0895 0.7941 0.1156 0.0008 0.0000 0.0000 0.0000 0.0000 0.0000
0.0000 0.0000 0.0001 0.1156 0.7204 0.1604 0.0035 0.0000 0.0000 0.0000 0.0000
0.0000 0.0000 0.0000 0.0008 0.1604 0.6446 0.1940 0.0001 0.0000 0.0000 0.0000
0.0000 0.0000 0.0000 0.0000 0.0035 0.1940 0.7779 0.0246 0.0000 0.0000 0.0000
0.0000 0.0000 0.0000 0.0000 0.0000 0.0001 0.0246 0.8617 0.1135 0.0000 0.0000
0.0000 0.0000 0.0000 0.0000 0.0000 0.0000 0.0000 0.1135 0.8345 0.0519 0.0000
0.0000 0.0000 0.0000 0.0000 0.0000 0.0000 0.0000 0.0000 0.0519 0.9480 0.0000
0.0000 0.0000 0.0000 0.0000 0.0000 0.0000 0.0000 0.0000 0.0000 0.0000 1.0000
#DG from neighbouring lambda in kcal/mol
0.0000 0.1000 25.1078 0.1392
0.1000 0.2000 12.6762 0.0403
0.2000 0.3000 7.0705 0.0262
0.3000 0.4000 3.3028 0.0222
0.4000 0.5000 0.9876 0.0175
0.5000 0.6000 -0.1346 0.0151
0.6000 0.7000 -2.2740 0.0535
0.7000 0.8000 -6.6687 0.0226
0.8000 0.9000 -10.5318 0.0359
0.9000 1.0000 -78.0682 0.0607
#PMF from MBAR in kcal/mol
0.0000 0.0000 0.0000
0.1000 25.1078 0.1392
0.2000 37.7841 0.1454
0.3000 44.8546 0.1483
0.4000 48.1573 0.1504
0.5000 49.1450 0.1519
0.6000 49.0104 0.1531
0.7000 46.7364 0.1626
0.8000 40.0677 0.1646
0.9000 29.5359 0.1689
1.0000 -48.5323 0.1342
#TI average gradients and standard deviation in kcal/mol
0.0000 344.7808 41.8210
0.1000 170.1998 32.8599
0.2000 93.8070 22.8330
0.3000 50.5300 19.1617
0.4000 19.1331 15.5570
0.5000 2.3165 13.7955
0.6000 -3.4255 13.5743
0.7000 -54.3381 16.0445
0.8000 -81.8671 19.4403
0.9000 -138.4229 30.0933
1.0000 -1970.4313 556.9271
#PMF from TI in kcal/mol
0.0000 0.0000
0.1000 25.7490
0.2000 38.9494
0.3000 46.1662
0.4000 49.6494
0.5000 50.7219
0.6000 50.6664
0.7000 47.7782
0.8000 40.9680
0.9000 29.9535
1.0000 -75.4893
#MBAR free energy difference in kcal/mol: 
-48.532338, 0.134165  #WARNING SUBSAMPLING DISABLED, CONSIDER RERUN WITH SUBSAMPLING OPTION
#TI free energy difference in kcal/mol: 
-75.489255  #WARNING SUBSAMPLING DISABLED, CONSIDER RERUN WITH SUBSAMPLING OPTION 
Starting /export/users/common/BioSimSpace/sire.app/bin/analyse_freenrg: number of threads equals 32
