# Analysing data contained in file(s) ['lambda_0.0000/simfile.dat', 'lambda_0.1000/simfile.dat', 'lambda_0.2000/simfile.dat', 'lambda_0.3000/simfile.dat', 'lambda_0.4000/simfile.dat', 'lambda_0.5000/simfile.dat', 'lambda_0.6000/simfile.dat', 'lambda_0.7000/simfile.dat', 'lambda_0.8000/simfile.dat', 'lambda_0.9000/simfile.dat', 'lambda_1.0000/simfile.dat']
#Overlap matrix
0.9953 0.0047 0.0000 0.0000 0.0000 0.0000 0.0000 0.0000 0.0000 0.0000 0.0000
0.0047 0.9877 0.0077 0.0000 0.0000 0.0000 0.0000 0.0000 0.0000 0.0000 0.0000
0.0000 0.0077 0.9784 0.0139 0.0000 0.0000 0.0000 0.0000 0.0000 0.0000 0.0000
0.0000 0.0000 0.0139 0.9723 0.0138 0.0000 0.0000 0.0000 0.0000 0.0000 0.0000
0.0000 0.0000 0.0000 0.0138 0.9728 0.0134 0.0000 0.0000 0.0000 0.0000 0.0000
0.0000 0.0000 0.0000 0.0000 0.0134 0.9783 0.0084 0.0000 0.0000 0.0000 0.0000
0.0000 0.0000 0.0000 0.0000 0.0000 0.0084 0.9142 0.0773 0.0001 0.0000 0.0000
0.0000 0.0000 0.0000 0.0000 0.0000 0.0000 0.0773 0.8357 0.0868 0.0001 0.0000
0.0000 0.0000 0.0000 0.0000 0.0000 0.0000 0.0001 0.0868 0.8021 0.1107 0.0003
0.0000 0.0000 0.0000 0.0000 0.0000 0.0000 0.0000 0.0001 0.1107 0.7725 0.1166
0.0000 0.0000 0.0000 0.0000 0.0000 0.0000 0.0000 0.0000 0.0003 0.1166 0.8831
#DG from neighbouring lambda in kcal/mol
0.0000 0.1000 -10.9480 0.1261
0.1000 0.2000 -1.8484 0.0980
0.2000 0.3000 -0.2744 0.0723
0.3000 0.4000 -0.3241 0.0726
0.4000 0.5000 -0.9316 0.0738
0.5000 0.6000 -1.5409 0.0938
0.6000 0.7000 1.5622 0.0286
0.7000 0.8000 2.8537 0.0266
0.8000 0.9000 1.3195 0.0229
0.9000 1.0000 -0.0739 0.0221
#PMF from MBAR in kcal/mol
0.0000 0.0000 0.0000
0.1000 -10.9480 0.1261
0.2000 -12.7964 0.1602
0.3000 -13.0708 0.1762
0.4000 -13.3950 0.1909
0.5000 -14.3265 0.2051
0.6000 -15.8675 0.2258
0.7000 -14.3053 0.2280
0.8000 -11.4516 0.2298
0.9000 -10.1321 0.2313
1.0000 -10.2060 0.2327
#TI average gradients and standard deviation in kcal/mol
0.0000 -229.0435 36.1740
0.1000 -39.5810 31.0789
0.2000 -8.0777 29.4573
0.3000 -1.8685 29.8535
0.4000 -6.7026 29.7478
0.5000 -11.4836 30.9991
0.6000 -10.4175 26.1375
0.7000 32.1275 19.3041
0.8000 20.9763 18.7464
0.9000 6.0599 17.3621
1.0000 24.1957 17.2080
#PMF from TI in kcal/mol
0.0000 0.0000
0.1000 -13.4312
0.2000 -15.8142
0.3000 -16.3115
0.4000 -16.7400
0.5000 -17.6493
0.6000 -18.7444
0.7000 -17.6589
0.8000 -15.0037
0.9000 -13.6519
1.0000 -12.1391
#MBAR free energy difference in kcal/mol: 
-10.206018, 0.232668  #WARNING SUBSAMPLING DISABLED, CONSIDER RERUN WITH SUBSAMPLING OPTION
#TI free energy difference in kcal/mol: 
-12.139113  #WARNING SUBSAMPLING DISABLED, CONSIDER RERUN WITH SUBSAMPLING OPTION 
Starting /export/users/common/BioSimSpace/sire.app/bin/analyse_freenrg: number of threads equals 32
