# Analysing data contained in file(s) ['lambda_0.0000/simfile.dat', 'lambda_0.1000/simfile.dat', 'lambda_0.2000/simfile.dat', 'lambda_0.3000/simfile.dat', 'lambda_0.4000/simfile.dat', 'lambda_0.5000/simfile.dat', 'lambda_0.6000/simfile.dat', 'lambda_0.7000/simfile.dat', 'lambda_0.8000/simfile.dat', 'lambda_0.9000/simfile.dat', 'lambda_1.0000/simfile.dat']
#Overlap matrix
0.9958 0.0042 0.0000 0.0000 0.0000 0.0000 0.0000 0.0000 0.0000 0.0000 0.0000
0.0042 0.9892 0.0065 0.0000 0.0000 0.0000 0.0000 0.0000 0.0000 0.0000 0.0000
0.0000 0.0065 0.9879 0.0056 0.0000 0.0000 0.0000 0.0000 0.0000 0.0000 0.0000
0.0000 0.0000 0.0056 0.9823 0.0122 0.0000 0.0000 0.0000 0.0000 0.0000 0.0000
0.0000 0.0000 0.0000 0.0122 0.9658 0.0220 0.0000 0.0000 0.0000 0.0000 0.0000
0.0000 0.0000 0.0000 0.0000 0.0220 0.9510 0.0270 0.0000 0.0000 0.0000 0.0000
0.0000 0.0000 0.0000 0.0000 0.0000 0.0270 0.9408 0.0321 0.0000 0.0000 0.0000
0.0000 0.0000 0.0000 0.0000 0.0000 0.0000 0.0321 0.9171 0.0508 0.0000 0.0000
0.0000 0.0000 0.0000 0.0000 0.0000 0.0000 0.0000 0.0508 0.8873 0.0619 0.0000
0.0000 0.0000 0.0000 0.0000 0.0000 0.0000 0.0000 0.0000 0.0619 0.8641 0.0740
0.0000 0.0000 0.0000 0.0000 0.0000 0.0000 0.0000 0.0000 0.0000 0.0740 0.9260
#DG from neighbouring lambda in kcal/mol
0.0000 0.1000 -7.4831 0.1327
0.1000 0.2000 -5.0522 0.1063
0.2000 0.3000 -4.1083 0.1154
0.3000 0.4000 -2.2031 0.0774
0.4000 0.5000 0.1735 0.0570
0.5000 0.6000 0.8534 0.0512
0.6000 0.7000 0.3793 0.0467
0.7000 0.8000 0.5371 0.0364
0.8000 0.9000 0.7827 0.0325
0.9000 1.0000 1.1494 0.0294
#PMF from MBAR in kcal/mol
0.0000 0.0000 0.0000
0.1000 -7.4831 0.1327
0.2000 -12.5353 0.1704
0.3000 -16.6436 0.2062
0.4000 -18.8467 0.2206
0.5000 -18.6732 0.2281
0.6000 -17.8198 0.2341
0.7000 -17.4405 0.2391
0.8000 -16.9034 0.2421
0.9000 -16.1207 0.2446
1.0000 -14.9713 0.2467
#TI average gradients and standard deviation in kcal/mol
0.0000 -96.1202 36.2659
0.1000 -59.1827 34.5116
0.2000 -43.8017 34.8526
0.3000 -34.4058 32.3302
0.4000 -7.5389 26.9195
0.5000 7.6328 25.3228
0.6000 6.4677 25.2977
0.7000 3.3925 22.6438
0.8000 6.4716 22.0137
0.9000 9.2809 21.0145
1.0000 27.6060 19.2755
#PMF from TI in kcal/mol
0.0000 0.0000
0.1000 -7.7651
0.2000 -12.9144
0.3000 -16.8247
0.4000 -18.9220
0.5000 -18.9173
0.6000 -18.2123
0.7000 -17.7192
0.8000 -17.2260
0.9000 -16.4384
1.0000 -14.5941
#MBAR free energy difference in kcal/mol: 
-14.971281, 0.246657  #WARNING SUBSAMPLING DISABLED, CONSIDER RERUN WITH SUBSAMPLING OPTION
#TI free energy difference in kcal/mol: 
-14.594070  #WARNING SUBSAMPLING DISABLED, CONSIDER RERUN WITH SUBSAMPLING OPTION 
Starting /export/users/common/BioSimSpace/sire.app/bin/analyse_freenrg: number of threads equals 32
