# Analysing data contained in file(s) ['lambda_0.0000/simfile.dat', 'lambda_0.1000/simfile.dat', 'lambda_0.2000/simfile.dat', 'lambda_0.3000/simfile.dat', 'lambda_0.4000/simfile.dat', 'lambda_0.5000/simfile.dat', 'lambda_0.6000/simfile.dat', 'lambda_0.7000/simfile.dat', 'lambda_0.8000/simfile.dat', 'lambda_0.9000/simfile.dat', 'lambda_1.0000/simfile.dat']
#Overlap matrix
0.9993 0.0007 0.0000 0.0000 0.0000 0.0000 0.0000 0.0000 0.0000 0.0000 0.0000
0.0007 0.9985 0.0008 0.0000 0.0000 0.0000 0.0000 0.0000 0.0000 0.0000 0.0000
0.0000 0.0008 0.9983 0.0008 0.0000 0.0000 0.0000 0.0000 0.0000 0.0000 0.0000
0.0000 0.0000 0.0008 0.9980 0.0011 0.0000 0.0000 0.0000 0.0000 0.0000 0.0000
0.0000 0.0000 0.0000 0.0011 0.9980 0.0009 0.0000 0.0000 0.0000 0.0000 0.0000
0.0000 0.0000 0.0000 0.0000 0.0009 0.9991 0.0000 0.0000 0.0000 0.0000 0.0000
0.0000 0.0000 0.0000 0.0000 0.0000 0.0000 0.9495 0.0505 0.0000 0.0000 0.0000
0.0000 0.0000 0.0000 0.0000 0.0000 0.0000 0.0505 0.9077 0.0418 0.0000 0.0000
0.0000 0.0000 0.0000 0.0000 0.0000 0.0000 0.0000 0.0418 0.9177 0.0405 0.0000
0.0000 0.0000 0.0000 0.0000 0.0000 0.0000 0.0000 0.0000 0.0405 0.9244 0.0351
0.0000 0.0000 0.0000 0.0000 0.0000 0.0000 0.0000 0.0000 0.0000 0.0351 0.9649
#DG from neighbouring lambda in kcal/mol
0.0000 0.1000 -1.7120 0.3380
0.1000 0.2000 -0.3790 0.3007
0.2000 0.3000 0.7927 0.2971
0.3000 0.4000 1.1814 0.2592
0.4000 0.5000 2.0659 0.2914
0.5000 0.6000 -10.7307 472.5797
0.6000 0.7000 8.9237 0.0365
0.7000 0.8000 10.8384 0.0405
0.8000 0.9000 6.6971 0.0412
0.9000 1.0000 1.3618 0.0445
#PMF from MBAR in kcal/mol
0.0000 0.0000 0.0000
0.1000 -1.7120 0.3380
0.2000 -2.0910 0.4526
0.3000 -1.2983 0.5415
0.4000 -0.1169 0.6005
0.5000 1.9490 0.6676
0.6000 -8.7817 472.5802
0.7000 0.1420 472.5802
0.8000 10.9804 472.5802
0.9000 17.6775 472.5802
1.0000 19.0393 472.5802
#TI average gradients and standard deviation in kcal/mol
0.0000 -45.9146 41.8237
0.1000 2.4780 39.4263
0.2000 6.2384 40.1839
0.3000 1.2285 41.5479
0.4000 16.6977 37.6956
0.5000 4.7002 49.1118
0.6000 20.0006 24.1913
0.7000 119.1350 22.1177
0.8000 89.9224 22.1937
0.9000 41.0857 24.5142
1.0000 10.8207 20.8571
#PMF from TI in kcal/mol
0.0000 0.0000
0.1000 -2.1718
0.2000 -1.7360
0.3000 -1.3627
0.4000 -0.4663
0.5000 0.6035
0.6000 1.8386
0.7000 8.7954
0.8000 19.2482
0.9000 25.7986
1.0000 28.3940
#MBAR free energy difference in kcal/mol: 
19.039296, 472.580221  #WARNING SUBSAMPLING DISABLED, CONSIDER RERUN WITH SUBSAMPLING OPTION
#TI free energy difference in kcal/mol: 
28.393953  #WARNING SUBSAMPLING DISABLED, CONSIDER RERUN WITH SUBSAMPLING OPTION 
Starting /export/users/common/BioSimSpace/sire.app/bin/analyse_freenrg: number of threads equals 32
