# Analysing data contained in file(s) ['lambda_0.0000/simfile.dat', 'lambda_0.1000/simfile.dat', 'lambda_0.2000/simfile.dat', 'lambda_0.3000/simfile.dat', 'lambda_0.4000/simfile.dat', 'lambda_0.5000/simfile.dat', 'lambda_0.6000/simfile.dat', 'lambda_0.7000/simfile.dat', 'lambda_0.8000/simfile.dat', 'lambda_0.9000/simfile.dat', 'lambda_1.0000/simfile.dat']
#Overlap matrix
0.9999 0.0001 0.0000 0.0000 0.0000 0.0000 0.0000 0.0000 0.0000 0.0000 0.0000
0.0001 0.9999 0.0000 0.0000 0.0000 0.0000 0.0000 0.0000 0.0000 0.0000 0.0000
0.0000 0.0000 1.0000 0.0000 0.0000 0.0000 0.0000 0.0000 0.0000 0.0000 0.0000
0.0000 0.0000 0.0000 1.0000 0.0000 0.0000 0.0000 0.0000 0.0000 0.0000 0.0000
0.0000 0.0000 0.0000 0.0000 0.9971 0.0029 0.0000 0.0000 0.0000 0.0000 0.0000
0.0000 0.0000 0.0000 0.0000 0.0029 0.9821 0.0145 0.0004 0.0000 0.0000 0.0000
0.0000 0.0000 0.0000 0.0000 0.0000 0.0145 0.8145 0.1665 0.0045 0.0000 0.0000
0.0000 0.0000 0.0000 0.0000 0.0000 0.0004 0.1665 0.7168 0.1163 0.0000 0.0000
0.0000 0.0000 0.0000 0.0000 0.0000 0.0000 0.0045 0.1163 0.8449 0.0343 0.0000
0.0000 0.0000 0.0000 0.0000 0.0000 0.0000 0.0000 0.0000 0.0343 0.8750 0.0907
0.0000 0.0000 0.0000 0.0000 0.0000 0.0000 0.0000 0.0000 0.0000 0.0907 0.9093
#DG from neighbouring lambda in kcal/mol
0.0000 0.1000 -3.8872 0.8172
0.1000 0.2000 3.0636 4.7866
0.2000 0.3000 3.9975 6.4799
0.3000 0.4000 11.0042 2.5376
0.4000 0.5000 18.2622 0.1599
0.5000 0.6000 22.3080 0.0697
0.6000 0.7000 21.8134 0.0170
0.7000 0.8000 18.8667 0.0217
0.8000 0.9000 8.4050 0.0451
0.9000 1.0000 1.7507 0.0260
#PMF from MBAR in kcal/mol
0.0000 0.0000 0.0000
0.1000 -3.8872 0.8172
0.2000 -0.8236 4.8559
0.3000 3.1739 8.0974
0.4000 14.1781 8.4858
0.5000 32.4403 8.4873
0.6000 54.7483 8.4876
0.7000 76.5618 8.4876
0.8000 95.4285 8.4876
0.9000 103.8335 8.4878
1.0000 105.5842 8.4878
#TI average gradients and standard deviation in kcal/mol
0.0000 -151.8638 52.7749
0.1000 5.6321 53.5147
0.2000 32.2930 56.5866
0.3000 89.1208 49.1788
0.4000 142.3573 57.3078
0.5000 208.1520 29.5837
0.6000 190.2960 35.1699
0.7000 226.4509 39.6971
0.8000 152.1102 35.1387
0.9000 42.7314 19.5067
1.0000 23.9166 19.1517
#PMF from TI in kcal/mol
0.0000 0.0000
0.1000 -7.3116
0.2000 -5.4153
0.3000 0.6554
0.4000 12.2293
0.5000 29.7547
0.6000 49.6771
0.7000 70.5145
0.8000 89.4425
0.9000 99.1846
1.0000 102.5170
#MBAR free energy difference in kcal/mol: 
105.584223, 8.487811  #WARNING SUBSAMPLING DISABLED, CONSIDER RERUN WITH SUBSAMPLING OPTION
#TI free energy difference in kcal/mol: 
102.517012  #WARNING SUBSAMPLING DISABLED, CONSIDER RERUN WITH SUBSAMPLING OPTION 
Starting /export/users/common/BioSimSpace/sire.app/bin/analyse_freenrg: number of threads equals 32
