# Analysing data contained in file(s) ['lambda_0.0000/simfile.dat', 'lambda_0.1000/simfile.dat', 'lambda_0.2000/simfile.dat', 'lambda_0.3000/simfile.dat', 'lambda_0.4000/simfile.dat', 'lambda_0.5000/simfile.dat', 'lambda_0.6000/simfile.dat', 'lambda_0.7000/simfile.dat', 'lambda_0.8000/simfile.dat', 'lambda_0.9000/simfile.dat', 'lambda_1.0000/simfile.dat']
#Overlap matrix
0.9992 0.0008 0.0000 0.0000 0.0000 0.0000 0.0000 0.0000 0.0000 0.0000 0.0000
0.0008 0.9987 0.0005 0.0000 0.0000 0.0000 0.0000 0.0000 0.0000 0.0000 0.0000
0.0000 0.0005 0.9995 0.0000 0.0000 0.0000 0.0000 0.0000 0.0000 0.0000 0.0000
0.0000 0.0000 0.0000 1.0000 0.0000 0.0000 0.0000 0.0000 0.0000 0.0000 0.0000
0.0000 0.0000 0.0000 0.0000 0.9960 0.0040 0.0000 0.0000 0.0000 0.0000 0.0000
0.0000 0.0000 0.0000 0.0000 0.0040 0.9960 0.0000 0.0000 0.0000 0.0000 0.0000
0.0000 0.0000 0.0000 0.0000 0.0000 0.0000 0.9825 0.0174 0.0000 0.0000 0.0000
0.0000 0.0000 0.0000 0.0000 0.0000 0.0000 0.0174 0.9511 0.0315 0.0000 0.0000
0.0000 0.0000 0.0000 0.0000 0.0000 0.0000 0.0000 0.0315 0.9300 0.0384 0.0000
0.0000 0.0000 0.0000 0.0000 0.0000 0.0000 0.0000 0.0000 0.0384 0.9573 0.0043
0.0000 0.0000 0.0000 0.0000 0.0000 0.0000 0.0000 0.0000 0.0000 0.0043 0.9957
#DG from neighbouring lambda in kcal/mol
0.0000 0.1000 -8.2767 0.2984
0.1000 0.2000 -5.9241 0.4011
0.2000 0.3000 -11.2847 7.2024
0.3000 0.4000 -22.3271 5.5087
0.4000 0.5000 0.2921 0.1361
0.5000 0.6000 -0.8033 1.4713
0.6000 0.7000 7.7357 0.0644
0.7000 0.8000 10.0384 0.0471
0.8000 0.9000 5.6945 0.0424
0.9000 1.0000 -1.4586 0.1309
#PMF from MBAR in kcal/mol
0.0000 0.0000 0.0000
0.1000 -8.2767 0.2984
0.2000 -14.2009 0.5000
0.3000 -25.4856 7.2197
0.4000 -47.8127 2.1102
0.5000 -47.5206 2.1071
0.6000 -48.3239 1.8740
0.7000 -40.5882 1.8738
0.8000 -30.5498 1.8739
0.9000 -24.8553 1.8742
1.0000 -26.3140 1.8774
#TI average gradients and standard deviation in kcal/mol
0.0000 -118.9978 40.3639
0.1000 -56.8436 40.6731
0.2000 -77.7307 47.9614
0.3000 -101.1262 51.0936
0.4000 -96.5338 41.5185
0.5000 42.1959 44.4835
0.6000 31.2356 26.0292
0.7000 107.9615 24.3046
0.8000 76.8614 28.4695
0.9000 34.0438 28.3466
1.0000 -3461464743.1517 145130958742.2398
#PMF from TI in kcal/mol
0.0000 0.0000
0.1000 -8.7921
0.2000 -15.5208
0.3000 -24.4636
0.4000 -34.3466
0.5000 -37.0635
0.6000 -33.3920
0.7000 -26.4321
0.8000 -17.1910
0.9000 -11.6457
1.0000 -173073247.1011
#MBAR free energy difference in kcal/mol: 
-26.313965, 1.877442  #WARNING SUBSAMPLING DISABLED, CONSIDER RERUN WITH SUBSAMPLING OPTION
#TI free energy difference in kcal/mol: 
-173073247.101095  #WARNING SUBSAMPLING DISABLED, CONSIDER RERUN WITH SUBSAMPLING OPTION 
Starting /export/users/common/BioSimSpace/sire.app/bin/analyse_freenrg: number of threads equals 32
