# Analysing data contained in file(s) ['lambda_0.0000/simfile.dat', 'lambda_0.1000/simfile.dat', 'lambda_0.2000/simfile.dat', 'lambda_0.3000/simfile.dat', 'lambda_0.4000/simfile.dat', 'lambda_0.5000/simfile.dat', 'lambda_0.6000/simfile.dat', 'lambda_0.7000/simfile.dat', 'lambda_0.8000/simfile.dat', 'lambda_0.9000/simfile.dat', 'lambda_1.0000/simfile.dat']
#Overlap matrix
0.8380 0.1579 0.0041 0.0000 0.0000 0.0000 0.0000 0.0000 0.0000 0.0000 0.0000
0.1579 0.6485 0.1894 0.0043 0.0000 0.0000 0.0000 0.0000 0.0000 0.0000 0.0000
0.0041 0.1894 0.6273 0.1731 0.0060 0.0001 0.0000 0.0000 0.0000 0.0000 0.0000
0.0000 0.0043 0.1731 0.6012 0.2075 0.0136 0.0003 0.0000 0.0000 0.0000 0.0000
0.0000 0.0000 0.0060 0.2075 0.5848 0.1908 0.0107 0.0002 0.0000 0.0000 0.0000
0.0000 0.0000 0.0001 0.0136 0.1908 0.6157 0.1713 0.0084 0.0001 0.0000 0.0000
0.0000 0.0000 0.0000 0.0003 0.0107 0.1713 0.6335 0.1766 0.0075 0.0001 0.0000
0.0000 0.0000 0.0000 0.0000 0.0002 0.0084 0.1766 0.6337 0.1741 0.0069 0.0001
0.0000 0.0000 0.0000 0.0000 0.0000 0.0001 0.0075 0.1741 0.6478 0.1665 0.0040
0.0000 0.0000 0.0000 0.0000 0.0000 0.0000 0.0001 0.0069 0.1665 0.6891 0.1374
0.0000 0.0000 0.0000 0.0000 0.0000 0.0000 0.0000 0.0001 0.0040 0.1374 0.8585
#DG from neighbouring lambda in kcal/mol
0.0000 0.1000 8.2799 0.0177
0.1000 0.2000 6.9026 0.0151
0.2000 0.3000 5.0826 0.0161
0.3000 0.4000 3.4821 0.0134
0.4000 0.5000 2.9656 0.0141
0.5000 0.6000 2.5785 0.0156
0.6000 0.7000 2.0893 0.0155
0.7000 0.8000 1.8060 0.0157
0.8000 0.9000 2.0439 0.0165
0.9000 1.0000 3.3684 0.0195
#PMF from MBAR in kcal/mol
0.0000 0.0000 0.0000
0.1000 8.2799 0.0177
0.2000 15.1825 0.0259
0.3000 20.2651 0.0326
0.4000 23.7472 0.0370
0.5000 26.7128 0.0410
0.6000 29.2913 0.0451
0.7000 31.3806 0.0489
0.8000 33.1866 0.0525
0.9000 35.2305 0.0561
1.0000 38.5989 0.0604
#TI average gradients and standard deviation in kcal/mol
0.0000 84.5579 16.6548
0.1000 76.1672 13.7963
0.2000 60.8007 14.0066
0.3000 41.2671 13.3153
0.4000 31.0092 11.8394
0.5000 28.3114 14.3165
0.6000 22.7239 14.4761
0.7000 18.9543 14.4980
0.8000 17.8693 14.4567
0.9000 24.5412 15.4317
1.0000 47.8586 17.1732
#PMF from TI in kcal/mol
0.0000 0.0000
0.1000 8.0363
0.2000 14.8847
0.3000 19.9880
0.4000 23.6019
0.5000 26.5679
0.6000 29.1197
0.7000 31.2036
0.8000 33.0447
0.9000 35.1653
1.0000 38.7853
#MBAR free energy difference in kcal/mol: 
38.598913, 0.060426  #WARNING SUBSAMPLING DISABLED, CONSIDER RERUN WITH SUBSAMPLING OPTION
#TI free energy difference in kcal/mol: 
38.785266  #WARNING SUBSAMPLING DISABLED, CONSIDER RERUN WITH SUBSAMPLING OPTION 
Starting /export/users/common/BioSimSpace/sire.app/bin/analyse_freenrg: number of threads equals 32
