# Analysing data contained in file(s) ['lambda_0.0000/simfile.dat', 'lambda_0.1000/simfile.dat', 'lambda_0.2000/simfile.dat', 'lambda_0.3000/simfile.dat', 'lambda_0.4000/simfile.dat', 'lambda_0.5000/simfile.dat', 'lambda_0.6000/simfile.dat', 'lambda_0.7000/simfile.dat', 'lambda_0.8000/simfile.dat', 'lambda_0.9000/simfile.dat', 'lambda_1.0000/simfile.dat']
#Overlap matrix
1.0000 0.0000 0.0000 0.0000 0.0000 0.0000 0.0000 0.0000 0.0000 0.0000 0.0000
0.0000 0.9972 0.0028 0.0000 0.0000 0.0000 0.0000 0.0000 0.0000 0.0000 0.0000
0.0000 0.0028 0.9746 0.0226 0.0000 0.0000 0.0000 0.0000 0.0000 0.0000 0.0000
0.0000 0.0000 0.0226 0.9518 0.0255 0.0000 0.0000 0.0000 0.0000 0.0000 0.0000
0.0000 0.0000 0.0000 0.0255 0.9369 0.0375 0.0000 0.0000 0.0000 0.0000 0.0000
0.0000 0.0000 0.0000 0.0000 0.0375 0.9204 0.0421 0.0000 0.0000 0.0000 0.0000
0.0000 0.0000 0.0000 0.0000 0.0000 0.0421 0.9148 0.0431 0.0000 0.0000 0.0000
0.0000 0.0000 0.0000 0.0000 0.0000 0.0000 0.0431 0.9360 0.0208 0.0000 0.0000
0.0000 0.0000 0.0000 0.0000 0.0000 0.0000 0.0000 0.0208 0.9770 0.0021 0.0000
0.0000 0.0000 0.0000 0.0000 0.0000 0.0000 0.0000 0.0000 0.0021 0.9979 0.0000
0.0000 0.0000 0.0000 0.0000 0.0000 0.0000 0.0000 0.0000 0.0000 0.0000 1.0000
#DG from neighbouring lambda in kcal/mol
0.0000 0.1000 89.5699 0.1616
0.1000 0.2000 25.5486 0.1630
0.2000 0.3000 22.6075 0.0562
0.3000 0.4000 21.2864 0.0527
0.4000 0.5000 19.8918 0.0429
0.5000 0.6000 16.2025 0.0404
0.6000 0.7000 15.0514 0.0398
0.7000 0.8000 13.7034 0.0587
0.8000 0.9000 8.1555 0.1867
0.9000 1.0000 -232.4207 0.1797
#PMF from MBAR in kcal/mol
0.0000 0.0000 0.0000
0.1000 89.5699 0.1616
0.2000 115.1185 0.0730
0.3000 137.7260 0.0591
0.4000 159.0124 0.0502
0.5000 178.9042 0.0479
0.6000 195.1068 0.0500
0.7000 210.1582 0.0554
0.8000 223.8616 0.0712
0.9000 232.0170 0.1797
1.0000 -0.4036 0.0000
#TI average gradients and standard deviation in kcal/mol
0.0000 3273.4454 1169.3455
0.1000 315.2505 52.8968
0.2000 231.1821 32.9259
0.3000 224.0370 24.9903
0.4000 206.0590 23.2132
0.5000 178.8384 29.2720
0.6000 153.7507 23.2144
0.7000 145.4466 26.1350
0.8000 121.2347 32.0987
0.9000 13.0515 51.8294
1.0000 -4880.3518 137.8421
#PMF from TI in kcal/mol
0.0000 0.0000
0.1000 179.4348
0.2000 206.7564
0.3000 229.5174
0.4000 251.0222
0.5000 270.2670
0.6000 286.8965
0.7000 301.8564
0.8000 315.1904
0.9000 321.9047
1.0000 78.5397
#MBAR free energy difference in kcal/mol: 
-0.403636, 0.000000  #WARNING SUBSAMPLING DISABLED, CONSIDER RERUN WITH SUBSAMPLING OPTION
#TI free energy difference in kcal/mol: 
78.539727  #WARNING SUBSAMPLING DISABLED, CONSIDER RERUN WITH SUBSAMPLING OPTION 
Starting /export/users/common/BioSimSpace/sire.app/bin/analyse_freenrg: number of threads equals 32
