# Analysing data contained in file(s) ['lambda_0.0000/simfile.dat', 'lambda_0.1000/simfile.dat', 'lambda_0.2000/simfile.dat', 'lambda_0.3000/simfile.dat', 'lambda_0.4000/simfile.dat', 'lambda_0.5000/simfile.dat', 'lambda_0.6000/simfile.dat', 'lambda_0.7000/simfile.dat', 'lambda_0.8000/simfile.dat', 'lambda_0.9000/simfile.dat', 'lambda_1.0000/simfile.dat']
#Overlap matrix
1.0000 0.0000 0.0000 0.0000 0.0000 0.0000 0.0000 0.0000 0.0000 0.0000 0.0000
0.0000 0.9811 0.0189 0.0000 0.0000 0.0000 0.0000 0.0000 0.0000 0.0000 0.0000
0.0000 0.0189 0.8870 0.0937 0.0004 0.0000 0.0000 0.0000 0.0000 0.0000 0.0000
0.0000 0.0000 0.0937 0.7682 0.1375 0.0006 0.0000 0.0000 0.0000 0.0000 0.0000
0.0000 0.0000 0.0004 0.1375 0.7369 0.1243 0.0010 0.0000 0.0000 0.0000 0.0000
0.0000 0.0000 0.0000 0.0006 0.1243 0.7120 0.1583 0.0048 0.0000 0.0000 0.0000
0.0000 0.0000 0.0000 0.0000 0.0010 0.1583 0.6212 0.2087 0.0108 0.0001 0.0000
0.0000 0.0000 0.0000 0.0000 0.0000 0.0048 0.2087 0.5643 0.2116 0.0106 0.0000
0.0000 0.0000 0.0000 0.0000 0.0000 0.0000 0.0108 0.2116 0.5733 0.2021 0.0022
0.0000 0.0000 0.0000 0.0000 0.0000 0.0000 0.0001 0.0106 0.2021 0.6699 0.1174
0.0000 0.0000 0.0000 0.0000 0.0000 0.0000 0.0000 0.0000 0.0022 0.1174 0.8804
#DG from neighbouring lambda in kcal/mol
0.0000 0.1000 39.9210 0.0658
0.1000 0.2000 4.3514 0.0617
0.2000 0.3000 1.0326 0.0254
0.3000 0.4000 -0.6579 0.0198
0.4000 0.5000 -2.9948 0.0211
0.5000 0.6000 -5.4391 0.0175
0.6000 0.7000 -6.9916 0.0136
0.7000 0.8000 -7.9983 0.0131
0.8000 0.9000 -8.8885 0.0141
0.9000 1.0000 -10.5561 0.0218
#PMF from MBAR in kcal/mol
0.0000 0.0000 0.0000
0.1000 39.9210 0.0658
0.2000 44.2724 0.0341
0.3000 45.3049 0.0262
0.4000 44.6471 0.0217
0.5000 41.6522 0.0189
0.6000 36.2131 0.0190
0.7000 29.2216 0.0207
0.8000 21.2233 0.0233
0.9000 12.3348 0.0271
1.0000 1.7788 0.0350
#TI average gradients and standard deviation in kcal/mol
0.0000 8564.5854 691.0960
0.1000 89.0571 41.1409
0.2000 20.3223 21.9804
0.3000 2.0842 16.9725
0.4000 -16.5645 16.7344
0.5000 -43.1744 15.9623
0.6000 -64.1117 13.7487
0.7000 -74.9722 12.4309
0.8000 -84.1237 11.8430
0.9000 -94.5508 14.0585
1.0000 -116.0945 19.3466
#PMF from TI in kcal/mol
0.0000 0.0000
0.1000 432.6821
0.2000 438.1511
0.3000 439.2714
0.4000 438.5474
0.5000 435.5605
0.6000 430.1962
0.7000 423.2420
0.8000 415.2872
0.9000 406.3534
1.0000 395.8212
#MBAR free energy difference in kcal/mol: 
1.778757, 0.034980  #WARNING SUBSAMPLING DISABLED, CONSIDER RERUN WITH SUBSAMPLING OPTION
#TI free energy difference in kcal/mol: 
395.821184  #WARNING SUBSAMPLING DISABLED, CONSIDER RERUN WITH SUBSAMPLING OPTION 
Starting /export/users/common/BioSimSpace/sire.app/bin/analyse_freenrg: number of threads equals 32
