# Analysing data contained in file(s) ['lambda_0.0000/simfile.dat', 'lambda_0.1000/simfile.dat', 'lambda_0.2000/simfile.dat', 'lambda_0.3000/simfile.dat', 'lambda_0.4000/simfile.dat', 'lambda_0.5000/simfile.dat', 'lambda_0.6000/simfile.dat', 'lambda_0.7000/simfile.dat', 'lambda_0.8000/simfile.dat', 'lambda_0.9000/simfile.dat', 'lambda_1.0000/simfile.dat']
#Overlap matrix
0.7275 0.2460 0.0255 0.0009 0.0000 0.0000 0.0000 0.0000 0.0000 0.0000 0.0000
0.2460 0.4834 0.2368 0.0323 0.0014 0.0000 0.0000 0.0000 0.0000 0.0000 0.0000
0.0255 0.2368 0.4647 0.2362 0.0352 0.0015 0.0000 0.0000 0.0000 0.0000 0.0000
0.0009 0.0323 0.2362 0.4557 0.2426 0.0313 0.0010 0.0000 0.0000 0.0000 0.0000
0.0000 0.0014 0.0352 0.2426 0.4823 0.2175 0.0205 0.0006 0.0000 0.0000 0.0000
0.0000 0.0000 0.0015 0.0313 0.2175 0.5245 0.2077 0.0171 0.0004 0.0000 0.0000
0.0000 0.0000 0.0000 0.0010 0.0205 0.2077 0.5554 0.2027 0.0126 0.0001 0.0000
0.0000 0.0000 0.0000 0.0000 0.0006 0.0171 0.2027 0.5838 0.1892 0.0066 0.0000
0.0000 0.0000 0.0000 0.0000 0.0000 0.0004 0.0126 0.1892 0.6346 0.1619 0.0013
0.0000 0.0000 0.0000 0.0000 0.0000 0.0000 0.0001 0.0066 0.1619 0.7382 0.0932
0.0000 0.0000 0.0000 0.0000 0.0000 0.0000 0.0000 0.0000 0.0013 0.0932 0.9055
#DG from neighbouring lambda in kcal/mol
0.0000 0.1000 -0.7771 0.0113
0.1000 0.2000 -1.3041 0.0104
0.2000 0.3000 -1.7189 0.0100
0.3000 0.4000 -1.9960 0.0098
0.4000 0.5000 -2.1366 0.0114
0.5000 0.6000 -2.4103 0.0125
0.6000 0.7000 -2.6894 0.0132
0.7000 0.8000 -2.8646 0.0145
0.8000 0.9000 -2.7775 0.0171
0.9000 1.0000 -2.3212 0.0253
#PMF from MBAR in kcal/mol
0.0000 0.0000 0.0000
0.1000 -0.7771 0.0113
0.2000 -2.0812 0.0183
0.3000 -3.8001 0.0230
0.4000 -5.7962 0.0268
0.5000 -7.9328 0.0307
0.6000 -10.3431 0.0347
0.7000 -13.0324 0.0385
0.8000 -15.8970 0.0425
0.9000 -18.6745 0.0471
1.0000 -20.9957 0.0547
#TI average gradients and standard deviation in kcal/mol
0.0000 -9.6760 10.7032
0.1000 -10.4372 10.4976
0.2000 -15.3014 9.8125
0.3000 -19.1187 9.7899
0.4000 -20.3404 10.2796
0.5000 -22.7868 11.3660
0.6000 -25.7612 12.1768
0.7000 -28.0676 12.9350
0.8000 -28.7700 14.0794
0.9000 -25.5819 16.1564
1.0000 -20.0855 20.4523
#PMF from TI in kcal/mol
0.0000 0.0000
0.1000 -1.0057
0.2000 -2.2926
0.3000 -4.0136
0.4000 -5.9865
0.5000 -8.1429
0.6000 -10.5703
0.7000 -13.2617
0.8000 -16.1036
0.9000 -18.8212
1.0000 -21.1046
#MBAR free energy difference in kcal/mol: 
-20.995715, 0.054750  #WARNING SUBSAMPLING DISABLED, CONSIDER RERUN WITH SUBSAMPLING OPTION
#TI free energy difference in kcal/mol: 
-21.104591  #WARNING SUBSAMPLING DISABLED, CONSIDER RERUN WITH SUBSAMPLING OPTION 
Starting /export/users/common/BioSimSpace/sire.app/bin/analyse_freenrg: number of threads equals 32
