# Analysing data contained in file(s) ['lambda_0.0000/simfile.dat', 'lambda_0.1000/simfile.dat', 'lambda_0.2000/simfile.dat', 'lambda_0.3000/simfile.dat', 'lambda_0.4000/simfile.dat', 'lambda_0.5000/simfile.dat', 'lambda_0.6000/simfile.dat', 'lambda_0.7000/simfile.dat', 'lambda_0.8000/simfile.dat', 'lambda_0.9000/simfile.dat', 'lambda_1.0000/simfile.dat']
#Overlap matrix
0.9913 0.0087 0.0000 0.0000 0.0000 0.0000 0.0000 0.0000 0.0000 0.0000 0.0000
0.0087 0.9754 0.0158 0.0000 0.0000 0.0000 0.0000 0.0000 0.0000 0.0000 0.0000
0.0000 0.0158 0.9258 0.0583 0.0001 0.0000 0.0000 0.0000 0.0000 0.0000 0.0000
0.0000 0.0000 0.0583 0.8543 0.0874 0.0000 0.0000 0.0000 0.0000 0.0000 0.0000
0.0000 0.0000 0.0001 0.0874 0.9125 0.0000 0.0000 0.0000 0.0000 0.0000 0.0000
0.0000 0.0000 0.0000 0.0000 0.0000 0.9999 0.0001 0.0000 0.0000 0.0000 0.0000
0.0000 0.0000 0.0000 0.0000 0.0000 0.0001 0.9999 0.0000 0.0000 0.0000 0.0000
0.0000 0.0000 0.0000 0.0000 0.0000 0.0000 0.0000 1.0000 0.0000 0.0000 0.0000
0.0000 0.0000 0.0000 0.0000 0.0000 0.0000 0.0000 0.0000 1.0000 0.0000 0.0000
0.0000 0.0000 0.0000 0.0000 0.0000 0.0000 0.0000 0.0000 0.0000 0.9999 0.0001
0.0000 0.0000 0.0000 0.0000 0.0000 0.0000 0.0000 0.0000 0.0000 0.0001 0.9999
#DG from neighbouring lambda in kcal/mol
0.0000 0.1000 1.7814 0.0919
0.1000 0.2000 -13.3785 0.0676
0.2000 0.3000 -26.3161 0.0336
0.3000 0.4000 -26.9577 0.0266
0.4000 0.5000 -6.2300 0.4321
0.5000 0.6000 1.4299 0.8594
0.6000 0.7000 54.3011 651.9849
0.7000 0.8000 15.5809 869.0344
0.8000 0.9000 12.0398 32.0069
0.9000 1.0000 15.9728 0.7296
#PMF from MBAR in kcal/mol
0.0000 0.0000 0.0000
0.1000 1.7814 0.0919
0.2000 -11.5971 0.1147
0.3000 -37.9132 0.1202
0.4000 -64.8709 0.1237
0.5000 -71.1009 0.4382
0.6000 -69.6710 0.4382
0.7000 -15.3698 651.9848
0.8000 0.2111 217.8351
0.9000 12.2509 217.8351
1.0000 28.2237 217.8357
#TI average gradients and standard deviation in kcal/mol
0.0000 37.3080 26.1850
0.1000 -55.2615 30.5091
0.2000 -208.2724 24.6153
0.3000 -303.2940 19.8043
0.4000 -166.6972 26.2086
0.5000 -137.1085 54.3333
0.6000 292.2407 65.1598
0.7000 179.4528 69.6939
0.8000 102.9897 59.2596
0.9000 78.8466 48.6435
1.0000 309.7368 50.9629
#PMF from TI in kcal/mol
0.0000 0.0000
0.1000 -0.8977
0.2000 -14.0744
0.3000 -39.6527
0.4000 -63.1522
0.5000 -78.3425
0.6000 -70.5859
0.7000 -47.0012
0.8000 -32.8791
0.9000 -23.7873
1.0000 -4.3581
#MBAR free energy difference in kcal/mol: 
28.223728, 217.835662  #WARNING SUBSAMPLING DISABLED, CONSIDER RERUN WITH SUBSAMPLING OPTION
#TI free energy difference in kcal/mol: 
-4.358130  #WARNING SUBSAMPLING DISABLED, CONSIDER RERUN WITH SUBSAMPLING OPTION 
Starting /export/users/common/BioSimSpace/sire.app/bin/analyse_freenrg: number of threads equals 32
