# Analysing data contained in file(s) ['lambda_0.0000/simfile.dat', 'lambda_0.1000/simfile.dat', 'lambda_0.2000/simfile.dat', 'lambda_0.3000/simfile.dat', 'lambda_0.4000/simfile.dat', 'lambda_0.5000/simfile.dat', 'lambda_0.6000/simfile.dat', 'lambda_0.7000/simfile.dat', 'lambda_0.8000/simfile.dat', 'lambda_0.9000/simfile.dat', 'lambda_1.0000/simfile.dat']
#Overlap matrix
1.0000 0.0000 0.0000 0.0000 0.0000 0.0000 0.0000 0.0000 0.0000 0.0000 0.0000
0.0000 0.9774 0.0226 0.0000 0.0000 0.0000 0.0000 0.0000 0.0000 0.0000 0.0000
0.0000 0.0226 0.9185 0.0588 0.0000 0.0000 0.0000 0.0000 0.0000 0.0000 0.0000
0.0000 0.0000 0.0588 0.8669 0.0743 0.0000 0.0000 0.0000 0.0000 0.0000 0.0000
0.0000 0.0000 0.0000 0.0743 0.8351 0.0905 0.0001 0.0000 0.0000 0.0000 0.0000
0.0000 0.0000 0.0000 0.0000 0.0905 0.8192 0.0903 0.0001 0.0000 0.0000 0.0000
0.0000 0.0000 0.0000 0.0000 0.0001 0.0903 0.8566 0.0530 0.0000 0.0000 0.0000
0.0000 0.0000 0.0000 0.0000 0.0000 0.0001 0.0530 0.9260 0.0209 0.0000 0.0000
0.0000 0.0000 0.0000 0.0000 0.0000 0.0000 0.0000 0.0209 0.9662 0.0129 0.0000
0.0000 0.0000 0.0000 0.0000 0.0000 0.0000 0.0000 0.0000 0.0129 0.9871 0.0000
0.0000 0.0000 0.0000 0.0000 0.0000 0.0000 0.0000 0.0000 0.0000 0.0000 1.0000
#DG from neighbouring lambda in kcal/mol
0.0000 0.1000 78.3129 0.0677
0.1000 0.2000 1.7649 0.0562
0.2000 0.3000 -6.0223 0.0335
0.3000 0.4000 -12.1084 0.0293
0.4000 0.5000 -18.2213 0.0260
0.5000 0.6000 -23.0555 0.0260
0.6000 0.7000 -25.9733 0.0355
0.7000 0.8000 -29.9493 0.0585
0.8000 0.9000 -37.2870 0.0752
0.9000 1.0000 -72.3397 0.0891
#PMF from MBAR in kcal/mol
0.0000 0.0000 0.0000
0.1000 78.3129 0.0677
0.2000 80.0778 0.0449
0.3000 74.0555 0.0361
0.4000 61.9471 0.0312
0.5000 43.7258 0.0297
0.6000 20.6703 0.0312
0.7000 -5.3029 0.0380
0.8000 -35.2522 0.0585
0.9000 -72.5392 0.0891
1.0000 -144.8789 0.0000
#TI average gradients and standard deviation in kcal/mol
0.0000 2944.7069 363.8054
0.1000 74.3535 33.7521
0.2000 -26.8038 23.6000
0.3000 -90.9205 20.4093
0.4000 -152.7283 20.5186
0.5000 -208.5252 18.2533
0.6000 -248.7488 19.7453
0.7000 -274.5944 26.9924
0.8000 -330.9958 29.8919
0.9000 -422.6177 34.1516
1.0000 -3121.2073 118.4415
#PMF from TI in kcal/mol
0.0000 0.0000
0.1000 150.9530
0.2000 153.3305
0.3000 147.4443
0.4000 135.2618
0.5000 117.1992
0.6000 94.3355
0.7000 68.1683
0.8000 37.8888
0.9000 0.2081
1.0000 -176.9831
#MBAR free energy difference in kcal/mol: 
-144.878919, 0.000000  #WARNING SUBSAMPLING DISABLED, CONSIDER RERUN WITH SUBSAMPLING OPTION
#TI free energy difference in kcal/mol: 
-176.983118  #WARNING SUBSAMPLING DISABLED, CONSIDER RERUN WITH SUBSAMPLING OPTION 
Starting /export/users/common/BioSimSpace/sire.app/bin/analyse_freenrg: number of threads equals 32
