# Analysing data contained in file(s) ['lambda_0.0000/simfile.dat', 'lambda_0.1000/simfile.dat', 'lambda_0.2000/simfile.dat', 'lambda_0.3000/simfile.dat', 'lambda_0.4000/simfile.dat', 'lambda_0.5000/simfile.dat', 'lambda_0.6000/simfile.dat', 'lambda_0.7000/simfile.dat', 'lambda_0.8000/simfile.dat', 'lambda_0.9000/simfile.dat', 'lambda_1.0000/simfile.dat']
#Overlap matrix
0.9766 0.0234 0.0000 0.0000 0.0000 0.0000 0.0000 0.0000 0.0000 0.0000 0.0000
0.0234 0.9528 0.0238 0.0000 0.0000 0.0000 0.0000 0.0000 0.0000 0.0000 0.0000
0.0000 0.0238 0.9168 0.0594 0.0001 0.0000 0.0000 0.0000 0.0000 0.0000 0.0000
0.0000 0.0000 0.0594 0.8591 0.0814 0.0000 0.0000 0.0000 0.0000 0.0000 0.0000
0.0000 0.0000 0.0001 0.0814 0.9173 0.0012 0.0000 0.0000 0.0000 0.0000 0.0000
0.0000 0.0000 0.0000 0.0000 0.0012 0.9977 0.0011 0.0000 0.0000 0.0000 0.0000
0.0000 0.0000 0.0000 0.0000 0.0000 0.0011 0.9989 0.0000 0.0000 0.0000 0.0000
0.0000 0.0000 0.0000 0.0000 0.0000 0.0000 0.0000 1.0000 0.0000 0.0000 0.0000
0.0000 0.0000 0.0000 0.0000 0.0000 0.0000 0.0000 0.0000 1.0000 0.0000 0.0000
0.0000 0.0000 0.0000 0.0000 0.0000 0.0000 0.0000 0.0000 0.0000 0.9999 0.0001
0.0000 0.0000 0.0000 0.0000 0.0000 0.0000 0.0000 0.0000 0.0000 0.0001 0.9999
#DG from neighbouring lambda in kcal/mol
0.0000 0.1000 4.5753 0.0552
0.1000 0.2000 -6.8255 0.0548
0.2000 0.3000 -17.7721 0.0333
0.3000 0.4000 -23.5389 0.0277
0.4000 0.5000 -22.4027 0.2473
0.5000 0.6000 -2.5353 0.2589
0.6000 0.7000 47.8125 0.2853
0.7000 0.8000 18.3169 1.8776
0.8000 0.9000 7.3662 2.7854
0.9000 1.0000 16.1759 0.8328
#PMF from MBAR in kcal/mol
0.0000 0.0000 0.0000
0.1000 4.5753 0.0552
0.2000 -2.2502 0.0787
0.3000 -20.0224 0.0863
0.4000 -43.5613 0.0915
0.5000 -65.9640 0.2639
0.6000 -68.4994 0.3699
0.7000 -20.6869 0.1041
0.8000 -2.3700 1.8805
0.9000 4.9963 0.9746
1.0000 21.1721 1.0868
#TI average gradients and standard deviation in kcal/mol
0.0000 55.9353 25.8022
0.1000 -5.5049 27.3170
0.2000 -127.6312 23.4306
0.3000 -220.9493 19.8471
0.4000 -227.3281 25.7874
0.5000 -211.1305 30.3416
0.6000 265.5767 61.8492
0.7000 175.9381 68.5119
0.8000 109.6286 60.3579
0.9000 78.1261 48.9546
1.0000 312.0868 51.4333
#PMF from TI in kcal/mol
0.0000 0.0000
0.1000 2.5215
0.2000 -4.1353
0.3000 -21.5643
0.4000 -43.9782
0.5000 -65.9011
0.6000 -63.1788
0.7000 -41.1031
0.8000 -26.8247
0.9000 -17.4370
1.0000 2.0736
#MBAR free energy difference in kcal/mol: 
21.172147, 1.086826  #WARNING SUBSAMPLING DISABLED, CONSIDER RERUN WITH SUBSAMPLING OPTION
#TI free energy difference in kcal/mol: 
2.073647  #WARNING SUBSAMPLING DISABLED, CONSIDER RERUN WITH SUBSAMPLING OPTION 
Starting /export/users/common/BioSimSpace/sire.app/bin/analyse_freenrg: number of threads equals 32
