# Analysing data contained in file(s) ['lambda_0.0000/simfile.dat', 'lambda_0.1000/simfile.dat', 'lambda_0.2000/simfile.dat', 'lambda_0.3000/simfile.dat', 'lambda_0.4000/simfile.dat', 'lambda_0.5000/simfile.dat', 'lambda_0.6000/simfile.dat', 'lambda_0.7000/simfile.dat', 'lambda_0.8000/simfile.dat', 'lambda_0.9000/simfile.dat', 'lambda_1.0000/simfile.dat']
#Overlap matrix
0.9956 0.0044 0.0000 0.0000 0.0000 0.0000 0.0000 0.0000 0.0000 0.0000 0.0000
0.0044 0.9931 0.0024 0.0000 0.0000 0.0000 0.0000 0.0000 0.0000 0.0000 0.0000
0.0000 0.0024 0.9965 0.0011 0.0000 0.0000 0.0000 0.0000 0.0000 0.0000 0.0000
0.0000 0.0000 0.0011 0.9900 0.0088 0.0000 0.0000 0.0000 0.0000 0.0000 0.0000
0.0000 0.0000 0.0000 0.0088 0.9389 0.0522 0.0000 0.0000 0.0000 0.0000 0.0000
0.0000 0.0000 0.0000 0.0000 0.0522 0.9205 0.0273 0.0000 0.0000 0.0000 0.0000
0.0000 0.0000 0.0000 0.0000 0.0000 0.0273 0.9631 0.0096 0.0000 0.0000 0.0000
0.0000 0.0000 0.0000 0.0000 0.0000 0.0000 0.0096 0.9821 0.0083 0.0000 0.0000
0.0000 0.0000 0.0000 0.0000 0.0000 0.0000 0.0000 0.0083 0.9784 0.0133 0.0000
0.0000 0.0000 0.0000 0.0000 0.0000 0.0000 0.0000 0.0000 0.0133 0.9802 0.0065
0.0000 0.0000 0.0000 0.0000 0.0000 0.0000 0.0000 0.0000 0.0000 0.0065 0.9935
#DG from neighbouring lambda in kcal/mol
0.0000 0.1000 37.3745 0.1291
0.1000 0.2000 32.5653 0.1754
0.2000 0.3000 26.4888 0.2584
0.3000 0.4000 23.7613 0.0912
0.4000 0.5000 24.4695 0.0358
0.5000 0.6000 21.6827 0.0509
0.6000 0.7000 15.6336 0.0874
0.7000 0.8000 8.1714 0.0943
0.8000 0.9000 1.3202 0.0740
0.9000 1.0000 -4.8262 0.1069
#PMF from MBAR in kcal/mol
0.0000 0.0000 0.0000
0.1000 37.3745 0.1291
0.2000 69.9397 0.2181
0.3000 96.4286 0.3384
0.4000 120.1898 0.3507
0.5000 144.6594 0.3527
0.6000 166.3421 0.3566
0.7000 181.9757 0.3673
0.8000 190.1472 0.3794
0.9000 191.4673 0.3868
1.0000 186.6411 0.4015
#TI average gradients and standard deviation in kcal/mol
0.0000 388.7465 33.9383
0.1000 352.6481 34.6521
0.2000 296.9940 37.8372
0.3000 241.1199 36.4676
0.4000 240.9078 25.4788
0.5000 240.4004 24.4176
0.6000 189.7236 28.5284
0.7000 119.6646 32.7290
0.8000 43.9807 31.6039
0.9000 -13.4910 29.9195
1.0000 -81.8905 32.4825
#PMF from TI in kcal/mol
0.0000 0.0000
0.1000 37.0697
0.2000 69.5518
0.3000 96.4575
0.4000 120.5589
0.5000 144.6243
0.6000 166.1305
0.7000 181.6000
0.8000 189.7822
0.9000 191.3067
1.0000 186.5376
#MBAR free energy difference in kcal/mol: 
186.641106, 0.401455  #WARNING SUBSAMPLING DISABLED, CONSIDER RERUN WITH SUBSAMPLING OPTION
#TI free energy difference in kcal/mol: 
186.537631  #WARNING SUBSAMPLING DISABLED, CONSIDER RERUN WITH SUBSAMPLING OPTION 
Starting /export/users/common/BioSimSpace/sire.app/bin/analyse_freenrg: number of threads equals 32
