# Analysing data contained in file(s) ['lambda_0.0000/simfile.dat', 'lambda_0.1000/simfile.dat', 'lambda_0.2000/simfile.dat', 'lambda_0.3000/simfile.dat', 'lambda_0.4000/simfile.dat', 'lambda_0.5000/simfile.dat', 'lambda_0.6000/simfile.dat', 'lambda_0.7000/simfile.dat', 'lambda_0.8000/simfile.dat', 'lambda_0.9000/simfile.dat', 'lambda_1.0000/simfile.dat']
#Overlap matrix
0.9465 0.0535 0.0000 0.0000 0.0000 0.0000 0.0000 0.0000 0.0000 0.0000 0.0000
0.0535 0.8885 0.0580 0.0000 0.0000 0.0000 0.0000 0.0000 0.0000 0.0000 0.0000
0.0000 0.0580 0.9026 0.0394 0.0000 0.0000 0.0000 0.0000 0.0000 0.0000 0.0000
0.0000 0.0000 0.0394 0.8992 0.0614 0.0000 0.0000 0.0000 0.0000 0.0000 0.0000
0.0000 0.0000 0.0000 0.0614 0.8778 0.0608 0.0000 0.0000 0.0000 0.0000 0.0000
0.0000 0.0000 0.0000 0.0000 0.0608 0.9155 0.0237 0.0000 0.0000 0.0000 0.0000
0.0000 0.0000 0.0000 0.0000 0.0000 0.0237 0.9763 0.0000 0.0000 0.0000 0.0000
0.0000 0.0000 0.0000 0.0000 0.0000 0.0000 0.0000 1.0000 0.0000 0.0000 0.0000
0.0000 0.0000 0.0000 0.0000 0.0000 0.0000 0.0000 0.0000 0.9999 0.0001 0.0000
0.0000 0.0000 0.0000 0.0000 0.0000 0.0000 0.0000 0.0000 0.0001 0.9999 0.0000
0.0000 0.0000 0.0000 0.0000 0.0000 0.0000 0.0000 0.0000 0.0000 0.0000 1.0000
#DG from neighbouring lambda in kcal/mol
0.0000 0.1000 -1.2710 0.0354
0.1000 0.2000 -5.7626 0.0338
0.2000 0.3000 -12.3327 0.0418
0.3000 0.4000 -19.1723 0.0327
0.4000 0.5000 -23.8509 0.0329
0.5000 0.6000 -20.7733 0.0548
0.6000 0.7000 -2.1979 382.8913
0.7000 0.8000 -2.5267 2.5930
0.8000 0.9000 -4.8651 1.0349
0.9000 1.0000 2.1158 1.2970
#PMF from MBAR in kcal/mol
0.0000 0.0000 0.0000
0.1000 -1.2710 0.0354
0.2000 -7.0336 0.0504
0.3000 -19.3664 0.0666
0.4000 -38.5387 0.0752
0.5000 -62.3896 0.0830
0.6000 -83.1629 0.1002
0.7000 -85.3608 382.8913
0.8000 -87.8875 382.9001
0.9000 -92.7526 382.9015
1.0000 -90.6368 382.9037
#TI average gradients and standard deviation in kcal/mol
0.0000 0.3399 23.8439
0.1000 -34.3109 20.9425
0.2000 -85.4161 23.9269
0.3000 -160.1050 22.3051
0.4000 -220.1738 20.5627
0.5000 -245.8489 22.6985
0.6000 -132.1394 33.2659
0.7000 -67.6594 43.7876
0.8000 -28.4990 56.9660
0.9000 -31.3704 44.0971
1.0000 68.3004 51.5578
#PMF from TI in kcal/mol
0.0000 0.0000
0.1000 -1.6986
0.2000 -7.6849
0.3000 -19.9610
0.4000 -38.9749
0.5000 -62.2760
0.6000 -81.1754
0.7000 -91.1654
0.8000 -95.9733
0.9000 -98.9668
1.0000 -97.1203
#MBAR free energy difference in kcal/mol: 
-90.636780, 382.903687  #WARNING SUBSAMPLING DISABLED, CONSIDER RERUN WITH SUBSAMPLING OPTION
#TI free energy difference in kcal/mol: 
-97.120277  #WARNING SUBSAMPLING DISABLED, CONSIDER RERUN WITH SUBSAMPLING OPTION 
Starting /export/users/common/BioSimSpace/sire.app/bin/analyse_freenrg: number of threads equals 32
