# Analysing data contained in file(s) ['lambda_0.0000/simfile.dat', 'lambda_0.1000/simfile.dat', 'lambda_0.2000/simfile.dat', 'lambda_0.3000/simfile.dat', 'lambda_0.4000/simfile.dat', 'lambda_0.5000/simfile.dat', 'lambda_0.6000/simfile.dat', 'lambda_0.7000/simfile.dat', 'lambda_0.8000/simfile.dat', 'lambda_0.9000/simfile.dat', 'lambda_1.0000/simfile.dat']
#Overlap matrix
0.9066 0.0926 0.0008 0.0000 0.0000 0.0000 0.0000 0.0000 0.0000 0.0000 0.0000
0.0926 0.7383 0.1662 0.0029 0.0000 0.0000 0.0000 0.0000 0.0000 0.0000 0.0000
0.0008 0.1662 0.6537 0.1752 0.0041 0.0000 0.0000 0.0000 0.0000 0.0000 0.0000
0.0000 0.0029 0.1752 0.6423 0.1777 0.0019 0.0000 0.0000 0.0000 0.0000 0.0000
0.0000 0.0000 0.0041 0.1777 0.6985 0.1191 0.0005 0.0000 0.0000 0.0000 0.0000
0.0000 0.0000 0.0000 0.0019 0.1191 0.7675 0.1110 0.0006 0.0000 0.0000 0.0000
0.0000 0.0000 0.0000 0.0000 0.0005 0.1110 0.7710 0.1172 0.0003 0.0000 0.0000
0.0000 0.0000 0.0000 0.0000 0.0000 0.0006 0.1172 0.8055 0.0768 0.0000 0.0000
0.0000 0.0000 0.0000 0.0000 0.0000 0.0000 0.0003 0.0768 0.9106 0.0124 0.0000
0.0000 0.0000 0.0000 0.0000 0.0000 0.0000 0.0000 0.0000 0.0124 0.9876 0.0000
0.0000 0.0000 0.0000 0.0000 0.0000 0.0000 0.0000 0.0000 0.0000 0.0000 1.0000
#DG from neighbouring lambda in kcal/mol
0.0000 0.1000 16.3199 0.0255
0.1000 0.2000 11.5853 0.0171
0.2000 0.3000 7.3261 0.0162
0.3000 0.4000 3.2357 0.0161
0.4000 0.5000 -0.9761 0.0216
0.5000 0.6000 -5.8174 0.0228
0.6000 0.7000 -10.3769 0.0220
0.7000 0.8000 -14.2868 0.0287
0.8000 0.9000 -19.2704 0.0767
0.9000 1.0000 -47.5885 0.0791
#PMF from MBAR in kcal/mol
0.0000 0.0000 0.0000
0.1000 16.3199 0.0255
0.2000 27.9052 0.0329
0.3000 35.2313 0.0385
0.4000 38.4670 0.0432
0.5000 37.4909 0.0497
0.6000 31.6734 0.0560
0.7000 21.2965 0.0613
0.8000 7.0097 0.0688
0.9000 -12.2607 0.1038
1.0000 -59.8492 0.0400
#TI average gradients and standard deviation in kcal/mol
0.0000 186.8869 21.3548
0.1000 136.6934 15.2997
0.2000 94.7675 14.7835
0.3000 52.3291 13.8108
0.4000 12.5870 15.2661
0.5000 -33.8290 18.1677
0.6000 -82.2929 17.7180
0.7000 -124.0060 18.5580
0.8000 -161.7679 23.5374
0.9000 -239.9177 39.1159
1.0000 -7481.0025 378.9399
#PMF from TI in kcal/mol
0.0000 0.0000
0.1000 16.1790
0.2000 27.7521
0.3000 35.1069
0.4000 38.3527
0.5000 37.2906
0.6000 31.4845
0.7000 21.1696
0.8000 6.8809
0.9000 -13.2034
1.0000 -399.2494
#MBAR free energy difference in kcal/mol: 
-59.849209, 0.040016  #WARNING SUBSAMPLING DISABLED, CONSIDER RERUN WITH SUBSAMPLING OPTION
#TI free energy difference in kcal/mol: 
-399.249425  #WARNING SUBSAMPLING DISABLED, CONSIDER RERUN WITH SUBSAMPLING OPTION 
Starting /export/users/common/BioSimSpace/sire.app/bin/analyse_freenrg: number of threads equals 32
