# Analysing data contained in file(s) ['lambda_0.0000/simfile.dat', 'lambda_0.1000/simfile.dat', 'lambda_0.2000/simfile.dat', 'lambda_0.3000/simfile.dat', 'lambda_0.4000/simfile.dat', 'lambda_0.5000/simfile.dat', 'lambda_0.6000/simfile.dat', 'lambda_0.7000/simfile.dat', 'lambda_0.8000/simfile.dat', 'lambda_0.9000/simfile.dat', 'lambda_1.0000/simfile.dat']
#Overlap matrix
0.8628 0.1332 0.0039 0.0000 0.0000 0.0000 0.0000 0.0000 0.0000 0.0000 0.0000
0.1332 0.6398 0.2112 0.0154 0.0003 0.0000 0.0000 0.0000 0.0000 0.0000 0.0000
0.0039 0.2112 0.5332 0.2279 0.0232 0.0007 0.0000 0.0000 0.0000 0.0000 0.0000
0.0000 0.0154 0.2279 0.4946 0.2319 0.0291 0.0011 0.0000 0.0000 0.0000 0.0000
0.0000 0.0003 0.0232 0.2319 0.4717 0.2367 0.0346 0.0016 0.0000 0.0000 0.0000
0.0000 0.0000 0.0007 0.0291 0.2367 0.4527 0.2413 0.0377 0.0018 0.0000 0.0000
0.0000 0.0000 0.0000 0.0011 0.0346 0.2413 0.4440 0.2390 0.0383 0.0016 0.0000
0.0000 0.0000 0.0000 0.0000 0.0016 0.0377 0.2390 0.4442 0.2419 0.0349 0.0006
0.0000 0.0000 0.0000 0.0000 0.0000 0.0018 0.0383 0.2419 0.4560 0.2429 0.0191
0.0000 0.0000 0.0000 0.0000 0.0000 0.0000 0.0016 0.0349 0.2429 0.5179 0.2028
0.0000 0.0000 0.0000 0.0000 0.0000 0.0000 0.0000 0.0006 0.0191 0.2028 0.7775
#DG from neighbouring lambda in kcal/mol
0.0000 0.1000 12.3015 0.0199
0.1000 0.2000 8.5871 0.0133
0.2000 0.3000 5.6252 0.0115
0.3000 0.4000 2.8951 0.0108
0.4000 0.5000 0.3133 0.0102
0.5000 0.6000 -2.1283 0.0096
0.6000 0.7000 -4.4821 0.0096
0.7000 0.8000 -6.6537 0.0096
0.8000 0.9000 -8.2007 0.0103
0.9000 1.0000 -7.6064 0.0137
#PMF from MBAR in kcal/mol
0.0000 0.0000 0.0000
0.1000 12.3015 0.0199
0.2000 20.8886 0.0265
0.3000 26.5138 0.0308
0.4000 29.4089 0.0342
0.5000 29.7223 0.0370
0.6000 27.5940 0.0395
0.7000 23.1119 0.0417
0.8000 16.4582 0.0439
0.9000 8.2575 0.0461
1.0000 0.6510 0.0492
#TI average gradients and standard deviation in kcal/mol
0.0000 144.4068 14.6768
0.1000 101.8731 12.5245
0.2000 70.5342 11.0311
0.3000 42.1804 10.4409
0.4000 15.8583 9.9225
0.5000 -9.2650 9.6114
0.6000 -33.2621 9.4626
0.7000 -56.1753 9.3802
0.8000 -76.0652 9.6454
0.9000 -84.9147 10.6638
1.0000 -56.9413 14.9114
#PMF from TI in kcal/mol
0.0000 0.0000
0.1000 12.3140
0.2000 20.9344
0.3000 26.5701
0.4000 29.4720
0.5000 29.8017
0.6000 27.6753
0.7000 23.2035
0.8000 16.5914
0.9000 8.5424
1.0000 1.4496
#MBAR free energy difference in kcal/mol: 
0.651045, 0.049219  #WARNING SUBSAMPLING DISABLED, CONSIDER RERUN WITH SUBSAMPLING OPTION
#TI free energy difference in kcal/mol: 
1.449627  #WARNING SUBSAMPLING DISABLED, CONSIDER RERUN WITH SUBSAMPLING OPTION 
Starting /export/users/common/BioSimSpace/sire.app/bin/analyse_freenrg: number of threads equals 32
