# Analysing data contained in file(s) ['lambda_0.0000/simfile.dat', 'lambda_0.1000/simfile.dat', 'lambda_0.2000/simfile.dat', 'lambda_0.3000/simfile.dat', 'lambda_0.4000/simfile.dat', 'lambda_0.5000/simfile.dat', 'lambda_0.6000/simfile.dat', 'lambda_0.7000/simfile.dat', 'lambda_0.8000/simfile.dat', 'lambda_0.9000/simfile.dat', 'lambda_1.0000/simfile.dat']
#Overlap matrix
1.0000 0.0000 0.0000 0.0000 0.0000 0.0000 0.0000 0.0000 0.0000 0.0000 0.0000
0.0000 0.9920 0.0080 0.0000 0.0000 0.0000 0.0000 0.0000 0.0000 0.0000 0.0000
0.0000 0.0080 0.9113 0.0805 0.0002 0.0000 0.0000 0.0000 0.0000 0.0000 0.0000
0.0000 0.0000 0.0805 0.7737 0.1445 0.0014 0.0000 0.0000 0.0000 0.0000 0.0000
0.0000 0.0000 0.0002 0.1445 0.7028 0.1521 0.0004 0.0000 0.0000 0.0000 0.0000
0.0000 0.0000 0.0000 0.0014 0.1521 0.7402 0.1061 0.0003 0.0000 0.0000 0.0000
0.0000 0.0000 0.0000 0.0000 0.0004 0.1061 0.7733 0.1201 0.0001 0.0000 0.0000
0.0000 0.0000 0.0000 0.0000 0.0000 0.0003 0.1201 0.8165 0.0630 0.0000 0.0000
0.0000 0.0000 0.0000 0.0000 0.0000 0.0000 0.0001 0.0630 0.9345 0.0024 0.0000
0.0000 0.0000 0.0000 0.0000 0.0000 0.0000 0.0000 0.0000 0.0024 0.9976 0.0000
0.0000 0.0000 0.0000 0.0000 0.0000 0.0000 0.0000 0.0000 0.0000 0.0000 1.0000
#DG from neighbouring lambda in kcal/mol
0.0000 0.1000 65.0902 0.0944
0.1000 0.2000 24.7116 0.0959
0.2000 0.3000 16.5313 0.0279
0.3000 0.4000 13.2081 0.0190
0.4000 0.5000 10.9939 0.0183
0.5000 0.6000 8.0061 0.0235
0.6000 0.7000 4.7775 0.0217
0.7000 0.8000 0.6245 0.0322
0.8000 0.9000 -10.3309 0.1775
0.9000 1.0000 -229.3757 0.1627
#PMF from MBAR in kcal/mol
0.0000 0.0000 0.0000
0.1000 65.0902 0.0944
0.2000 89.8018 0.0405
0.3000 106.3330 0.0335
0.4000 119.5412 0.0310
0.5000 130.5351 0.0301
0.6000 138.5412 0.0313
0.7000 143.3186 0.0344
0.8000 143.9431 0.0429
0.9000 133.6121 0.1627
1.0000 -95.7635 0.0000
#TI average gradients and standard deviation in kcal/mol
0.0000 9796.8612 457.0332
0.1000 336.7382 42.6937
0.2000 191.6139 23.1332
0.3000 145.2492 16.9062
0.4000 120.7563 14.6033
0.5000 97.4163 16.6153
0.6000 63.0726 16.5438
0.7000 30.9453 18.1220
0.8000 -26.1624 25.0598
0.9000 -228.1091 51.4189
1.0000 -5367.8598 150.2993
#PMF from TI in kcal/mol
0.0000 0.0000
0.1000 506.6800
0.2000 533.0976
0.3000 549.9407
0.4000 563.2410
0.5000 574.1496
0.6000 582.1741
0.7000 586.8750
0.8000 587.1141
0.9000 574.4005
1.0000 294.6021
#MBAR free energy difference in kcal/mol: 
-95.763545, 0.000000  #WARNING SUBSAMPLING DISABLED, CONSIDER RERUN WITH SUBSAMPLING OPTION
#TI free energy difference in kcal/mol: 
294.602099  #WARNING SUBSAMPLING DISABLED, CONSIDER RERUN WITH SUBSAMPLING OPTION 
Starting /export/users/common/BioSimSpace/sire.app/bin/analyse_freenrg: number of threads equals 32
