# Analysing data contained in file(s) ['lambda_0.0000/simfile.dat', 'lambda_0.1000/simfile.dat', 'lambda_0.2000/simfile.dat', 'lambda_0.3000/simfile.dat', 'lambda_0.4000/simfile.dat', 'lambda_0.5000/simfile.dat', 'lambda_0.6000/simfile.dat', 'lambda_0.7000/simfile.dat', 'lambda_0.8000/simfile.dat', 'lambda_0.9000/simfile.dat', 'lambda_1.0000/simfile.dat']
#Overlap matrix
1.0000 0.0000 0.0000 0.0000 0.0000 0.0000 0.0000 0.0000 0.0000 0.0000 0.0000
0.0000 1.0000 0.0000 0.0000 0.0000 0.0000 0.0000 0.0000 0.0000 0.0000 0.0000
0.0000 0.0000 1.0000 0.0000 0.0000 0.0000 0.0000 0.0000 0.0000 0.0000 0.0000
0.0000 0.0000 0.0000 1.0000 0.0000 0.0000 0.0000 0.0000 0.0000 0.0000 0.0000
0.0000 0.0000 0.0000 0.0000 0.9981 0.0014 0.0000 0.0006 0.0000 0.0000 0.0000
0.0000 0.0000 0.0000 0.0000 0.0014 0.9913 0.0073 0.0000 0.0000 0.0000 0.0000
0.0000 0.0000 0.0000 0.0000 0.0000 0.0073 0.9888 0.0039 0.0000 0.0000 0.0000
0.0000 0.0000 0.0000 0.0000 0.0006 0.0000 0.0039 0.9660 0.0296 0.0000 0.0000
0.0000 0.0000 0.0000 0.0000 0.0000 0.0000 0.0000 0.0296 0.9135 0.0570 0.0000
0.0000 0.0000 0.0000 0.0000 0.0000 0.0000 0.0000 0.0000 0.0570 0.9430 0.0000
0.0000 0.0000 0.0000 0.0000 0.0000 0.0000 0.0000 0.0000 0.0000 0.0000 1.0000
#DG from neighbouring lambda in kcal/mol
0.0000 0.1000 -24.2469 0.0000
0.1000 0.2000 -12.8529 0.0000
0.2000 0.3000 -6.5362 0.0000
0.3000 0.4000 -120.9229 0.1720
0.4000 0.5000 -6.1262 0.2015
0.5000 0.6000 98.2858 0.0981
0.6000 0.7000 96.3404 0.1318
0.7000 0.8000 59.3766 0.0488
0.8000 0.9000 52.6561 0.0341
0.9000 1.0000 22.9401 0.0845
#PMF from MBAR in kcal/mol
0.0000 0.0000 0.0000
0.1000 -24.2469 0.0000
0.2000 -37.0998 0.0000
0.3000 -43.6360 0.0000
0.4000 -164.5590 0.1720
0.5000 -170.6852 0.1044
0.6000 -72.3993 0.0877
0.7000 23.9411 0.0737
0.8000 83.3177 0.0792
0.9000 135.9738 0.0845
1.0000 158.9139 0.0000
#TI average gradients and standard deviation in kcal/mol
0.0000 -349.9153 82.3058
0.1000 -214.3963 77.4873
0.2000 9.0435 128.3891
0.3000 -144.6847 74.4006
0.4000 -1034.7796 165.8243
0.5000 842.6240 22.8405
0.6000 1024.8946 27.2159
0.7000 810.3393 135.1209
0.8000 555.0651 21.7616
0.9000 496.2184 26.1883
1.0000 31.5645 24.2215
#PMF from TI in kcal/mol
0.0000 0.0000
0.1000 -28.2156
0.2000 -38.4832
0.3000 -45.2653
0.4000 -104.2385
0.5000 -113.8463
0.6000 -20.4703
0.7000 71.2913
0.8000 139.5616
0.9000 192.1257
1.0000 218.5149
#MBAR free energy difference in kcal/mol: 
158.913875, 0.000000  #WARNING SUBSAMPLING DISABLED, CONSIDER RERUN WITH SUBSAMPLING OPTION
#TI free energy difference in kcal/mol: 
218.514876  #WARNING SUBSAMPLING DISABLED, CONSIDER RERUN WITH SUBSAMPLING OPTION 
Starting /export/users/common/BioSimSpace/sire.app/bin/analyse_freenrg: number of threads equals 32
