# Analysing data contained in file(s) ['lambda_0.0000/simfile.dat', 'lambda_0.1000/simfile.dat', 'lambda_0.2000/simfile.dat', 'lambda_0.3000/simfile.dat', 'lambda_0.4000/simfile.dat', 'lambda_0.5000/simfile.dat', 'lambda_0.6000/simfile.dat', 'lambda_0.7000/simfile.dat', 'lambda_0.8000/simfile.dat', 'lambda_0.9000/simfile.dat', 'lambda_1.0000/simfile.dat']
#Overlap matrix
0.9811 0.0189 0.0000 0.0000 0.0000 0.0000 0.0000 0.0000 0.0000 0.0000 0.0000
0.0189 0.9336 0.0474 0.0000 0.0000 0.0000 0.0000 0.0000 0.0000 0.0000 0.0000
0.0000 0.0474 0.8942 0.0583 0.0000 0.0000 0.0000 0.0000 0.0000 0.0000 0.0000
0.0000 0.0000 0.0583 0.8777 0.0640 0.0000 0.0000 0.0000 0.0000 0.0000 0.0000
0.0000 0.0000 0.0000 0.0640 0.8705 0.0655 0.0000 0.0000 0.0000 0.0000 0.0000
0.0000 0.0000 0.0000 0.0000 0.0655 0.8626 0.0718 0.0000 0.0000 0.0000 0.0000
0.0000 0.0000 0.0000 0.0000 0.0000 0.0718 0.8581 0.0700 0.0000 0.0000 0.0000
0.0000 0.0000 0.0000 0.0000 0.0000 0.0000 0.0700 0.8958 0.0341 0.0000 0.0000
0.0000 0.0000 0.0000 0.0000 0.0000 0.0000 0.0000 0.0341 0.9608 0.0050 0.0000
0.0000 0.0000 0.0000 0.0000 0.0000 0.0000 0.0000 0.0000 0.0050 0.9950 0.0000
0.0000 0.0000 0.0000 0.0000 0.0000 0.0000 0.0000 0.0000 0.0000 0.0000 1.0000
#DG from neighbouring lambda in kcal/mol
0.0000 0.1000 -5.1387 0.0617
0.1000 0.2000 -2.8245 0.0378
0.2000 0.3000 -0.3467 0.0337
0.3000 0.4000 1.3766 0.0319
0.4000 0.5000 2.5081 0.0315
0.5000 0.6000 3.1577 0.0299
0.6000 0.7000 3.2181 0.0303
0.7000 0.8000 1.0004 0.0452
0.8000 0.9000 -6.8694 0.1215
0.9000 1.0000 -32.0131 102.9476
#PMF from MBAR in kcal/mol
0.0000 0.0000 0.0000
0.1000 -5.1387 0.0617
0.2000 -7.9632 0.0734
0.3000 -8.3098 0.0816
0.4000 -6.9333 0.0885
0.5000 -4.4251 0.0947
0.6000 -1.2674 0.1001
0.7000 1.9507 0.1053
0.8000 2.9511 0.1152
0.9000 -3.9183 0.1679
1.0000 -35.9314 102.9478
#TI average gradients and standard deviation in kcal/mol
0.0000 -57.1495 21.7445
0.1000 -42.0577 23.2932
0.2000 -13.6944 21.4825
0.3000 6.5603 20.7982
0.4000 21.1563 20.4616
0.5000 29.4112 20.0063
0.6000 33.9051 19.2154
0.7000 27.2675 20.0054
0.8000 -16.2816 24.8926
0.9000 -142.3512 38.2098
1.0000 -595.8329 79.2682
#PMF from TI in kcal/mol
0.0000 0.0000
0.1000 -4.9604
0.2000 -7.7480
0.3000 -8.1047
0.4000 -6.7188
0.5000 -4.1905
0.6000 -1.0246
0.7000 2.0340
0.8000 2.5833
0.9000 -5.3484
1.0000 -42.2576
#MBAR free energy difference in kcal/mol: 
-35.931404, 102.947773  #WARNING SUBSAMPLING DISABLED, CONSIDER RERUN WITH SUBSAMPLING OPTION
#TI free energy difference in kcal/mol: 
-42.257558  #WARNING SUBSAMPLING DISABLED, CONSIDER RERUN WITH SUBSAMPLING OPTION 
Starting /export/users/common/BioSimSpace/sire.app/bin/analyse_freenrg: number of threads equals 32
