# Analysing data contained in file(s) ['lambda_0.0000/simfile.dat', 'lambda_0.1000/simfile.dat', 'lambda_0.2000/simfile.dat', 'lambda_0.3000/simfile.dat', 'lambda_0.4000/simfile.dat', 'lambda_0.5000/simfile.dat', 'lambda_0.6000/simfile.dat', 'lambda_0.7000/simfile.dat', 'lambda_0.8000/simfile.dat', 'lambda_0.9000/simfile.dat', 'lambda_1.0000/simfile.dat']
#Overlap matrix
0.9251 0.0721 0.0026 0.0002 0.0000 0.0000 0.0000 0.0000 0.0000 0.0000 0.0000
0.0721 0.7563 0.1578 0.0133 0.0005 0.0000 0.0000 0.0000 0.0000 0.0000 0.0000
0.0026 0.1578 0.6423 0.1854 0.0118 0.0001 0.0000 0.0000 0.0000 0.0000 0.0000
0.0002 0.0133 0.1854 0.6456 0.1523 0.0031 0.0000 0.0000 0.0000 0.0000 0.0000
0.0000 0.0005 0.0118 0.1523 0.7687 0.0656 0.0007 0.0002 0.0001 0.0002 0.0000
0.0000 0.0000 0.0001 0.0031 0.0656 0.8527 0.0710 0.0051 0.0007 0.0016 0.0000
0.0000 0.0000 0.0000 0.0000 0.0007 0.0710 0.7454 0.1668 0.0089 0.0072 0.0000
0.0000 0.0000 0.0000 0.0000 0.0002 0.0051 0.1668 0.5937 0.1729 0.0612 0.0001
0.0000 0.0000 0.0000 0.0000 0.0001 0.0007 0.0089 0.1729 0.6091 0.2079 0.0004
0.0000 0.0000 0.0000 0.0000 0.0002 0.0016 0.0072 0.0612 0.2079 0.6168 0.1052
0.0000 0.0000 0.0000 0.0000 0.0000 0.0000 0.0000 0.0001 0.0004 0.1052 0.8943
#DG from neighbouring lambda in kcal/mol
0.0000 0.1000 -20.9018 0.0292
0.1000 0.2000 -14.4949 0.0168
0.2000 0.3000 -15.6779 0.0144
0.3000 0.4000 -18.7124 0.0173
0.4000 0.5000 -22.4528 0.0304
0.5000 0.6000 -25.5939 0.0282
0.6000 0.7000 -26.1422 0.0157
0.7000 0.8000 -28.0774 0.0131
0.8000 0.9000 -28.7142 0.0118
0.9000 1.0000 -34.3749 0.0236
#PMF from MBAR in kcal/mol
0.0000 0.0000 0.0000
0.1000 -20.9018 0.0292
0.2000 -35.3967 0.0354
0.3000 -51.0746 0.0394
0.4000 -69.7870 0.0441
0.5000 -92.2398 0.0546
0.6000 -117.8337 0.0624
0.7000 -143.9759 0.0649
0.8000 -172.0533 0.0668
0.9000 -200.7675 0.0676
1.0000 -235.1423 0.0727
#TI average gradients and standard deviation in kcal/mol
0.0000 -307.0657 26.4377
0.1000 -155.1974 18.9267
0.2000 -145.5587 13.9478
0.3000 -169.7941 14.3998
0.4000 -206.9010 22.5075
0.5000 -244.1848 25.5321
0.6000 -257.0755 15.3365
0.7000 -266.3019 12.0487
0.8000 -275.6793 12.9558
0.9000 -301.0004 20.3465
1.0000 -361.4861 15.0485
#PMF from TI in kcal/mol
0.0000 0.0000
0.1000 -23.1132
0.2000 -38.1510
0.3000 -53.9186
0.4000 -72.7533
0.5000 -95.3076
0.6000 -120.3706
0.7000 -146.5395
0.8000 -173.6386
0.9000 -202.4726
1.0000 -235.5969
#MBAR free energy difference in kcal/mol: 
-235.142342, 0.072668  #WARNING SUBSAMPLING DISABLED, CONSIDER RERUN WITH SUBSAMPLING OPTION
#TI free energy difference in kcal/mol: 
-235.596884  #WARNING SUBSAMPLING DISABLED, CONSIDER RERUN WITH SUBSAMPLING OPTION 
Starting /export/users/common/BioSimSpace/sire.app/bin/analyse_freenrg: number of threads equals 32
