# Analysing data contained in file(s) ['lambda_0.0000/simfile.dat', 'lambda_0.1000/simfile.dat', 'lambda_0.2000/simfile.dat', 'lambda_0.3000/simfile.dat', 'lambda_0.4000/simfile.dat', 'lambda_0.5000/simfile.dat', 'lambda_0.6000/simfile.dat', 'lambda_0.7000/simfile.dat', 'lambda_0.8000/simfile.dat', 'lambda_0.9000/simfile.dat', 'lambda_1.0000/simfile.dat']
#Overlap matrix
1.0000 0.0000 0.0000 0.0000 0.0000 0.0000 0.0000 0.0000 0.0000 0.0000 0.0000
0.0000 1.0000 0.0000 0.0000 0.0000 0.0000 0.0000 0.0000 0.0000 0.0000 0.0000
0.0000 0.0000 0.9986 0.0014 0.0000 0.0000 0.0000 0.0000 0.0000 0.0000 0.0000
0.0000 0.0000 0.0014 0.9403 0.0583 0.0000 0.0000 0.0000 0.0000 0.0000 0.0000
0.0000 0.0000 0.0000 0.0583 0.8834 0.0582 0.0001 0.0000 0.0000 0.0000 0.0000
0.0000 0.0000 0.0000 0.0000 0.0582 0.8343 0.1071 0.0004 0.0000 0.0000 0.0000
0.0000 0.0000 0.0000 0.0000 0.0001 0.1071 0.7418 0.1508 0.0003 0.0000 0.0000
0.0000 0.0000 0.0000 0.0000 0.0000 0.0004 0.1508 0.7647 0.0840 0.0000 0.0000
0.0000 0.0000 0.0000 0.0000 0.0000 0.0000 0.0003 0.0840 0.8863 0.0294 0.0000
0.0000 0.0000 0.0000 0.0000 0.0000 0.0000 0.0000 0.0000 0.0294 0.9706 0.0000
0.0000 0.0000 0.0000 0.0000 0.0000 0.0000 0.0000 0.0000 0.0000 0.0000 1.0000
#DG from neighbouring lambda in kcal/mol
0.0000 0.1000 3.0882 0.0000
0.1000 0.2000 -21.5359 0.2084
0.2000 0.3000 -8.5157 0.2337
0.3000 0.4000 8.4646 0.0337
0.4000 0.5000 12.8495 0.0337
0.5000 0.6000 14.3243 0.0234
0.6000 0.7000 16.3484 0.0186
0.7000 0.8000 18.1247 0.0272
0.8000 0.9000 17.2141 0.0489
0.9000 1.0000 -60.1878 0.0621
#PMF from MBAR in kcal/mol
0.0000 0.0000 0.0000
0.1000 3.0882 0.0000
0.2000 -18.4478 0.2084
0.3000 -26.9635 0.0485
0.4000 -18.4989 0.0413
0.5000 -5.6494 0.0373
0.6000 8.6749 0.0373
0.7000 25.0233 0.0389
0.8000 43.1480 0.0442
0.9000 60.3621 0.0621
1.0000 0.1743 0.0000
#TI average gradients and standard deviation in kcal/mol
0.0000 8582.0556 937.9490
0.1000 23.4859 79.0908
0.2000 -197.6862 66.4446
0.3000 37.2769 26.5397
0.4000 119.6548 23.5453
0.5000 134.9214 17.5640
0.6000 149.6042 18.6182
0.7000 177.3345 18.3465
0.8000 183.0241 20.7397
0.9000 144.9015 33.6882
1.0000 -1712.0574 264.0933
#PMF from TI in kcal/mol
0.0000 0.0000
0.1000 430.2771
0.2000 421.5671
0.3000 413.5466
0.4000 421.3932
0.5000 434.1220
0.6000 448.3483
0.7000 464.6952
0.8000 482.7131
0.9000 499.1094
1.0000 420.7516
#MBAR free energy difference in kcal/mol: 
0.174332, 0.000000  #WARNING SUBSAMPLING DISABLED, CONSIDER RERUN WITH SUBSAMPLING OPTION
#TI free energy difference in kcal/mol: 
420.751628  #WARNING SUBSAMPLING DISABLED, CONSIDER RERUN WITH SUBSAMPLING OPTION 
Starting /export/users/common/BioSimSpace/sire.app/bin/analyse_freenrg: number of threads equals 32
