# Analysing data contained in file(s) ['lambda_0.0000/simfile.dat', 'lambda_0.1000/simfile.dat', 'lambda_0.2000/simfile.dat', 'lambda_0.3000/simfile.dat', 'lambda_0.4000/simfile.dat', 'lambda_0.5000/simfile.dat', 'lambda_0.6000/simfile.dat', 'lambda_0.7000/simfile.dat', 'lambda_0.8000/simfile.dat', 'lambda_0.9000/simfile.dat', 'lambda_1.0000/simfile.dat']
#Overlap matrix
1.0000 0.0000 0.0000 0.0000 0.0000 0.0000 0.0000 0.0000 0.0000 0.0000 0.0000
0.0000 0.9999 0.0001 0.0000 0.0000 0.0000 0.0000 0.0000 0.0000 0.0000 0.0000
0.0000 0.0001 0.9809 0.0189 0.0000 0.0000 0.0000 0.0000 0.0000 0.0000 0.0000
0.0000 0.0000 0.0189 0.9165 0.0643 0.0003 0.0000 0.0000 0.0000 0.0000 0.0000
0.0000 0.0000 0.0000 0.0643 0.7479 0.1874 0.0004 0.0000 0.0000 0.0000 0.0000
0.0000 0.0000 0.0000 0.0003 0.1874 0.7359 0.0765 0.0000 0.0000 0.0000 0.0000
0.0000 0.0000 0.0000 0.0000 0.0004 0.0765 0.9231 0.0000 0.0000 0.0000 0.0000
0.0000 0.0000 0.0000 0.0000 0.0000 0.0000 0.0000 0.9995 0.0005 0.0000 0.0000
0.0000 0.0000 0.0000 0.0000 0.0000 0.0000 0.0000 0.0005 0.9995 0.0000 0.0000
0.0000 0.0000 0.0000 0.0000 0.0000 0.0000 0.0000 0.0000 0.0000 1.0000 0.0000
0.0000 0.0000 0.0000 0.0000 0.0000 0.0000 0.0000 0.0000 0.0000 0.0000 1.0000
#DG from neighbouring lambda in kcal/mol
0.0000 0.1000 73.6206 nan
0.1000 0.2000 15.4067 0.2217
0.2000 0.3000 0.0342 0.0616
0.3000 0.4000 -3.7999 0.0318
0.4000 0.5000 -3.4300 0.0158
0.5000 0.6000 -2.5254 0.0287
0.6000 0.7000 -9.2969 3.2250
0.7000 0.8000 -29.7277 0.3849
0.8000 0.9000 -93.2826 7.4021
0.9000 1.0000 -204.3803 626.5697
#PMF from MBAR in kcal/mol
0.0000 0.0000 0.0000
0.1000 73.6206 nan
0.2000 89.0273 nan
0.3000 89.0615 nan
0.4000 85.2616 nan
0.5000 81.8316 nan
0.6000 79.3063 nan
0.7000 70.0094 nan
0.8000 40.2817 nan
0.9000 -53.0009 7.4045
1.0000 -257.3812 626.4994
#TI average gradients and standard deviation in kcal/mol
0.0000 1475.3950 55.2563
0.1000 364.9976 79.8745
0.2000 39.9284 31.8688
0.3000 -26.4848 22.5084
0.4000 -48.4833 19.9171
0.5000 -19.3746 19.9879
0.6000 -26.6152 19.1381
0.7000 -211.6128 33.6224
0.8000 -410.0352 46.5560
0.9000 -1209.8798 75.0421
1.0000 -2489.2901 108.2438
#PMF from TI in kcal/mol
0.0000 0.0000
0.1000 92.0196
0.2000 112.2659
0.3000 112.9381
0.4000 109.1897
0.5000 105.7968
0.6000 103.4973
0.7000 91.5859
0.8000 60.5035
0.9000 -20.4922
1.0000 -205.4507
#MBAR free energy difference in kcal/mol: 
-257.381249, 626.499408  #WARNING SUBSAMPLING DISABLED, CONSIDER RERUN WITH SUBSAMPLING OPTION
#TI free energy difference in kcal/mol: 
-205.450730  #WARNING SUBSAMPLING DISABLED, CONSIDER RERUN WITH SUBSAMPLING OPTION 
Starting /export/users/common/BioSimSpace/sire.app/bin/analyse_freenrg: number of threads equals 32
