# Analysing data contained in file(s) ['lambda_0.0000/simfile.dat', 'lambda_0.1000/simfile.dat', 'lambda_0.2000/simfile.dat', 'lambda_0.3000/simfile.dat', 'lambda_0.4000/simfile.dat', 'lambda_0.5000/simfile.dat', 'lambda_0.6000/simfile.dat', 'lambda_0.7000/simfile.dat', 'lambda_0.8000/simfile.dat', 'lambda_0.9000/simfile.dat', 'lambda_1.0000/simfile.dat']
#Overlap matrix
0.7428 0.2288 0.0269 0.0014 0.0000 0.0000 0.0000 0.0000 0.0000 0.0000 0.0000
0.2288 0.4865 0.2409 0.0412 0.0026 0.0001 0.0000 0.0000 0.0000 0.0000 0.0000
0.0269 0.2409 0.4413 0.2421 0.0458 0.0030 0.0001 0.0000 0.0000 0.0000 0.0000
0.0014 0.0412 0.2421 0.4228 0.2428 0.0467 0.0029 0.0001 0.0000 0.0000 0.0000
0.0000 0.0026 0.0458 0.2428 0.4200 0.2416 0.0445 0.0026 0.0000 0.0000 0.0000
0.0000 0.0001 0.0030 0.0467 0.2416 0.4220 0.2412 0.0431 0.0023 0.0000 0.0000
0.0000 0.0000 0.0001 0.0029 0.0445 0.2412 0.4287 0.2404 0.0403 0.0019 0.0000
0.0000 0.0000 0.0000 0.0001 0.0026 0.0431 0.2404 0.4352 0.2392 0.0378 0.0017
0.0000 0.0000 0.0000 0.0000 0.0000 0.0023 0.0403 0.2392 0.4418 0.2397 0.0367
0.0000 0.0000 0.0000 0.0000 0.0000 0.0000 0.0019 0.0378 0.2397 0.4560 0.2645
0.0000 0.0000 0.0000 0.0000 0.0000 0.0000 0.0000 0.0017 0.0367 0.2645 0.6971
#DG from neighbouring lambda in kcal/mol
0.0000 0.1000 1.7459 0.0120
0.1000 0.2000 1.9093 0.0098
0.2000 0.3000 1.9632 0.0091
0.3000 0.4000 1.9237 0.0089
0.4000 0.5000 1.8525 0.0089
0.5000 0.6000 1.7709 0.0091
0.6000 0.7000 1.7064 0.0093
0.7000 0.8000 1.6489 0.0095
0.8000 0.9000 1.6101 0.0097
0.9000 1.0000 1.6343 0.0101
#PMF from MBAR in kcal/mol
0.0000 0.0000 0.0000
0.1000 1.7459 0.0120
0.2000 3.6553 0.0183
0.3000 5.6185 0.0225
0.4000 7.5422 0.0259
0.5000 9.3947 0.0289
0.6000 11.1656 0.0317
0.7000 12.8720 0.0343
0.8000 14.5209 0.0369
0.9000 16.1311 0.0393
1.0000 17.7654 0.0417
#TI average gradients and standard deviation in kcal/mol
0.0000 16.2064 11.7293
0.1000 18.3687 10.0706
0.2000 19.5485 9.0889
0.3000 19.5056 8.8482
0.4000 18.9109 8.7682
0.5000 17.9772 9.1142
0.6000 17.4415 9.0880
0.7000 16.7058 9.4123
0.8000 16.3121 9.5047
0.9000 16.0370 9.5878
1.0000 17.6871 9.6799
#PMF from TI in kcal/mol
0.0000 0.0000
0.1000 1.7288
0.2000 3.6246
0.3000 5.5773
0.4000 7.4981
0.5000 9.3425
0.6000 11.1135
0.7000 12.8208
0.8000 14.4717
0.9000 16.0892
1.0000 17.7754
#MBAR free energy difference in kcal/mol: 
17.765366, 0.041707  #WARNING SUBSAMPLING DISABLED, CONSIDER RERUN WITH SUBSAMPLING OPTION
#TI free energy difference in kcal/mol: 
17.775395  #WARNING SUBSAMPLING DISABLED, CONSIDER RERUN WITH SUBSAMPLING OPTION 
Starting /export/users/common/BioSimSpace/sire.app/bin/analyse_freenrg: number of threads equals 32
