# Analysing data contained in file(s) ['lambda_0.0000/simfile.dat', 'lambda_0.1000/simfile.dat', 'lambda_0.2000/simfile.dat', 'lambda_0.3000/simfile.dat', 'lambda_0.4000/simfile.dat', 'lambda_0.5000/simfile.dat', 'lambda_0.6000/simfile.dat', 'lambda_0.7000/simfile.dat', 'lambda_0.8000/simfile.dat', 'lambda_0.9000/simfile.dat', 'lambda_1.0000/simfile.dat']
#Overlap matrix
0.6321 0.2897 0.0695 0.0081 0.0005 0.0000 0.0000 0.0000 0.0000 0.0000 0.0000
0.2897 0.3898 0.2432 0.0682 0.0086 0.0005 0.0000 0.0000 0.0000 0.0000 0.0000
0.0695 0.2432 0.3680 0.2406 0.0693 0.0089 0.0005 0.0000 0.0000 0.0000 0.0000
0.0081 0.0682 0.2406 0.3636 0.2402 0.0697 0.0090 0.0006 0.0000 0.0000 0.0000
0.0005 0.0086 0.0693 0.2402 0.3631 0.2395 0.0684 0.0096 0.0008 0.0000 0.0000
0.0000 0.0005 0.0089 0.0697 0.2395 0.3605 0.2354 0.0725 0.0118 0.0011 0.0000
0.0000 0.0000 0.0005 0.0090 0.0684 0.2354 0.3580 0.2410 0.0753 0.0117 0.0007
0.0000 0.0000 0.0000 0.0006 0.0096 0.0725 0.2410 0.3640 0.2409 0.0655 0.0059
0.0000 0.0000 0.0000 0.0000 0.0008 0.0118 0.0753 0.2409 0.3955 0.2392 0.0366
0.0000 0.0000 0.0000 0.0000 0.0000 0.0011 0.0117 0.0655 0.2392 0.4711 0.2115
0.0000 0.0000 0.0000 0.0000 0.0000 0.0000 0.0007 0.0059 0.0366 0.2115 0.7453
#DG from neighbouring lambda in kcal/mol
0.0000 0.1000 -1.3178 0.0079
0.1000 0.2000 -1.0568 0.0075
0.2000 0.3000 -0.8299 0.0073
0.3000 0.4000 -0.6438 0.0073
0.4000 0.5000 -0.5076 0.0073
0.5000 0.6000 -0.4069 0.0073
0.6000 0.7000 -0.2021 0.0069
0.7000 0.8000 0.2466 0.0072
0.8000 0.9000 1.2048 0.0085
0.9000 1.0000 3.5798 0.0123
#PMF from MBAR in kcal/mol
0.0000 0.0000 0.0000
0.1000 -1.3178 0.0079
0.2000 -2.3746 0.0135
0.3000 -3.2045 0.0175
0.4000 -3.8483 0.0208
0.5000 -4.3559 0.0235
0.6000 -4.7628 0.0260
0.7000 -4.9649 0.0282
0.8000 -4.7183 0.0301
0.9000 -3.5135 0.0323
1.0000 0.0663 0.0358
#TI average gradients and standard deviation in kcal/mol
0.0000 -15.7737 7.9346
0.1000 -11.8351 8.0476
0.2000 -9.4619 7.8378
0.3000 -7.1732 7.8525
0.4000 -5.6664 7.6123
0.5000 -4.2931 7.6336
0.6000 -3.6855 7.3681
0.7000 -0.1872 7.5197
0.8000 5.5280 8.3532
0.9000 20.4016 10.1093
1.0000 56.9410 13.9742
#PMF from TI in kcal/mol
0.0000 0.0000
0.1000 -1.3804
0.2000 -2.4453
0.3000 -3.2770
0.4000 -3.9190
0.5000 -4.4170
0.6000 -4.8159
0.7000 -5.0096
0.8000 -4.7425
0.9000 -3.4460
1.0000 0.4211
#MBAR free energy difference in kcal/mol: 
0.066299, 0.035758  #WARNING SUBSAMPLING DISABLED, CONSIDER RERUN WITH SUBSAMPLING OPTION
#TI free energy difference in kcal/mol: 
0.421088  #WARNING SUBSAMPLING DISABLED, CONSIDER RERUN WITH SUBSAMPLING OPTION 
Starting /export/users/common/BioSimSpace/sire.app/bin/analyse_freenrg: number of threads equals 32
