# Analysing data contained in file(s) ['lambda_0.0000/simfile.dat', 'lambda_0.1000/simfile.dat', 'lambda_0.2000/simfile.dat', 'lambda_0.3000/simfile.dat', 'lambda_0.4000/simfile.dat', 'lambda_0.5000/simfile.dat', 'lambda_0.6000/simfile.dat', 'lambda_0.7000/simfile.dat', 'lambda_0.8000/simfile.dat', 'lambda_0.9000/simfile.dat', 'lambda_1.0000/simfile.dat']
#Overlap matrix
0.8661 0.1321 0.0018 0.0000 0.0000 0.0000 0.0000 0.0000 0.0000 0.0000 0.0000
0.1321 0.6898 0.1736 0.0045 0.0000 0.0000 0.0000 0.0000 0.0000 0.0000 0.0000
0.0018 0.1736 0.6235 0.1937 0.0073 0.0000 0.0000 0.0000 0.0000 0.0000 0.0000
0.0000 0.0045 0.1937 0.5944 0.1997 0.0077 0.0000 0.0000 0.0000 0.0000 0.0000
0.0000 0.0000 0.0073 0.1997 0.5852 0.1996 0.0082 0.0000 0.0000 0.0000 0.0000
0.0000 0.0000 0.0000 0.0077 0.1996 0.5810 0.2036 0.0080 0.0000 0.0000 0.0000
0.0000 0.0000 0.0000 0.0000 0.0082 0.2036 0.5825 0.1972 0.0084 0.0000 0.0000
0.0000 0.0000 0.0000 0.0000 0.0000 0.0080 0.1972 0.5880 0.2000 0.0066 0.0000
0.0000 0.0000 0.0000 0.0000 0.0000 0.0000 0.0084 0.2000 0.6040 0.1825 0.0050
0.0000 0.0000 0.0000 0.0000 0.0000 0.0000 0.0000 0.0066 0.1825 0.6292 0.1816
0.0000 0.0000 0.0000 0.0000 0.0000 0.0000 0.0000 0.0000 0.0050 0.1816 0.8133
#DG from neighbouring lambda in kcal/mol
0.0000 0.1000 -5.1583 0.0202
0.1000 0.2000 -5.6491 0.0163
0.2000 0.3000 -5.5246 0.0147
0.3000 0.4000 -5.0353 0.0141
0.4000 0.5000 -4.4397 0.0141
0.5000 0.6000 -3.6630 0.0138
0.6000 0.7000 -2.8457 0.0142
0.7000 0.8000 -1.8542 0.0141
0.8000 0.9000 -0.7583 0.0154
0.9000 1.0000 0.6058 0.0159
#PMF from MBAR in kcal/mol
0.0000 0.0000 0.0000
0.1000 -5.1583 0.0202
0.2000 -10.8074 0.0285
0.3000 -16.3320 0.0341
0.4000 -21.3673 0.0385
0.5000 -25.8070 0.0425
0.6000 -29.4700 0.0461
0.7000 -32.3157 0.0495
0.8000 -34.1699 0.0527
0.9000 -34.9282 0.0560
1.0000 -34.3224 0.0593
#TI average gradients and standard deviation in kcal/mol
0.0000 -44.6999 17.6462
0.1000 -55.5860 14.0984
0.2000 -56.7708 13.2603
0.3000 -53.1772 12.5298
0.4000 -47.5119 12.5082
0.5000 -40.7051 12.4348
0.6000 -32.6121 12.3795
0.7000 -24.1155 12.2562
0.8000 -12.9571 12.9009
0.9000 -1.9675 13.4165
1.0000 14.9784 14.1609
#PMF from TI in kcal/mol
0.0000 0.0000
0.1000 -5.0143
0.2000 -10.6321
0.3000 -16.1295
0.4000 -21.1640
0.5000 -25.5748
0.6000 -29.2407
0.7000 -32.0771
0.8000 -33.9307
0.9000 -34.6769
1.0000 -34.0264
#MBAR free energy difference in kcal/mol: 
-34.322418, 0.059292  #WARNING SUBSAMPLING DISABLED, CONSIDER RERUN WITH SUBSAMPLING OPTION
#TI free energy difference in kcal/mol: 
-34.026396  #WARNING SUBSAMPLING DISABLED, CONSIDER RERUN WITH SUBSAMPLING OPTION 
Starting /export/users/common/BioSimSpace/sire.app/bin/analyse_freenrg: number of threads equals 32
