# Analysing data contained in file(s) ['lambda_0.0000/simfile.dat', 'lambda_0.1000/simfile.dat', 'lambda_0.2000/simfile.dat', 'lambda_0.3000/simfile.dat', 'lambda_0.4000/simfile.dat', 'lambda_0.5000/simfile.dat', 'lambda_0.6000/simfile.dat', 'lambda_0.7000/simfile.dat', 'lambda_0.8000/simfile.dat', 'lambda_0.9000/simfile.dat', 'lambda_1.0000/simfile.dat']
#Overlap matrix
1.0000 0.0000 0.0000 0.0000 0.0000 0.0000 0.0000 0.0000 0.0000 0.0000 0.0000
0.0000 0.9171 0.0829 0.0000 0.0000 0.0000 0.0000 0.0000 0.0000 0.0000 0.0000
0.0000 0.0829 0.8465 0.0705 0.0001 0.0000 0.0000 0.0000 0.0000 0.0000 0.0000
0.0000 0.0000 0.0705 0.8105 0.1185 0.0005 0.0000 0.0000 0.0000 0.0000 0.0000
0.0000 0.0000 0.0001 0.1185 0.7415 0.1387 0.0012 0.0000 0.0000 0.0000 0.0000
0.0000 0.0000 0.0000 0.0005 0.1387 0.7031 0.1558 0.0018 0.0000 0.0000 0.0000
0.0000 0.0000 0.0000 0.0000 0.0012 0.1558 0.6805 0.1608 0.0017 0.0000 0.0000
0.0000 0.0000 0.0000 0.0000 0.0000 0.0018 0.1608 0.6787 0.1578 0.0009 0.0000
0.0000 0.0000 0.0000 0.0000 0.0000 0.0000 0.0017 0.1578 0.7176 0.1229 0.0000
0.0000 0.0000 0.0000 0.0000 0.0000 0.0000 0.0000 0.0009 0.1229 0.8762 0.0000
0.0000 0.0000 0.0000 0.0000 0.0000 0.0000 0.0000 0.0000 0.0000 0.0000 1.0000
#DG from neighbouring lambda in kcal/mol
0.0000 0.1000 31.7614 4.8908
0.1000 0.2000 4.6428 0.0274
0.2000 0.3000 1.1353 0.0302
0.3000 0.4000 -1.5555 0.0219
0.4000 0.5000 -3.0429 0.0196
0.5000 0.6000 -4.0172 0.0179
0.6000 0.7000 -4.7487 0.0175
0.7000 0.8000 -5.5284 0.0178
0.8000 0.9000 -6.6567 0.0213
0.9000 1.0000 -22.0222 48.9061
#PMF from MBAR in kcal/mol
0.0000 0.0000 0.0000
0.1000 31.7614 4.8908
0.2000 36.4042 4.8908
0.3000 37.5394 4.8907
0.4000 35.9839 4.8907
0.5000 32.9409 4.8907
0.6000 28.9238 4.8907
0.7000 24.1751 4.8907
0.8000 18.6466 4.8907
0.9000 11.9899 4.8907
1.0000 -10.0323 44.0155
#TI average gradients and standard deviation in kcal/mol
0.0000 1995.7895 84.5582
0.1000 53.9054 39.7102
0.2000 33.0015 22.4053
0.3000 -5.2307 18.1047
0.4000 -23.9826 16.1157
0.5000 -35.8708 15.1049
0.6000 -44.1347 14.5085
0.7000 -51.1095 14.9058
0.8000 -59.5019 15.2756
0.9000 -76.7209 19.2203
1.0000 -2507.4487 1275.5584
#PMF from TI in kcal/mol
0.0000 0.0000
0.1000 102.4847
0.2000 106.8301
0.3000 108.2186
0.4000 106.7580
0.5000 103.7653
0.6000 99.7650
0.7000 95.0028
0.8000 89.4722
0.9000 82.6611
1.0000 -46.5474
#MBAR free energy difference in kcal/mol: 
-10.032343, 44.015511  #WARNING SUBSAMPLING DISABLED, CONSIDER RERUN WITH SUBSAMPLING OPTION
#TI free energy difference in kcal/mol: 
-46.547383  #WARNING SUBSAMPLING DISABLED, CONSIDER RERUN WITH SUBSAMPLING OPTION 
Starting /export/users/common/BioSimSpace/sire.app/bin/analyse_freenrg: number of threads equals 32
