# Analysing data contained in file(s) ['lambda_0.0000/simfile.dat', 'lambda_0.1000/simfile.dat', 'lambda_0.2000/simfile.dat', 'lambda_0.3000/simfile.dat', 'lambda_0.4000/simfile.dat', 'lambda_0.5000/simfile.dat', 'lambda_0.6000/simfile.dat', 'lambda_0.7000/simfile.dat', 'lambda_0.8000/simfile.dat', 'lambda_0.9000/simfile.dat', 'lambda_1.0000/simfile.dat']
#Overlap matrix
0.8053 0.1888 0.0059 0.0000 0.0000 0.0000 0.0000 0.0000 0.0000 0.0000 0.0000
0.1888 0.6084 0.1955 0.0073 0.0000 0.0000 0.0000 0.0000 0.0000 0.0000 0.0000
0.0059 0.1955 0.5902 0.1995 0.0088 0.0001 0.0000 0.0000 0.0000 0.0000 0.0000
0.0000 0.0073 0.1995 0.5800 0.2042 0.0090 0.0001 0.0000 0.0000 0.0000 0.0000
0.0000 0.0000 0.0088 0.2042 0.5733 0.2037 0.0099 0.0001 0.0000 0.0000 0.0000
0.0000 0.0000 0.0001 0.0090 0.2037 0.5690 0.2075 0.0107 0.0001 0.0000 0.0000
0.0000 0.0000 0.0000 0.0001 0.0099 0.2075 0.5616 0.2100 0.0109 0.0001 0.0000
0.0000 0.0000 0.0000 0.0000 0.0001 0.0107 0.2100 0.5618 0.2064 0.0109 0.0001
0.0000 0.0000 0.0000 0.0000 0.0000 0.0001 0.0109 0.2064 0.5627 0.2093 0.0106
0.0000 0.0000 0.0000 0.0000 0.0000 0.0000 0.0001 0.0109 0.2093 0.5652 0.2144
0.0000 0.0000 0.0000 0.0000 0.0000 0.0000 0.0000 0.0001 0.0106 0.2144 0.7749
#DG from neighbouring lambda in kcal/mol
0.0000 0.1000 2.8102 0.0153
0.1000 0.2000 -1.1667 0.0145
0.2000 0.3000 -5.5143 0.0141
0.3000 0.4000 -9.8776 0.0137
0.4000 0.5000 -14.2887 0.0137
0.5000 0.6000 -18.6947 0.0134
0.6000 0.7000 -23.1041 0.0132
0.7000 0.8000 -27.5709 0.0134
0.8000 0.9000 -32.1161 0.0133
0.9000 1.0000 -36.7688 0.0135
#PMF from MBAR in kcal/mol
0.0000 0.0000 0.0000
0.1000 2.8102 0.0153
0.2000 1.6435 0.0239
0.3000 -3.8708 0.0299
0.4000 -13.7484 0.0347
0.5000 -28.0371 0.0390
0.6000 -46.7318 0.0426
0.7000 -69.8358 0.0460
0.8000 -97.4067 0.0491
0.9000 -129.5227 0.0520
1.0000 -166.2915 0.0549
#TI average gradients and standard deviation in kcal/mol
0.0000 44.6992 13.7058
0.1000 9.3480 12.6673
0.2000 -33.1528 12.5138
0.3000 -77.0275 12.1535
0.4000 -120.7111 12.2832
0.5000 -164.9365 12.0229
0.6000 -208.9607 11.9238
0.7000 -253.2131 11.9679
0.8000 -298.4149 12.1070
0.9000 -344.0927 12.1431
1.0000 -390.4136 12.3804
#PMF from TI in kcal/mol
0.0000 0.0000
0.1000 2.7024
0.2000 1.5121
0.3000 -3.9969
0.4000 -13.8838
0.5000 -28.1662
0.6000 -46.8611
0.7000 -69.9698
0.8000 -97.5512
0.9000 -129.6765
1.0000 -166.4018
#MBAR free energy difference in kcal/mol: 
-166.291512, 0.054862  #WARNING SUBSAMPLING DISABLED, CONSIDER RERUN WITH SUBSAMPLING OPTION
#TI free energy difference in kcal/mol: 
-166.401849  #WARNING SUBSAMPLING DISABLED, CONSIDER RERUN WITH SUBSAMPLING OPTION 
Starting /export/users/common/BioSimSpace/sire.app/bin/analyse_freenrg: number of threads equals 32
