# Analysing data contained in file(s) ['lambda_0.0000/simfile.dat', 'lambda_0.1000/simfile.dat', 'lambda_0.2000/simfile.dat', 'lambda_0.3000/simfile.dat', 'lambda_0.4000/simfile.dat', 'lambda_0.5000/simfile.dat', 'lambda_0.6000/simfile.dat', 'lambda_0.7000/simfile.dat', 'lambda_0.8000/simfile.dat', 'lambda_0.9000/simfile.dat', 'lambda_1.0000/simfile.dat']
#Overlap matrix
0.8757 0.1200 0.0043 0.0001 0.0000 0.0000 0.0000 0.0000 0.0000 0.0000 0.0000
0.1200 0.6860 0.1817 0.0118 0.0005 0.0000 0.0000 0.0000 0.0000 0.0000 0.0000
0.0043 0.1817 0.5861 0.2026 0.0245 0.0009 0.0000 0.0000 0.0000 0.0000 0.0000
0.0001 0.0118 0.2026 0.5232 0.2399 0.0207 0.0017 0.0001 0.0000 0.0000 0.0000
0.0000 0.0005 0.0245 0.2399 0.5403 0.1652 0.0266 0.0029 0.0001 0.0000 0.0000
0.0000 0.0000 0.0009 0.0207 0.1652 0.6573 0.1336 0.0206 0.0017 0.0000 0.0000
0.0000 0.0000 0.0000 0.0017 0.0266 0.1336 0.6066 0.2029 0.0267 0.0017 0.0002
0.0000 0.0000 0.0000 0.0001 0.0029 0.0206 0.2029 0.4916 0.2391 0.0400 0.0028
0.0000 0.0000 0.0000 0.0000 0.0001 0.0017 0.0267 0.2391 0.4542 0.2458 0.0324
0.0000 0.0000 0.0000 0.0000 0.0000 0.0000 0.0017 0.0400 0.2458 0.4933 0.2192
0.0000 0.0000 0.0000 0.0000 0.0000 0.0000 0.0002 0.0028 0.0324 0.2192 0.7454
#DG from neighbouring lambda in kcal/mol
0.0000 0.1000 8.9990 0.0213
0.1000 0.2000 12.6024 0.0151
0.2000 0.3000 11.8902 0.0129
0.3000 0.4000 10.5997 0.0107
0.4000 0.5000 8.7946 0.0143
0.5000 0.6000 7.7028 0.0163
0.6000 0.7000 6.4391 0.0122
0.7000 0.8000 4.8609 0.0099
0.8000 0.9000 3.4325 0.0095
0.9000 1.0000 1.9693 0.0122
#PMF from MBAR in kcal/mol
0.0000 0.0000 0.0000
0.1000 8.9990 0.0213
0.2000 21.6013 0.0284
0.3000 33.4915 0.0329
0.4000 44.0912 0.0359
0.5000 52.8858 0.0399
0.6000 60.5886 0.0435
0.7000 67.0277 0.0460
0.8000 71.8887 0.0480
0.9000 75.3211 0.0498
1.0000 77.2904 0.0521
#TI average gradients and standard deviation in kcal/mol
0.0000 57.0577 394.5261
0.1000 122.2311 13.2934
0.2000 124.8373 12.8628
0.3000 111.7925 12.2693
0.4000 99.5041 10.2560
0.5000 82.6932 13.2526
0.6000 70.0387 13.1246
0.7000 55.0855 10.6778
0.8000 41.9686 9.5447
0.9000 26.8010 9.2656
1.0000 -3771630763.4332 112024696594.2569
#PMF from TI in kcal/mol
0.0000 0.0000
0.1000 8.9644
0.2000 21.3179
0.3000 33.1493
0.4000 43.7142
0.5000 52.8240
0.6000 60.4606
0.7000 66.7168
0.8000 71.5695
0.9000 75.0080
1.0000 -188581461.8236
#MBAR free energy difference in kcal/mol: 
77.290414, 0.052120  #WARNING SUBSAMPLING DISABLED, CONSIDER RERUN WITH SUBSAMPLING OPTION
#TI free energy difference in kcal/mol: 
-188581461.823581  #WARNING SUBSAMPLING DISABLED, CONSIDER RERUN WITH SUBSAMPLING OPTION 
Starting /export/users/common/BioSimSpace/sire.app/bin/analyse_freenrg: number of threads equals 32
