# Analysing data contained in file(s) ['lambda_0.0000/simfile.dat', 'lambda_0.1000/simfile.dat', 'lambda_0.2000/simfile.dat', 'lambda_0.3000/simfile.dat', 'lambda_0.4000/simfile.dat', 'lambda_0.5000/simfile.dat', 'lambda_0.6000/simfile.dat', 'lambda_0.7000/simfile.dat', 'lambda_0.8000/simfile.dat', 'lambda_0.9000/simfile.dat', 'lambda_1.0000/simfile.dat']
#Overlap matrix
0.8424 0.1519 0.0056 0.0001 0.0000 0.0000 0.0000 0.0000 0.0000 0.0000 0.0000
0.1519 0.6120 0.2184 0.0173 0.0003 0.0000 0.0000 0.0000 0.0000 0.0000 0.0000
0.0056 0.2184 0.5262 0.2264 0.0228 0.0006 0.0000 0.0000 0.0000 0.0000 0.0000
0.0001 0.0173 0.2264 0.4952 0.2326 0.0274 0.0010 0.0000 0.0000 0.0000 0.0000
0.0000 0.0003 0.0228 0.2326 0.4743 0.2348 0.0336 0.0015 0.0000 0.0000 0.0000
0.0000 0.0000 0.0006 0.0274 0.2348 0.4585 0.2388 0.0379 0.0019 0.0000 0.0000
0.0000 0.0000 0.0000 0.0010 0.0336 0.2388 0.4431 0.2418 0.0400 0.0018 0.0000
0.0000 0.0000 0.0000 0.0000 0.0015 0.0379 0.2418 0.4396 0.2412 0.0371 0.0009
0.0000 0.0000 0.0000 0.0000 0.0000 0.0019 0.0400 0.2412 0.4519 0.2455 0.0195
0.0000 0.0000 0.0000 0.0000 0.0000 0.0000 0.0018 0.0371 0.2455 0.5255 0.1900
0.0000 0.0000 0.0000 0.0000 0.0000 0.0000 0.0000 0.0009 0.0195 0.1900 0.7896
#DG from neighbouring lambda in kcal/mol
0.0000 0.1000 10.1951 0.0180
0.1000 0.2000 8.8742 0.0127
0.2000 0.3000 8.2767 0.0116
0.3000 0.4000 7.8572 0.0108
0.4000 0.5000 7.5510 0.0103
0.5000 0.6000 7.3506 0.0098
0.6000 0.7000 7.2757 0.0094
0.7000 0.8000 7.3835 0.0095
0.8000 0.9000 8.1625 0.0101
0.9000 1.0000 11.6763 0.0144
#PMF from MBAR in kcal/mol
0.0000 0.0000 0.0000
0.1000 10.1951 0.0180
0.2000 19.0693 0.0248
0.3000 27.3460 0.0293
0.4000 35.2032 0.0329
0.5000 42.7542 0.0359
0.6000 50.1048 0.0384
0.7000 57.3805 0.0407
0.8000 64.7640 0.0429
0.9000 72.9264 0.0451
1.0000 84.6028 0.0484
#TI average gradients and standard deviation in kcal/mol
0.0000 114.2376 17.6175
0.1000 92.7727 12.6108
0.2000 85.3955 11.1608
0.3000 80.4867 10.7097
0.4000 76.9210 10.1371
0.5000 74.2487 9.7399
0.6000 72.8311 9.7148
0.7000 72.8320 9.3681
0.8000 75.7693 9.5443
0.9000 91.3729 10.6064
1.0000 155.1970 17.8257
#PMF from TI in kcal/mol
0.0000 0.0000
0.1000 10.3505
0.2000 19.2589
0.3000 27.5530
0.4000 35.4234
0.5000 42.9819
0.6000 50.3359
0.7000 57.6190
0.8000 65.0491
0.9000 73.4062
1.0000 85.7347
#MBAR free energy difference in kcal/mol: 
84.602751, 0.048426  #WARNING SUBSAMPLING DISABLED, CONSIDER RERUN WITH SUBSAMPLING OPTION
#TI free energy difference in kcal/mol: 
85.734709  #WARNING SUBSAMPLING DISABLED, CONSIDER RERUN WITH SUBSAMPLING OPTION 
Starting /export/users/common/BioSimSpace/sire.app/bin/analyse_freenrg: number of threads equals 32
