# Analysing data contained in file(s) ['lambda_0.0000/simfile.dat', 'lambda_0.1000/simfile.dat', 'lambda_0.2000/simfile.dat', 'lambda_0.3000/simfile.dat', 'lambda_0.4000/simfile.dat', 'lambda_0.5000/simfile.dat', 'lambda_0.6000/simfile.dat', 'lambda_0.7000/simfile.dat', 'lambda_0.8000/simfile.dat', 'lambda_0.9000/simfile.dat', 'lambda_1.0000/simfile.dat']
#Overlap matrix
0.9033 0.0960 0.0007 0.0000 0.0000 0.0000 0.0000 0.0000 0.0000 0.0000 0.0000
0.0960 0.7381 0.1634 0.0025 0.0000 0.0000 0.0000 0.0000 0.0000 0.0000 0.0000
0.0007 0.1634 0.6655 0.1674 0.0030 0.0000 0.0000 0.0000 0.0000 0.0000 0.0000
0.0000 0.0025 0.1674 0.6505 0.1761 0.0035 0.0000 0.0000 0.0000 0.0000 0.0000
0.0000 0.0000 0.0030 0.1761 0.6414 0.1760 0.0035 0.0000 0.0000 0.0000 0.0000
0.0000 0.0000 0.0000 0.0035 0.1760 0.6415 0.1754 0.0036 0.0000 0.0000 0.0000
0.0000 0.0000 0.0000 0.0000 0.0035 0.1754 0.6376 0.1798 0.0037 0.0000 0.0000
0.0000 0.0000 0.0000 0.0000 0.0000 0.0036 0.1798 0.6416 0.1721 0.0029 0.0000
0.0000 0.0000 0.0000 0.0000 0.0000 0.0000 0.0037 0.1721 0.6621 0.1613 0.0008
0.0000 0.0000 0.0000 0.0000 0.0000 0.0000 0.0000 0.0029 0.1613 0.7388 0.0970
0.0000 0.0000 0.0000 0.0000 0.0000 0.0000 0.0000 0.0000 0.0008 0.0970 0.9022
#DG from neighbouring lambda in kcal/mol
0.0000 0.1000 0.0077 0.0250
0.1000 0.2000 -0.4237 0.0173
0.2000 0.3000 -0.4872 0.0168
0.3000 0.4000 -0.6585 0.0161
0.4000 0.5000 -0.8195 0.0161
0.5000 0.6000 -1.0309 0.0161
0.6000 0.7000 -1.2138 0.0158
0.7000 0.8000 -1.2298 0.0164
0.8000 0.9000 -0.8918 0.0174
0.9000 1.0000 -0.0572 0.0248
#PMF from MBAR in kcal/mol
0.0000 0.0000 0.0000
0.1000 0.0077 0.0250
0.2000 -0.4160 0.0327
0.3000 -0.9032 0.0386
0.4000 -1.5617 0.0434
0.5000 -2.3812 0.0477
0.6000 -3.4122 0.0517
0.7000 -4.6259 0.0553
0.8000 -5.8558 0.0588
0.9000 -6.7476 0.0624
1.0000 -6.8048 0.0682
#TI average gradients and standard deviation in kcal/mol
0.0000 9.5672 21.8495
0.1000 -4.2338 15.3169
0.2000 -4.0192 13.9640
0.3000 -5.8096 13.7615
0.4000 -7.4346 13.6204
0.5000 -9.1316 13.8095
0.6000 -11.5403 13.7856
0.7000 -12.3509 13.6499
0.8000 -11.7963 14.1475
0.9000 -4.8250 15.6463
1.0000 7.7329 18.3035
#PMF from TI in kcal/mol
0.0000 0.0000
0.1000 0.2667
0.2000 -0.1460
0.3000 -0.6374
0.4000 -1.2996
0.5000 -2.1279
0.6000 -3.1615
0.7000 -4.3561
0.8000 -5.5634
0.9000 -6.3945
1.0000 -6.2491
#MBAR free energy difference in kcal/mol: 
-6.804806, 0.068235  #WARNING SUBSAMPLING DISABLED, CONSIDER RERUN WITH SUBSAMPLING OPTION
#TI free energy difference in kcal/mol: 
-6.249118  #WARNING SUBSAMPLING DISABLED, CONSIDER RERUN WITH SUBSAMPLING OPTION 
Starting /export/users/common/BioSimSpace/sire.app/bin/analyse_freenrg: number of threads equals 32
