# Analysing data contained in file(s) ['lambda_0.0000/simfile.dat', 'lambda_0.1000/simfile.dat', 'lambda_0.2000/simfile.dat', 'lambda_0.3000/simfile.dat', 'lambda_0.4000/simfile.dat', 'lambda_0.5000/simfile.dat', 'lambda_0.6000/simfile.dat', 'lambda_0.7000/simfile.dat', 'lambda_0.8000/simfile.dat', 'lambda_0.9000/simfile.dat', 'lambda_1.0000/simfile.dat']
#Overlap matrix
0.9999 0.0001 0.0000 0.0000 0.0000 0.0000 0.0000 0.0000 0.0000 0.0000 0.0000
0.0001 0.9903 0.0096 0.0000 0.0000 0.0000 0.0000 0.0000 0.0000 0.0000 0.0000
0.0000 0.0096 0.9214 0.0689 0.0001 0.0000 0.0000 0.0000 0.0000 0.0000 0.0000
0.0000 0.0000 0.0689 0.8203 0.1108 0.0000 0.0000 0.0000 0.0000 0.0000 0.0000
0.0000 0.0000 0.0001 0.1108 0.8591 0.0300 0.0000 0.0000 0.0000 0.0000 0.0000
0.0000 0.0000 0.0000 0.0000 0.0300 0.8884 0.0816 0.0000 0.0000 0.0000 0.0000
0.0000 0.0000 0.0000 0.0000 0.0000 0.0816 0.8762 0.0422 0.0000 0.0000 0.0000
0.0000 0.0000 0.0000 0.0000 0.0000 0.0000 0.0422 0.9083 0.0495 0.0000 0.0000
0.0000 0.0000 0.0000 0.0000 0.0000 0.0000 0.0000 0.0495 0.8844 0.0661 0.0000
0.0000 0.0000 0.0000 0.0000 0.0000 0.0000 0.0000 0.0000 0.0661 0.8735 0.0604
0.0000 0.0000 0.0000 0.0000 0.0000 0.0000 0.0000 0.0000 0.0000 0.0604 0.9396
#DG from neighbouring lambda in kcal/mol
0.0000 0.1000 43.9101 0.9582
0.1000 0.2000 24.4431 0.0876
0.2000 0.3000 16.7554 0.0306
0.3000 0.4000 13.3928 0.0229
0.4000 0.5000 9.2985 0.0484
0.5000 0.6000 4.6277 0.0277
0.6000 0.7000 -0.0635 0.0403
0.7000 0.8000 -6.1009 0.0369
0.8000 0.9000 -10.6079 0.0313
0.9000 1.0000 -14.6582 0.0330
#PMF from MBAR in kcal/mol
0.0000 0.0000 0.0000
0.1000 43.9101 0.9582
0.2000 68.3532 0.9623
0.3000 85.1086 0.9628
0.4000 98.5015 0.9632
0.5000 107.8000 0.9645
0.6000 112.4277 0.9649
0.7000 112.3642 0.9659
0.8000 106.2634 0.9666
0.9000 95.6555 0.9672
1.0000 80.9972 0.9679
#TI average gradients and standard deviation in kcal/mol
0.0000 656.6321 59.2991
0.1000 310.5482 32.8869
0.2000 193.4655 22.8711
0.3000 147.7229 17.5972
0.4000 121.2577 16.5040
0.5000 63.4089 17.8603
0.6000 27.0595 20.4151
0.7000 -32.4010 23.2617
0.8000 -85.5901 20.3937
0.9000 -125.9862 20.2129
1.0000 -166.4410 20.5887
#PMF from TI in kcal/mol
0.0000 0.0000
0.1000 48.3590
0.2000 73.5597
0.3000 90.6191
0.4000 104.0682
0.5000 113.3015
0.6000 117.8249
0.7000 117.5578
0.8000 111.6583
0.9000 101.0795
1.0000 86.4581
#MBAR free energy difference in kcal/mol: 
80.997219, 0.967862  #WARNING SUBSAMPLING DISABLED, CONSIDER RERUN WITH SUBSAMPLING OPTION
#TI free energy difference in kcal/mol: 
86.458102  #WARNING SUBSAMPLING DISABLED, CONSIDER RERUN WITH SUBSAMPLING OPTION 
Starting /export/users/common/BioSimSpace/sire.app/bin/analyse_freenrg: number of threads equals 32
