# Analysing data contained in file(s) ['lambda_0.0000/simfile.dat', 'lambda_0.1000/simfile.dat', 'lambda_0.2000/simfile.dat', 'lambda_0.3000/simfile.dat', 'lambda_0.4000/simfile.dat', 'lambda_0.5000/simfile.dat', 'lambda_0.6000/simfile.dat', 'lambda_0.7000/simfile.dat', 'lambda_0.8000/simfile.dat', 'lambda_0.9000/simfile.dat', 'lambda_1.0000/simfile.dat']
#Overlap matrix
0.8453 0.1518 0.0029 0.0000 0.0000 0.0000 0.0000 0.0000 0.0000 0.0000 0.0000
0.1518 0.6536 0.1880 0.0066 0.0000 0.0000 0.0000 0.0000 0.0000 0.0000 0.0000
0.0029 0.1880 0.6043 0.1976 0.0073 0.0000 0.0000 0.0000 0.0000 0.0000 0.0000
0.0000 0.0066 0.1976 0.5885 0.1993 0.0079 0.0000 0.0000 0.0000 0.0000 0.0000
0.0000 0.0000 0.0073 0.1993 0.5860 0.1993 0.0080 0.0000 0.0000 0.0000 0.0000
0.0000 0.0000 0.0000 0.0079 0.1993 0.5845 0.2012 0.0072 0.0000 0.0000 0.0000
0.0000 0.0000 0.0000 0.0000 0.0080 0.2012 0.5936 0.1905 0.0066 0.0000 0.0000
0.0000 0.0000 0.0000 0.0000 0.0000 0.0072 0.1905 0.6007 0.1959 0.0057 0.0000
0.0000 0.0000 0.0000 0.0000 0.0000 0.0000 0.0066 0.1959 0.6092 0.1853 0.0030
0.0000 0.0000 0.0000 0.0000 0.0000 0.0000 0.0000 0.0057 0.1853 0.6546 0.1545
0.0000 0.0000 0.0000 0.0000 0.0000 0.0000 0.0000 0.0000 0.0030 0.1545 0.8425
#DG from neighbouring lambda in kcal/mol
0.0000 0.1000 -12.4116 0.0183
0.1000 0.2000 -9.8310 0.0152
0.2000 0.3000 -8.1069 0.0143
0.3000 0.4000 -6.7799 0.0141
0.4000 0.5000 -5.5420 0.0141
0.5000 0.6000 -4.3110 0.0140
0.6000 0.7000 -3.1373 0.0147
0.7000 0.8000 -1.9616 0.0145
0.8000 0.9000 -0.7739 0.0154
0.9000 1.0000 0.2386 0.0180
#PMF from MBAR in kcal/mol
0.0000 0.0000 0.0000
0.1000 -12.4116 0.0183
0.2000 -22.2426 0.0264
0.3000 -30.3495 0.0321
0.4000 -37.1294 0.0368
0.5000 -42.6714 0.0410
0.6000 -46.9823 0.0447
0.7000 -50.1196 0.0484
0.8000 -52.0812 0.0518
0.9000 -52.8551 0.0552
1.0000 -52.6166 0.0592
#TI average gradients and standard deviation in kcal/mol
0.0000 -143.0479 15.9795
0.1000 -109.0566 14.0091
0.2000 -88.8972 12.7664
0.3000 -73.9847 12.8210
0.4000 -61.5401 12.6941
0.5000 -49.1521 12.5229
0.6000 -36.9544 12.3831
0.7000 -25.9617 12.7844
0.8000 -13.5352 13.2041
0.9000 -2.0848 13.9301
1.0000 6.5814 16.9619
#PMF from TI in kcal/mol
0.0000 0.0000
0.1000 -12.6052
0.2000 -22.5029
0.3000 -30.6470
0.4000 -37.4233
0.5000 -42.9579
0.6000 -47.2632
0.7000 -50.4090
0.8000 -52.3838
0.9000 -53.1648
1.0000 -52.9400
#MBAR free energy difference in kcal/mol: 
-52.616581, 0.059230  #WARNING SUBSAMPLING DISABLED, CONSIDER RERUN WITH SUBSAMPLING OPTION
#TI free energy difference in kcal/mol: 
-52.940004  #WARNING SUBSAMPLING DISABLED, CONSIDER RERUN WITH SUBSAMPLING OPTION 
Starting /export/users/common/BioSimSpace/sire.app/bin/analyse_freenrg: number of threads equals 32
