# Analysing data contained in file(s) ['lambda_0.0000/simfile.dat', 'lambda_0.1000/simfile.dat', 'lambda_0.2000/simfile.dat', 'lambda_0.3000/simfile.dat', 'lambda_0.4000/simfile.dat', 'lambda_0.5000/simfile.dat', 'lambda_0.6000/simfile.dat', 'lambda_0.7000/simfile.dat', 'lambda_0.8000/simfile.dat', 'lambda_0.9000/simfile.dat', 'lambda_1.0000/simfile.dat']
#Overlap matrix
0.6815 0.2631 0.0508 0.0044 0.0002 0.0000 0.0000 0.0000 0.0000 0.0000 0.0000
0.2631 0.4236 0.2477 0.0597 0.0057 0.0002 0.0000 0.0000 0.0000 0.0000 0.0000
0.0508 0.2477 0.3921 0.2443 0.0592 0.0056 0.0002 0.0000 0.0000 0.0000 0.0000
0.0044 0.0597 0.2443 0.3862 0.2414 0.0585 0.0052 0.0002 0.0000 0.0000 0.0000
0.0002 0.0057 0.0592 0.2414 0.3901 0.2431 0.0558 0.0044 0.0001 0.0000 0.0000
0.0000 0.0002 0.0056 0.0585 0.2431 0.3961 0.2413 0.0516 0.0036 0.0001 0.0000
0.0000 0.0000 0.0002 0.0052 0.0558 0.2413 0.4035 0.2433 0.0483 0.0025 0.0000
0.0000 0.0000 0.0000 0.0002 0.0044 0.0516 0.2433 0.4185 0.2429 0.0386 0.0005
0.0000 0.0000 0.0000 0.0000 0.0001 0.0036 0.0483 0.2429 0.4474 0.2440 0.0136
0.0000 0.0000 0.0000 0.0000 0.0000 0.0001 0.0025 0.0386 0.2440 0.5407 0.1741
0.0000 0.0000 0.0000 0.0000 0.0000 0.0000 0.0000 0.0005 0.0136 0.1741 0.8117
#DG from neighbouring lambda in kcal/mol
0.0000 0.1000 -4.7656 0.0096
0.1000 0.2000 -2.4427 0.0082
0.2000 0.3000 -0.9188 0.0079
0.3000 0.4000 0.3446 0.0080
0.4000 0.5000 1.5335 0.0081
0.5000 0.6000 2.6910 0.0084
0.6000 0.7000 3.7907 0.0086
0.7000 0.8000 4.8471 0.0091
0.8000 0.9000 5.7638 0.0103
0.9000 1.0000 6.0221 0.0158
#PMF from MBAR in kcal/mol
0.0000 0.0000 0.0000
0.1000 -4.7656 0.0096
0.2000 -7.2082 0.0153
0.3000 -8.1271 0.0193
0.4000 -7.7825 0.0227
0.5000 -6.2490 0.0256
0.6000 -3.5579 0.0284
0.7000 0.2328 0.0310
0.8000 5.0799 0.0336
0.9000 10.8436 0.0364
1.0000 16.8658 0.0411
#TI average gradients and standard deviation in kcal/mol
0.0000 -64.7163 10.3950
0.1000 -33.9713 8.4317
0.2000 -16.0732 8.2446
0.3000 -2.8104 8.2680
0.4000 9.5479 8.4555
0.5000 21.1410 8.4645
0.6000 32.6001 8.7062
0.7000 43.3587 8.7964
0.8000 53.4195 9.2548
0.9000 60.9009 11.1658
1.0000 56.6772 15.4029
#PMF from TI in kcal/mol
0.0000 0.0000
0.1000 -4.9344
0.2000 -7.4366
0.3000 -8.3808
0.4000 -8.0439
0.5000 -6.5095
0.6000 -3.8224
0.7000 -0.0245
0.8000 4.8144
0.9000 10.5305
1.0000 16.4094
#MBAR free energy difference in kcal/mol: 
16.865771, 0.041100  #WARNING SUBSAMPLING DISABLED, CONSIDER RERUN WITH SUBSAMPLING OPTION
#TI free energy difference in kcal/mol: 
16.409366  #WARNING SUBSAMPLING DISABLED, CONSIDER RERUN WITH SUBSAMPLING OPTION 
Starting /export/users/common/BioSimSpace/sire.app/bin/analyse_freenrg: number of threads equals 32
