# Analysing data contained in file(s) ['lambda_0.0000/simfile.dat', 'lambda_0.1000/simfile.dat', 'lambda_0.2000/simfile.dat', 'lambda_0.3000/simfile.dat', 'lambda_0.4000/simfile.dat', 'lambda_0.5000/simfile.dat', 'lambda_0.6000/simfile.dat', 'lambda_0.7000/simfile.dat', 'lambda_0.8000/simfile.dat', 'lambda_0.9000/simfile.dat', 'lambda_1.0000/simfile.dat']
#Overlap matrix
0.7925 0.2001 0.0073 0.0000 0.0000 0.0000 0.0000 0.0000 0.0000 0.0000 0.0000
0.2001 0.5918 0.2002 0.0078 0.0000 0.0000 0.0000 0.0000 0.0000 0.0000 0.0000
0.0073 0.2002 0.5879 0.1970 0.0075 0.0000 0.0000 0.0000 0.0000 0.0000 0.0000
0.0000 0.0078 0.1970 0.5868 0.2005 0.0077 0.0000 0.0000 0.0000 0.0000 0.0000
0.0000 0.0000 0.0075 0.2005 0.5867 0.1975 0.0077 0.0000 0.0000 0.0000 0.0000
0.0000 0.0000 0.0000 0.0077 0.1975 0.5892 0.1982 0.0074 0.0000 0.0000 0.0000
0.0000 0.0000 0.0000 0.0000 0.0077 0.1982 0.5908 0.1965 0.0067 0.0000 0.0000
0.0000 0.0000 0.0000 0.0000 0.0000 0.0074 0.1965 0.5963 0.1945 0.0052 0.0000
0.0000 0.0000 0.0000 0.0000 0.0000 0.0000 0.0067 0.1945 0.6185 0.1797 0.0006
0.0000 0.0000 0.0000 0.0000 0.0000 0.0000 0.0000 0.0052 0.1797 0.7376 0.0775
0.0000 0.0000 0.0000 0.0000 0.0000 0.0000 0.0000 0.0000 0.0006 0.0775 0.9220
#DG from neighbouring lambda in kcal/mol
0.0000 0.1000 -4.9931 0.0145
0.1000 0.2000 -3.2726 0.0141
0.2000 0.3000 -2.6789 0.0143
0.3000 0.4000 -2.4581 0.0141
0.4000 0.5000 -2.3900 0.0142
0.5000 0.6000 -2.4416 0.0142
0.6000 0.7000 -2.6409 0.0144
0.7000 0.8000 -3.0051 0.0146
0.8000 0.9000 -3.6135 0.0159
0.9000 1.0000 -5.6473 0.0284
#PMF from MBAR in kcal/mol
0.0000 0.0000 0.0000
0.1000 -4.9931 0.0145
0.2000 -8.2657 0.0231
0.3000 -10.9446 0.0294
0.4000 -13.4027 0.0344
0.5000 -15.7927 0.0389
0.6000 -18.2343 0.0429
0.7000 -20.8752 0.0466
0.8000 -23.8803 0.0501
0.9000 -27.4938 0.0538
1.0000 -33.1411 0.0620
#TI average gradients and standard deviation in kcal/mol
0.0000 -68.5565 12.8587
0.1000 -38.1514 12.5023
0.2000 -28.7791 12.4872
0.3000 -25.3825 12.6225
0.4000 -23.9460 12.4034
0.5000 -23.9747 12.5721
0.6000 -25.1177 12.5112
0.7000 -27.9361 12.5683
0.8000 -32.3973 12.8088
0.9000 -41.3158 14.8284
1.0000 -78.6088 20.9167
#PMF from TI in kcal/mol
0.0000 0.0000
0.1000 -5.3354
0.2000 -8.6819
0.3000 -11.3900
0.4000 -13.8564
0.5000 -16.2525
0.6000 -18.7071
0.7000 -21.3598
0.8000 -24.3764
0.9000 -28.0621
1.0000 -34.0583
#MBAR free energy difference in kcal/mol: 
-33.141140, 0.062046  #WARNING SUBSAMPLING DISABLED, CONSIDER RERUN WITH SUBSAMPLING OPTION
#TI free energy difference in kcal/mol: 
-34.058331  #WARNING SUBSAMPLING DISABLED, CONSIDER RERUN WITH SUBSAMPLING OPTION 
Starting /export/users/common/BioSimSpace/sire.app/bin/analyse_freenrg: number of threads equals 32
