# Analysing data contained in file(s) ['lambda_0.0000/simfile.dat', 'lambda_0.1000/simfile.dat', 'lambda_0.2000/simfile.dat', 'lambda_0.3000/simfile.dat', 'lambda_0.4000/simfile.dat', 'lambda_0.5000/simfile.dat', 'lambda_0.6000/simfile.dat', 'lambda_0.7000/simfile.dat', 'lambda_0.8000/simfile.dat', 'lambda_0.9000/simfile.dat', 'lambda_1.0000/simfile.dat']
#Overlap matrix
1.0000 0.0000 0.0000 0.0000 0.0000 0.0000 0.0000 0.0000 0.0000 0.0000 0.0000
0.0000 0.9935 0.0065 0.0000 0.0000 0.0000 0.0000 0.0000 0.0000 0.0000 0.0000
0.0000 0.0065 0.9268 0.0666 0.0001 0.0000 0.0000 0.0000 0.0000 0.0000 0.0000
0.0000 0.0000 0.0666 0.8146 0.1183 0.0005 0.0000 0.0000 0.0000 0.0000 0.0000
0.0000 0.0000 0.0001 0.1183 0.7453 0.1355 0.0008 0.0000 0.0000 0.0000 0.0000
0.0000 0.0000 0.0000 0.0005 0.1355 0.7237 0.1398 0.0005 0.0000 0.0000 0.0000
0.0000 0.0000 0.0000 0.0000 0.0008 0.1398 0.7372 0.1220 0.0001 0.0000 0.0000
0.0000 0.0000 0.0000 0.0000 0.0000 0.0005 0.1220 0.7961 0.0813 0.0000 0.0000
0.0000 0.0000 0.0000 0.0000 0.0000 0.0000 0.0001 0.0813 0.9039 0.0147 0.0000
0.0000 0.0000 0.0000 0.0000 0.0000 0.0000 0.0000 0.0000 0.0147 0.9853 0.0000
0.0000 0.0000 0.0000 0.0000 0.0000 0.0000 0.0000 0.0000 0.0000 0.0000 1.0000
#DG from neighbouring lambda in kcal/mol
0.0000 0.1000 44.9557 0.1023
0.1000 0.2000 6.2166 0.1068
0.2000 0.3000 -1.1673 0.0312
0.3000 0.4000 -4.0889 0.0219
0.4000 0.5000 -5.9753 0.0199
0.5000 0.6000 -7.5300 0.0195
0.6000 0.7000 -9.3201 0.0215
0.7000 0.8000 -12.0324 0.0277
0.8000 0.9000 -18.4254 0.0703
0.9000 1.0000 -89.0432 0.0730
#PMF from MBAR in kcal/mol
0.0000 0.0000 0.0000
0.1000 44.9557 0.1023
0.2000 51.1722 0.0385
0.3000 50.0050 0.0293
0.4000 45.9161 0.0255
0.5000 39.9408 0.0243
0.6000 32.4107 0.0254
0.7000 23.0906 0.0291
0.8000 11.0582 0.0368
0.9000 -7.3672 0.0730
1.0000 -96.4104 0.0000
#TI average gradients and standard deviation in kcal/mol
0.0000 2150.7383 81.8527
0.1000 149.7078 44.9764
0.2000 11.8246 23.0886
0.3000 -29.5299 17.6181
0.4000 -51.1819 16.2572
0.5000 -67.6498 15.5200
0.6000 -83.3719 16.1080
0.7000 -104.3740 17.5537
0.8000 -141.2637 22.1299
0.9000 -253.6579 38.9126
1.0000 -1842.5333 70.2675
#PMF from TI in kcal/mol
0.0000 0.0000
0.1000 115.0223
0.2000 123.0989
0.3000 122.2137
0.4000 118.1781
0.5000 112.2365
0.6000 104.6854
0.7000 95.2981
0.8000 83.0162
0.9000 63.2701
1.0000 -41.5394
#MBAR free energy difference in kcal/mol: 
-96.410385, 0.000000  #WARNING SUBSAMPLING DISABLED, CONSIDER RERUN WITH SUBSAMPLING OPTION
#TI free energy difference in kcal/mol: 
-41.539415  #WARNING SUBSAMPLING DISABLED, CONSIDER RERUN WITH SUBSAMPLING OPTION 
Starting /export/users/common/BioSimSpace/sire.app/bin/analyse_freenrg: number of threads equals 32
