# Analysing data contained in file(s) ['lambda_0.0000/simfile.dat', 'lambda_0.1000/simfile.dat', 'lambda_0.2000/simfile.dat', 'lambda_0.3000/simfile.dat', 'lambda_0.4000/simfile.dat', 'lambda_0.5000/simfile.dat', 'lambda_0.6000/simfile.dat', 'lambda_0.7000/simfile.dat', 'lambda_0.8000/simfile.dat', 'lambda_0.9000/simfile.dat', 'lambda_1.0000/simfile.dat']
#Overlap matrix
0.8260 0.1635 0.0099 0.0006 0.0000 0.0000 0.0000 0.0000 0.0000 0.0000 0.0000
0.1635 0.5856 0.2234 0.0260 0.0015 0.0000 0.0000 0.0000 0.0000 0.0000 0.0000
0.0099 0.2234 0.5255 0.2241 0.0168 0.0003 0.0000 0.0000 0.0000 0.0000 0.0000
0.0006 0.0260 0.2241 0.5774 0.1663 0.0056 0.0001 0.0000 0.0000 0.0000 0.0000
0.0000 0.0015 0.0168 0.1663 0.6573 0.1527 0.0055 0.0000 0.0000 0.0000 0.0000
0.0000 0.0000 0.0003 0.0056 0.1527 0.6838 0.1569 0.0007 0.0000 0.0000 0.0000
0.0000 0.0000 0.0000 0.0001 0.0055 0.1569 0.8013 0.0363 0.0000 0.0000 0.0000
0.0000 0.0000 0.0000 0.0000 0.0000 0.0007 0.0363 0.9495 0.0136 0.0000 0.0000
0.0000 0.0000 0.0000 0.0000 0.0000 0.0000 0.0000 0.0136 0.9799 0.0066 0.0000
0.0000 0.0000 0.0000 0.0000 0.0000 0.0000 0.0000 0.0000 0.0066 0.9920 0.0015
0.0000 0.0000 0.0000 0.0000 0.0000 0.0000 0.0000 0.0000 0.0000 0.0015 0.9985
#DG from neighbouring lambda in kcal/mol
0.0000 0.1000 0.4671 0.0168
0.1000 0.2000 0.3362 0.0119
0.2000 0.3000 1.3253 0.0115
0.3000 0.4000 2.6255 0.0157
0.4000 0.5000 2.7943 0.0175
0.5000 0.6000 3.3084 0.0176
0.6000 0.7000 5.0545 0.0433
0.7000 0.8000 6.0558 0.0732
0.8000 0.9000 8.0381 0.1060
0.9000 1.0000 20.4381 0.2252
#PMF from MBAR in kcal/mol
0.0000 0.0000 0.0000
0.1000 0.4671 0.0168
0.2000 0.8033 0.0232
0.3000 2.1286 0.0276
0.4000 4.7542 0.0332
0.5000 7.5484 0.0391
0.6000 10.8569 0.0443
0.7000 15.9114 0.0630
0.8000 21.9672 0.0974
0.9000 30.0053 0.1444
1.0000 50.4434 0.2678
#TI average gradients and standard deviation in kcal/mol
0.0000 -3.1943 17.7032
0.1000 2.4588 12.6564
0.2000 6.8459 9.8775
0.3000 20.1541 12.2326
0.4000 29.4322 15.8762
0.5000 26.8675 14.2978
0.6000 43.0907 19.9035
0.7000 55.6039 27.4520
0.8000 65.1282 31.8488
0.9000 109.7808 34.7039
1.0000 366.6818 39.2223
#PMF from TI in kcal/mol
0.0000 0.0000
0.1000 -0.0368
0.2000 0.4285
0.3000 1.7785
0.4000 4.2578
0.5000 7.0728
0.6000 10.5707
0.7000 15.5054
0.8000 21.5420
0.9000 30.2875
1.0000 54.1106
#MBAR free energy difference in kcal/mol: 
50.443373, 0.267835  #WARNING SUBSAMPLING DISABLED, CONSIDER RERUN WITH SUBSAMPLING OPTION
#TI free energy difference in kcal/mol: 
54.110589  #WARNING SUBSAMPLING DISABLED, CONSIDER RERUN WITH SUBSAMPLING OPTION 
Starting /export/users/common/BioSimSpace/sire.app/bin/analyse_freenrg: number of threads equals 32
