# Analysing data contained in file(s) ['lambda_0.0000/simfile.dat', 'lambda_0.1000/simfile.dat', 'lambda_0.2000/simfile.dat', 'lambda_0.3000/simfile.dat', 'lambda_0.4000/simfile.dat', 'lambda_0.5000/simfile.dat', 'lambda_0.6000/simfile.dat', 'lambda_0.7000/simfile.dat', 'lambda_0.8000/simfile.dat', 'lambda_0.9000/simfile.dat', 'lambda_1.0000/simfile.dat']
#Overlap matrix
0.8068 0.1853 0.0078 0.0001 0.0000 0.0000 0.0000 0.0000 0.0000 0.0000 0.0000
0.1853 0.5963 0.2071 0.0112 0.0001 0.0000 0.0000 0.0000 0.0000 0.0000 0.0000
0.0078 0.2071 0.5590 0.2141 0.0119 0.0001 0.0000 0.0000 0.0000 0.0000 0.0000
0.0001 0.0112 0.2141 0.5505 0.2125 0.0115 0.0001 0.0000 0.0000 0.0000 0.0000
0.0000 0.0001 0.0119 0.2125 0.5560 0.2090 0.0105 0.0001 0.0000 0.0000 0.0000
0.0000 0.0000 0.0001 0.0115 0.2090 0.5600 0.2091 0.0103 0.0001 0.0000 0.0000
0.0000 0.0000 0.0000 0.0001 0.0105 0.2091 0.5630 0.2073 0.0100 0.0001 0.0000
0.0000 0.0000 0.0000 0.0000 0.0001 0.0103 0.2073 0.5676 0.2062 0.0085 0.0000
0.0000 0.0000 0.0000 0.0000 0.0000 0.0001 0.0100 0.2062 0.5763 0.2020 0.0055
0.0000 0.0000 0.0000 0.0000 0.0000 0.0000 0.0001 0.0085 0.2020 0.6223 0.1670
0.0000 0.0000 0.0000 0.0000 0.0000 0.0000 0.0000 0.0000 0.0055 0.1670 0.8274
#DG from neighbouring lambda in kcal/mol
0.0000 0.1000 3.5962 0.0154
0.1000 0.2000 3.7005 0.0135
0.2000 0.3000 2.9273 0.0129
0.3000 0.4000 1.7797 0.0130
0.4000 0.5000 0.4531 0.0132
0.5000 0.6000 -1.0241 0.0133
0.6000 0.7000 -2.5219 0.0134
0.7000 0.8000 -4.0389 0.0136
0.8000 0.9000 -5.5551 0.0140
0.9000 1.0000 -6.9410 0.0169
#PMF from MBAR in kcal/mol
0.0000 0.0000 0.0000
0.1000 3.5962 0.0154
0.2000 7.2968 0.0233
0.3000 10.2241 0.0288
0.4000 12.0038 0.0334
0.5000 12.4568 0.0376
0.6000 11.4328 0.0413
0.7000 8.9109 0.0448
0.8000 4.8720 0.0481
0.9000 -0.6831 0.0513
1.0000 -7.6241 0.0552
#TI average gradients and standard deviation in kcal/mol
0.0000 29.3980 14.4680
0.1000 38.5177 12.6388
0.2000 34.0699 11.8617
0.3000 24.0569 11.6744
0.4000 11.3594 11.7201
0.5000 -2.8183 12.1172
0.6000 -17.5343 11.9754
0.7000 -32.9014 12.0139
0.8000 -48.0345 12.2375
0.9000 -62.5391 12.6746
1.0000 -76.2215 16.2277
#PMF from TI in kcal/mol
0.0000 0.0000
0.1000 3.3958
0.2000 7.0252
0.3000 9.9315
0.4000 11.7023
0.5000 12.1294
0.6000 11.1117
0.7000 8.5900
0.8000 4.5432
0.9000 -0.9855
1.0000 -7.9235
#MBAR free energy difference in kcal/mol: 
-7.624086, 0.055213  #WARNING SUBSAMPLING DISABLED, CONSIDER RERUN WITH SUBSAMPLING OPTION
#TI free energy difference in kcal/mol: 
-7.923544  #WARNING SUBSAMPLING DISABLED, CONSIDER RERUN WITH SUBSAMPLING OPTION 
Starting /export/users/common/BioSimSpace/sire.app/bin/analyse_freenrg: number of threads equals 32
