# Analysing data contained in file(s) ['lambda_0.0000/simfile.dat', 'lambda_0.1000/simfile.dat', 'lambda_0.2000/simfile.dat', 'lambda_0.3000/simfile.dat', 'lambda_0.4000/simfile.dat', 'lambda_0.5000/simfile.dat', 'lambda_0.6000/simfile.dat', 'lambda_0.7000/simfile.dat', 'lambda_0.8000/simfile.dat', 'lambda_0.9000/simfile.dat', 'lambda_1.0000/simfile.dat']
#Overlap matrix
1.0000 0.0000 0.0000 0.0000 0.0000 0.0000 0.0000 0.0000 0.0000 0.0000 0.0000
0.0000 0.9992 0.0008 0.0000 0.0000 0.0000 0.0000 0.0000 0.0000 0.0000 0.0000
0.0000 0.0008 0.8992 0.1000 0.0000 0.0000 0.0000 0.0000 0.0000 0.0000 0.0000
0.0000 0.0000 0.1000 0.8991 0.0009 0.0000 0.0000 0.0000 0.0000 0.0000 0.0000
0.0000 0.0000 0.0000 0.0009 0.9532 0.0455 0.0004 0.0000 0.0000 0.0000 0.0000
0.0000 0.0000 0.0000 0.0000 0.0455 0.9305 0.0241 0.0000 0.0000 0.0000 0.0000
0.0000 0.0000 0.0000 0.0000 0.0004 0.0241 0.9680 0.0075 0.0000 0.0000 0.0000
0.0000 0.0000 0.0000 0.0000 0.0000 0.0000 0.0075 0.9267 0.0658 0.0000 0.0000
0.0000 0.0000 0.0000 0.0000 0.0000 0.0000 0.0000 0.0658 0.9159 0.0182 0.0000
0.0000 0.0000 0.0000 0.0000 0.0000 0.0000 0.0000 0.0000 0.0182 0.9818 0.0000
0.0000 0.0000 0.0000 0.0000 0.0000 0.0000 0.0000 0.0000 0.0000 0.0000 1.0000
#DG from neighbouring lambda in kcal/mol
0.0000 0.1000 100.8365 0.3316
0.1000 0.2000 53.4933 0.3015
0.2000 0.3000 35.7756 0.0245
0.3000 0.4000 22.1486 0.2817
0.4000 0.5000 -1.6381 0.0385
0.5000 0.6000 -3.1431 0.0539
0.6000 0.7000 -8.5687 0.0993
0.7000 0.8000 -16.4898 0.0314
0.8000 0.9000 -23.3714 0.0629
0.9000 1.0000 -397.4579 0.1399
#PMF from MBAR in kcal/mol
0.0000 0.0000 0.0000
0.1000 100.8365 0.3316
0.2000 154.3298 0.1979
0.3000 190.1054 0.1969
0.4000 212.2539 0.1106
0.5000 210.6158 0.1099
0.6000 207.4728 0.1114
0.7000 198.9041 0.1254
0.8000 182.4143 0.1279
0.9000 159.0429 0.1399
1.0000 -238.4151 0.0000
#TI average gradients and standard deviation in kcal/mol
0.0000 5453.8064 133.2911
0.1000 358.5441 51.1704
0.2000 691.6127 51.6336
0.3000 354.4119 40.4484
0.4000 20.0865 62.0624
0.5000 -22.7248 23.3541
0.6000 -29.0470 38.3138
0.7000 -135.6929 21.2054
0.8000 -195.1735 22.1334
0.9000 -289.1134 37.0765
1.0000 -7153.3891 1006.9531
#PMF from TI in kcal/mol
0.0000 0.0000
0.1000 290.6175
0.2000 343.1254
0.3000 395.4266
0.4000 414.1515
0.5000 414.0196
0.6000 411.4310
0.7000 403.1940
0.8000 386.6507
0.9000 362.4364
1.0000 -9.6888
#MBAR free energy difference in kcal/mol: 
-238.415065, 0.000000  #WARNING SUBSAMPLING DISABLED, CONSIDER RERUN WITH SUBSAMPLING OPTION
#TI free energy difference in kcal/mol: 
-9.688773  #WARNING SUBSAMPLING DISABLED, CONSIDER RERUN WITH SUBSAMPLING OPTION 
Starting /export/users/common/BioSimSpace/sire.app/bin/analyse_freenrg: number of threads equals 32
