# Analysing data contained in file(s) ['lambda_0.0000/simfile.dat', 'lambda_0.1000/simfile.dat', 'lambda_0.2000/simfile.dat', 'lambda_0.3000/simfile.dat', 'lambda_0.4000/simfile.dat', 'lambda_0.5000/simfile.dat', 'lambda_0.6000/simfile.dat', 'lambda_0.7000/simfile.dat', 'lambda_0.8000/simfile.dat', 'lambda_0.9000/simfile.dat', 'lambda_1.0000/simfile.dat']
#Overlap matrix
0.8488 0.1499 0.0013 0.0000 0.0000 0.0000 0.0000 0.0000 0.0000 0.0000 0.0000
0.1499 0.6976 0.1509 0.0015 0.0000 0.0000 0.0000 0.0000 0.0000 0.0000 0.0000
0.0013 0.1509 0.6909 0.1554 0.0015 0.0000 0.0000 0.0000 0.0000 0.0000 0.0000
0.0000 0.0015 0.1554 0.6879 0.1534 0.0018 0.0000 0.0000 0.0000 0.0000 0.0000
0.0000 0.0000 0.0015 0.1534 0.6881 0.1551 0.0018 0.0000 0.0000 0.0000 0.0000
0.0000 0.0000 0.0000 0.0018 0.1551 0.6927 0.1489 0.0015 0.0000 0.0000 0.0000
0.0000 0.0000 0.0000 0.0000 0.0018 0.1489 0.7124 0.1360 0.0009 0.0000 0.0000
0.0000 0.0000 0.0000 0.0000 0.0000 0.0015 0.1360 0.7519 0.1102 0.0004 0.0000
0.0000 0.0000 0.0000 0.0000 0.0000 0.0000 0.0009 0.1102 0.8023 0.0865 0.0000
0.0000 0.0000 0.0000 0.0000 0.0000 0.0000 0.0000 0.0004 0.0865 0.8764 0.0367
0.0000 0.0000 0.0000 0.0000 0.0000 0.0000 0.0000 0.0000 0.0000 0.0367 0.9633
#DG from neighbouring lambda in kcal/mol
0.0000 0.1000 1.8083 0.0186
0.1000 0.2000 1.2146 0.0184
0.2000 0.3000 0.6264 0.0180
0.3000 0.4000 -0.0002 0.0181
0.4000 0.5000 -0.5687 0.0179
0.5000 0.6000 -1.0862 0.0185
0.6000 0.7000 -1.4922 0.0198
0.7000 0.8000 -1.6734 0.0228
0.8000 0.9000 -0.7901 0.0267
0.9000 1.0000 5.0096 0.0434
#PMF from MBAR in kcal/mol
0.0000 0.0000 0.0000
0.1000 1.8083 0.0186
0.2000 3.0229 0.0287
0.3000 3.6493 0.0359
0.4000 3.6491 0.0419
0.5000 3.0804 0.0471
0.6000 1.9943 0.0519
0.7000 0.5021 0.0568
0.8000 -1.1713 0.0624
0.9000 -1.9614 0.0689
1.0000 3.0482 0.0823
#TI average gradients and standard deviation in kcal/mol
0.0000 16.2507 15.4896
0.1000 15.3677 15.3972
0.2000 9.0410 15.0878
0.3000 3.2456 15.0037
0.4000 -3.0864 14.8280
0.5000 -8.4320 14.7933
0.6000 -13.4503 15.3954
0.7000 -15.9736 16.9414
0.8000 -16.1869 17.7138
0.9000 6.3168 20.4060
1.0000 117.8567 29.2388
#PMF from TI in kcal/mol
0.0000 0.0000
0.1000 1.5809
0.2000 2.8014
0.3000 3.4157
0.4000 3.4237
0.5000 2.8477
0.6000 1.7536
0.7000 0.2824
0.8000 -1.3256
0.9000 -1.8191
1.0000 4.3896
#MBAR free energy difference in kcal/mol: 
3.048234, 0.082335  #WARNING SUBSAMPLING DISABLED, CONSIDER RERUN WITH SUBSAMPLING OPTION
#TI free energy difference in kcal/mol: 
4.389567  #WARNING SUBSAMPLING DISABLED, CONSIDER RERUN WITH SUBSAMPLING OPTION 
Starting /export/users/common/BioSimSpace/sire.app/bin/analyse_freenrg: number of threads equals 32
