# Analysing data contained in file(s) ['lambda_0.0000/simfile.dat', 'lambda_0.1000/simfile.dat', 'lambda_0.2000/simfile.dat', 'lambda_0.3000/simfile.dat', 'lambda_0.4000/simfile.dat', 'lambda_0.5000/simfile.dat', 'lambda_0.6000/simfile.dat', 'lambda_0.7000/simfile.dat', 'lambda_0.8000/simfile.dat', 'lambda_0.9000/simfile.dat', 'lambda_1.0000/simfile.dat']
#Overlap matrix
0.8054 0.1860 0.0085 0.0001 0.0000 0.0000 0.0000 0.0000 0.0000 0.0000 0.0000
0.1860 0.5990 0.2028 0.0120 0.0001 0.0000 0.0000 0.0000 0.0000 0.0000 0.0000
0.0085 0.2028 0.5619 0.2130 0.0136 0.0002 0.0000 0.0000 0.0000 0.0000 0.0000
0.0001 0.0120 0.2130 0.5472 0.2133 0.0143 0.0001 0.0000 0.0000 0.0000 0.0000
0.0000 0.0001 0.0136 0.2133 0.5464 0.2139 0.0125 0.0001 0.0000 0.0000 0.0000
0.0000 0.0000 0.0002 0.0143 0.2139 0.5490 0.2098 0.0126 0.0001 0.0000 0.0000
0.0000 0.0000 0.0000 0.0001 0.0125 0.2098 0.5511 0.2129 0.0134 0.0001 0.0000
0.0000 0.0000 0.0000 0.0000 0.0001 0.0126 0.2129 0.5499 0.2132 0.0112 0.0001
0.0000 0.0000 0.0000 0.0000 0.0000 0.0001 0.0134 0.2132 0.5526 0.2094 0.0113
0.0000 0.0000 0.0000 0.0000 0.0000 0.0000 0.0001 0.0112 0.2094 0.5615 0.2178
0.0000 0.0000 0.0000 0.0000 0.0000 0.0000 0.0000 0.0001 0.0113 0.2178 0.7709
#DG from neighbouring lambda in kcal/mol
0.0000 0.1000 -2.2173 0.0153
0.1000 0.2000 -1.0612 0.0137
0.2000 0.3000 -0.5610 0.0129
0.3000 0.4000 -0.2618 0.0127
0.4000 0.5000 0.0003 0.0128
0.5000 0.6000 0.1809 0.0130
0.6000 0.7000 0.4198 0.0128
0.7000 0.8000 0.7080 0.0129
0.8000 0.9000 0.9024 0.0132
0.9000 1.0000 1.1356 0.0133
#PMF from MBAR in kcal/mol
0.0000 0.0000 0.0000
0.1000 -2.2173 0.0153
0.2000 -3.2785 0.0233
0.3000 -3.8395 0.0287
0.4000 -4.1014 0.0332
0.5000 -4.1011 0.0371
0.6000 -3.9202 0.0408
0.7000 -3.5003 0.0441
0.8000 -2.7923 0.0472
0.9000 -1.8899 0.0502
1.0000 -0.7543 0.0531
#TI average gradients and standard deviation in kcal/mol
0.0000 -32.9350 14.4581
0.1000 -14.1667 12.0662
0.2000 -7.7347 11.7852
0.3000 -3.9359 11.4358
0.4000 -1.3590 11.5107
0.5000 1.1357 11.7605
0.6000 2.7383 11.6676
0.7000 5.7369 11.3977
0.8000 8.1350 11.7903
0.9000 10.0751 11.7491
1.0000 14.3783 12.1565
#PMF from TI in kcal/mol
0.0000 0.0000
0.1000 -2.3551
0.2000 -3.4502
0.3000 -4.0337
0.4000 -4.2984
0.5000 -4.3096
0.6000 -4.1159
0.7000 -3.6921
0.8000 -2.9986
0.9000 -2.0880
1.0000 -0.8654
#MBAR free energy difference in kcal/mol: 
-0.754341, 0.053085  #WARNING SUBSAMPLING DISABLED, CONSIDER RERUN WITH SUBSAMPLING OPTION
#TI free energy difference in kcal/mol: 
-0.865379  #WARNING SUBSAMPLING DISABLED, CONSIDER RERUN WITH SUBSAMPLING OPTION 
Starting /export/users/common/BioSimSpace/sire.app/bin/analyse_freenrg: number of threads equals 32
