# Analysing data contained in file(s) ['lambda_0.0000/simfile.dat', 'lambda_0.1000/simfile.dat', 'lambda_0.2000/simfile.dat', 'lambda_0.3000/simfile.dat', 'lambda_0.4000/simfile.dat', 'lambda_0.5000/simfile.dat', 'lambda_0.6000/simfile.dat', 'lambda_0.7000/simfile.dat', 'lambda_0.8000/simfile.dat', 'lambda_0.9000/simfile.dat', 'lambda_1.0000/simfile.dat']
#Overlap matrix
0.9632 0.0368 0.0000 0.0000 0.0000 0.0000 0.0000 0.0000 0.0000 0.0000 0.0000
0.0368 0.8982 0.0650 0.0000 0.0000 0.0000 0.0000 0.0000 0.0000 0.0000 0.0000
0.0000 0.0650 0.8540 0.0810 0.0001 0.0000 0.0000 0.0000 0.0000 0.0000 0.0000
0.0000 0.0000 0.0810 0.8287 0.0902 0.0001 0.0000 0.0000 0.0000 0.0000 0.0000
0.0000 0.0000 0.0001 0.0902 0.8057 0.1038 0.0002 0.0000 0.0000 0.0000 0.0000
0.0000 0.0000 0.0000 0.0001 0.1038 0.7867 0.1090 0.0003 0.0000 0.0000 0.0000
0.0000 0.0000 0.0000 0.0000 0.0002 0.1090 0.7654 0.1248 0.0006 0.0000 0.0000
0.0000 0.0000 0.0000 0.0000 0.0000 0.0003 0.1248 0.7368 0.1371 0.0010 0.0000
0.0000 0.0000 0.0000 0.0000 0.0000 0.0000 0.0006 0.1371 0.7134 0.1473 0.0016
0.0000 0.0000 0.0000 0.0000 0.0000 0.0000 0.0000 0.0010 0.1473 0.6912 0.1605
0.0000 0.0000 0.0000 0.0000 0.0000 0.0000 0.0000 0.0000 0.0016 0.1605 0.8379
#DG from neighbouring lambda in kcal/mol
0.0000 0.1000 1.3804 0.0434
0.1000 0.2000 3.5993 0.0316
0.2000 0.3000 3.2494 0.0278
0.3000 0.4000 2.0879 0.0260
0.4000 0.5000 0.9046 0.0238
0.5000 0.6000 -0.3339 0.0231
0.6000 0.7000 -1.6213 0.0211
0.7000 0.8000 -2.8570 0.0197
0.8000 0.9000 -4.1405 0.0187
0.9000 1.0000 -5.4370 0.0177
#PMF from MBAR in kcal/mol
0.0000 0.0000 0.0000
0.1000 1.3804 0.0434
0.2000 4.9797 0.0551
0.3000 8.2291 0.0629
0.4000 10.3170 0.0692
0.5000 11.2215 0.0742
0.6000 10.8876 0.0786
0.7000 9.2662 0.0823
0.8000 6.4092 0.0855
0.9000 2.2687 0.0883
1.0000 -3.1683 0.0908
#TI average gradients and standard deviation in kcal/mol
0.0000 -12.0975 26.2361
0.1000 32.0952 20.9647
0.2000 36.2365 19.4120
0.3000 27.2699 18.9157
0.4000 14.8264 17.6336
0.5000 3.3842 16.9602
0.6000 -9.8583 16.3404
0.7000 -22.3774 15.5149
0.8000 -34.8641 15.1612
0.9000 -47.8545 14.4365
1.0000 -57.1287 14.1187
#PMF from TI in kcal/mol
0.0000 0.0000
0.1000 0.9999
0.2000 4.4165
0.3000 7.5918
0.4000 9.6966
0.5000 10.6071
0.6000 10.2834
0.7000 8.6716
0.8000 5.8096
0.9000 1.6736
1.0000 -3.5755
#MBAR free energy difference in kcal/mol: 
-3.168345, 0.090823  #WARNING SUBSAMPLING DISABLED, CONSIDER RERUN WITH SUBSAMPLING OPTION
#TI free energy difference in kcal/mol: 
-3.575531  #WARNING SUBSAMPLING DISABLED, CONSIDER RERUN WITH SUBSAMPLING OPTION 
Starting /export/users/common/BioSimSpace/sire.app/bin/analyse_freenrg: number of threads equals 32
