# Analysing data contained in file(s) ['lambda_0.0000/simfile.dat', 'lambda_0.1000/simfile.dat', 'lambda_0.2000/simfile.dat', 'lambda_0.3000/simfile.dat', 'lambda_0.4000/simfile.dat', 'lambda_0.5000/simfile.dat', 'lambda_0.6000/simfile.dat', 'lambda_0.7000/simfile.dat', 'lambda_0.8000/simfile.dat', 'lambda_0.9000/simfile.dat', 'lambda_1.0000/simfile.dat']
#Overlap matrix
0.7483 0.1925 0.0473 0.0109 0.0000 0.0000 0.0002 0.0001 0.0009 0.0000 0.0000
0.1925 0.4783 0.2890 0.0274 0.0000 0.0000 0.0023 0.0006 0.0098 0.0001 0.0000
0.0473 0.2890 0.5102 0.1245 0.0003 0.0000 0.0129 0.0007 0.0151 0.0001 0.0000
0.0109 0.0274 0.1245 0.7571 0.0399 0.0001 0.0397 0.0000 0.0003 0.0000 0.0000
0.0000 0.0000 0.0003 0.0399 0.7673 0.1891 0.0033 0.0000 0.0000 0.0000 0.0000
0.0000 0.0000 0.0000 0.0001 0.1891 0.7358 0.0749 0.0000 0.0000 0.0000 0.0000
0.0002 0.0023 0.0129 0.0397 0.0033 0.0749 0.8329 0.0283 0.0054 0.0000 0.0000
0.0001 0.0006 0.0007 0.0000 0.0000 0.0000 0.0283 0.9462 0.0240 0.0000 0.0000
0.0009 0.0098 0.0151 0.0003 0.0000 0.0000 0.0054 0.0240 0.9420 0.0025 0.0000
0.0000 0.0001 0.0001 0.0000 0.0000 0.0000 0.0000 0.0000 0.0025 0.9970 0.0004
0.0000 0.0000 0.0000 0.0000 0.0000 0.0000 0.0000 0.0000 0.0000 0.0004 0.9996
#DG from neighbouring lambda in kcal/mol
0.0000 0.1000 7.7180 0.0126
0.1000 0.2000 6.6703 0.0075
0.2000 0.3000 4.8170 0.0165
0.3000 0.4000 -0.7599 0.0303
0.4000 0.5000 -1.4662 0.0144
0.5000 0.6000 29.8551 0.0246
0.6000 0.7000 9.7917 0.0408
0.7000 0.8000 15.0431 0.0430
0.8000 0.9000 9.8669 0.1671
0.9000 1.0000 4.8022 0.4619
#PMF from MBAR in kcal/mol
0.0000 0.0000 0.0000
0.1000 7.7180 0.0126
0.2000 14.3882 0.0165
0.3000 19.2053 0.0242
0.4000 18.4453 0.0388
0.5000 16.9792 0.0390
0.6000 46.8343 0.0348
0.7000 56.6260 0.0491
0.8000 71.6691 0.0447
0.9000 81.5359 0.1728
1.0000 86.3382 0.4933
#TI average gradients and standard deviation in kcal/mol
0.0000 54.1687 13.8560
0.1000 20.1272 43.8315
0.2000 53.1638 63.0507
0.3000 -54.9840 7.8136
0.4000 18.2552 43.9044
0.5000 -22.5956 14.3683
0.6000 521.4071 101.2663
0.7000 152.5482 46.2366
0.8000 172.6909 39.1845
0.9000 78.9236 32.5578
1.0000 20.0555 33.9358
#PMF from TI in kcal/mol
0.0000 0.0000
0.1000 3.7148
0.2000 7.3793
0.3000 7.2883
0.4000 5.4519
0.5000 5.2349
0.6000 30.1755
0.7000 63.8732
0.8000 80.1352
0.9000 92.7159
1.0000 97.6649
#MBAR free energy difference in kcal/mol: 
86.338159, 0.493313  #WARNING SUBSAMPLING DISABLED, CONSIDER RERUN WITH SUBSAMPLING OPTION
#TI free energy difference in kcal/mol: 
97.664856  #WARNING SUBSAMPLING DISABLED, CONSIDER RERUN WITH SUBSAMPLING OPTION 
Starting /export/users/common/BioSimSpace/sire.app/bin/analyse_freenrg: number of threads equals 32
