# Analysing data contained in file(s) ['lambda_0.0000/simfile.dat', 'lambda_0.1000/simfile.dat', 'lambda_0.2000/simfile.dat', 'lambda_0.3000/simfile.dat', 'lambda_0.4000/simfile.dat', 'lambda_0.5000/simfile.dat', 'lambda_0.6000/simfile.dat', 'lambda_0.7000/simfile.dat', 'lambda_0.8000/simfile.dat', 'lambda_0.9000/simfile.dat', 'lambda_1.0000/simfile.dat']
#Overlap matrix
0.8629 0.1342 0.0028 0.0000 0.0000 0.0000 0.0000 0.0000 0.0000 0.0000 0.0000
0.1342 0.6799 0.1785 0.0073 0.0001 0.0000 0.0000 0.0000 0.0000 0.0000 0.0000
0.0028 0.1785 0.6027 0.2057 0.0102 0.0001 0.0000 0.0000 0.0000 0.0000 0.0000
0.0000 0.0073 0.2057 0.5681 0.2086 0.0101 0.0001 0.0000 0.0000 0.0000 0.0000
0.0000 0.0001 0.0102 0.2086 0.5659 0.2063 0.0088 0.0000 0.0000 0.0000 0.0000
0.0000 0.0000 0.0001 0.0101 0.2063 0.5719 0.2035 0.0081 0.0000 0.0000 0.0000
0.0000 0.0000 0.0000 0.0001 0.0088 0.2035 0.5852 0.1958 0.0066 0.0000 0.0000
0.0000 0.0000 0.0000 0.0000 0.0000 0.0081 0.1958 0.5966 0.1937 0.0057 0.0000
0.0000 0.0000 0.0000 0.0000 0.0000 0.0000 0.0066 0.1937 0.6063 0.1883 0.0051
0.0000 0.0000 0.0000 0.0000 0.0000 0.0000 0.0000 0.0057 0.1883 0.6172 0.1887
0.0000 0.0000 0.0000 0.0000 0.0000 0.0000 0.0000 0.0000 0.0051 0.1887 0.8061
#DG from neighbouring lambda in kcal/mol
0.0000 0.1000 -1.2365 0.0199
0.1000 0.2000 0.1753 0.0157
0.2000 0.3000 0.8170 0.0137
0.3000 0.4000 1.0967 0.0134
0.4000 0.5000 1.2246 0.0135
0.5000 0.6000 1.3122 0.0138
0.6000 0.7000 1.4348 0.0144
0.7000 0.8000 1.5296 0.0146
0.8000 0.9000 1.6388 0.0151
0.9000 1.0000 1.7833 0.0154
#PMF from MBAR in kcal/mol
0.0000 0.0000 0.0000
0.1000 -1.2365 0.0199
0.2000 -1.0612 0.0279
0.3000 -0.2442 0.0330
0.4000 0.8524 0.0372
0.5000 2.0770 0.0411
0.6000 3.3892 0.0448
0.7000 4.8240 0.0483
0.8000 6.3536 0.0517
0.9000 7.9924 0.0551
1.0000 9.7757 0.0583
#TI average gradients and standard deviation in kcal/mol
0.0000 -23.1182 18.0550
0.1000 -3.3450 14.5659
0.2000 5.6331 12.4653
0.3000 9.9992 12.0444
0.4000 11.6750 12.2212
0.5000 12.8370 12.3189
0.6000 13.6622 12.3431
0.7000 14.8179 12.8918
0.8000 15.9885 12.8168
0.9000 16.7791 13.1158
1.0000 19.6810 13.6983
#PMF from TI in kcal/mol
0.0000 0.0000
0.1000 -1.3232
0.2000 -1.2088
0.3000 -0.4271
0.4000 0.6566
0.5000 1.8822
0.6000 3.2071
0.7000 4.6311
0.8000 6.1715
0.9000 7.8098
1.0000 9.6328
#MBAR free energy difference in kcal/mol: 
9.775725, 0.058303  #WARNING SUBSAMPLING DISABLED, CONSIDER RERUN WITH SUBSAMPLING OPTION
#TI free energy difference in kcal/mol: 
9.632844  #WARNING SUBSAMPLING DISABLED, CONSIDER RERUN WITH SUBSAMPLING OPTION 
Starting /export/users/common/BioSimSpace/sire.app/bin/analyse_freenrg: number of threads equals 32
