# Analysing data contained in file(s) ['lambda_0.0000/simfile.dat', 'lambda_0.1000/simfile.dat', 'lambda_0.2000/simfile.dat', 'lambda_0.3000/simfile.dat', 'lambda_0.4000/simfile.dat', 'lambda_0.5000/simfile.dat', 'lambda_0.6000/simfile.dat', 'lambda_0.7000/simfile.dat', 'lambda_0.8000/simfile.dat', 'lambda_0.9000/simfile.dat', 'lambda_1.0000/simfile.dat']
#Overlap matrix
1.0000 0.0000 0.0000 0.0000 0.0000 0.0000 0.0000 0.0000 0.0000 0.0000 0.0000
0.0000 0.9933 0.0067 0.0000 0.0000 0.0000 0.0000 0.0000 0.0000 0.0000 0.0000
0.0000 0.0067 0.9301 0.0631 0.0001 0.0000 0.0000 0.0000 0.0000 0.0000 0.0000
0.0000 0.0000 0.0631 0.8232 0.1133 0.0004 0.0000 0.0000 0.0000 0.0000 0.0000
0.0000 0.0000 0.0001 0.1133 0.7499 0.1360 0.0008 0.0000 0.0000 0.0000 0.0000
0.0000 0.0000 0.0000 0.0004 0.1360 0.7208 0.1423 0.0005 0.0000 0.0000 0.0000
0.0000 0.0000 0.0000 0.0000 0.0008 0.1423 0.7437 0.1131 0.0002 0.0000 0.0000
0.0000 0.0000 0.0000 0.0000 0.0000 0.0005 0.1131 0.7959 0.0905 0.0000 0.0000
0.0000 0.0000 0.0000 0.0000 0.0000 0.0000 0.0002 0.0905 0.8848 0.0246 0.0000
0.0000 0.0000 0.0000 0.0000 0.0000 0.0000 0.0000 0.0000 0.0246 0.9754 0.0000
0.0000 0.0000 0.0000 0.0000 0.0000 0.0000 0.0000 0.0000 0.0000 0.0000 1.0000
#DG from neighbouring lambda in kcal/mol
0.0000 0.1000 37.3303 0.1007
0.1000 0.2000 8.8946 0.1048
0.2000 0.3000 2.6452 0.0322
0.3000 0.4000 -0.5820 0.0225
0.4000 0.5000 -3.0783 0.0199
0.5000 0.6000 -5.1224 0.0193
0.6000 0.7000 -7.3707 0.0225
0.7000 0.8000 -10.2440 0.0260
0.8000 0.9000 -15.8440 0.0538
0.9000 1.0000 -92.1008 0.0605
#PMF from MBAR in kcal/mol
0.0000 0.0000 0.0000
0.1000 37.3303 0.1007
0.2000 46.2249 0.0387
0.3000 48.8701 0.0290
0.4000 48.2882 0.0250
0.5000 45.2099 0.0238
0.6000 40.0875 0.0249
0.7000 32.7168 0.0289
0.8000 22.4728 0.0360
0.9000 6.6288 0.0605
1.0000 -85.4720 0.0000
#TI average gradients and standard deviation in kcal/mol
0.0000 1347.9140 63.8190
0.1000 149.1937 43.9350
0.2000 48.6501 24.0854
0.3000 8.3614 17.9516
0.4000 -19.3148 16.4909
0.5000 -41.2552 15.4403
0.6000 -61.0204 15.5317
0.7000 -87.1801 16.7862
0.8000 -122.2409 21.0435
0.9000 -211.3668 33.1059
1.0000 -1961.4909 87.3605
#PMF from TI in kcal/mol
0.0000 0.0000
0.1000 74.8554
0.2000 84.7476
0.3000 87.5982
0.4000 87.0505
0.5000 84.0220
0.6000 78.9082
0.7000 71.4982
0.8000 61.0271
0.9000 44.3468
1.0000 -64.2961
#MBAR free energy difference in kcal/mol: 
-85.472039, 0.000000  #WARNING SUBSAMPLING DISABLED, CONSIDER RERUN WITH SUBSAMPLING OPTION
#TI free energy difference in kcal/mol: 
-64.296135  #WARNING SUBSAMPLING DISABLED, CONSIDER RERUN WITH SUBSAMPLING OPTION 
Starting /export/users/common/BioSimSpace/sire.app/bin/analyse_freenrg: number of threads equals 32
