# Analysing data contained in file(s) ['lambda_0.0000/simfile.dat', 'lambda_0.1000/simfile.dat', 'lambda_0.2000/simfile.dat', 'lambda_0.3000/simfile.dat', 'lambda_0.4000/simfile.dat', 'lambda_0.5000/simfile.dat', 'lambda_0.6000/simfile.dat', 'lambda_0.7000/simfile.dat', 'lambda_0.8000/simfile.dat', 'lambda_0.9000/simfile.dat', 'lambda_1.0000/simfile.dat']
#Overlap matrix
0.9975 0.0025 0.0000 0.0000 0.0000 0.0000 0.0000 0.0000 0.0000 0.0000 0.0000
0.0025 0.9965 0.0010 0.0000 0.0000 0.0000 0.0000 0.0000 0.0000 0.0000 0.0000
0.0000 0.0010 0.9975 0.0015 0.0000 0.0000 0.0000 0.0000 0.0000 0.0000 0.0000
0.0000 0.0000 0.0015 0.9985 0.0000 0.0000 0.0000 0.0000 0.0000 0.0000 0.0000
0.0000 0.0000 0.0000 0.0000 0.9783 0.0217 0.0000 0.0000 0.0000 0.0000 0.0000
0.0000 0.0000 0.0000 0.0000 0.0217 0.8820 0.0963 0.0000 0.0000 0.0000 0.0000
0.0000 0.0000 0.0000 0.0000 0.0000 0.0963 0.8935 0.0102 0.0000 0.0000 0.0000
0.0000 0.0000 0.0000 0.0000 0.0000 0.0000 0.0102 0.9466 0.0432 0.0000 0.0000
0.0000 0.0000 0.0000 0.0000 0.0000 0.0000 0.0000 0.0432 0.8986 0.0582 0.0000
0.0000 0.0000 0.0000 0.0000 0.0000 0.0000 0.0000 0.0000 0.0582 0.8678 0.0740
0.0000 0.0000 0.0000 0.0000 0.0000 0.0000 0.0000 0.0000 0.0000 0.0740 0.9260
#DG from neighbouring lambda in kcal/mol
0.0000 0.1000 -24.4826 0.1736
0.1000 0.2000 -19.5143 0.2756
0.2000 0.3000 -15.7619 0.2201
0.3000 0.4000 -20.4422 6.4843
0.4000 0.5000 -0.6377 0.0574
0.5000 0.6000 3.1842 0.0251
0.6000 0.7000 -4.4944 0.0848
0.7000 0.8000 -6.1454 0.0398
0.8000 0.9000 -4.6962 0.0337
0.9000 1.0000 -2.8749 0.0293
#PMF from MBAR in kcal/mol
0.0000 0.0000 0.0000
0.1000 -24.4826 0.1736
0.2000 -43.9969 0.3260
0.3000 -59.7589 0.3935
0.4000 -80.2011 6.4963
0.5000 -80.8388 6.4966
0.6000 -77.6546 6.4966
0.7000 -82.1490 6.4972
0.8000 -88.2945 6.4973
0.9000 -92.9907 6.4974
1.0000 -95.8657 6.4975
#TI average gradients and standard deviation in kcal/mol
0.0000 -299.4255 44.2729
0.1000 -208.4390 37.8295
0.2000 -186.1750 42.1929
0.3000 -230.6331 66.0030
0.4000 -81.1357 30.5127
0.5000 17.8580 27.2155
0.6000 23.5943 44.7304
0.7000 -63.9774 24.9568
0.8000 -54.7975 22.0939
0.9000 -38.2499 20.8359
1.0000 -11.7164 20.9991
#PMF from TI in kcal/mol
0.0000 0.0000
0.1000 -25.3932
0.2000 -45.1239
0.3000 -65.9643
0.4000 -81.5528
0.5000 -84.7167
0.6000 -82.6440
0.7000 -84.6632
0.8000 -90.6019
0.9000 -95.2543
1.0000 -97.7526
#MBAR free energy difference in kcal/mol: 
-95.865674, 6.497487  #WARNING SUBSAMPLING DISABLED, CONSIDER RERUN WITH SUBSAMPLING OPTION
#TI free energy difference in kcal/mol: 
-97.752624  #WARNING SUBSAMPLING DISABLED, CONSIDER RERUN WITH SUBSAMPLING OPTION 
Starting /export/users/common/BioSimSpace/sire.app/bin/analyse_freenrg: number of threads equals 32
