# Analysing data contained in file(s) ['lambda_0.0000/simfile.dat', 'lambda_0.1000/simfile.dat', 'lambda_0.2000/simfile.dat', 'lambda_0.3000/simfile.dat', 'lambda_0.4000/simfile.dat', 'lambda_0.5000/simfile.dat', 'lambda_0.6000/simfile.dat', 'lambda_0.7000/simfile.dat', 'lambda_0.8000/simfile.dat', 'lambda_0.9000/simfile.dat', 'lambda_1.0000/simfile.dat']
#Overlap matrix
0.7112 0.2523 0.0346 0.0018 0.0000 0.0000 0.0000 0.0000 0.0000 0.0000 0.0000
0.2523 0.4609 0.2432 0.0410 0.0026 0.0001 0.0000 0.0000 0.0000 0.0000 0.0000
0.0346 0.2432 0.4385 0.2364 0.0435 0.0036 0.0002 0.0000 0.0000 0.0000 0.0000
0.0018 0.0410 0.2364 0.4283 0.2379 0.0496 0.0048 0.0002 0.0000 0.0000 0.0000
0.0000 0.0026 0.0435 0.2379 0.4233 0.2367 0.0508 0.0050 0.0003 0.0000 0.0000
0.0000 0.0001 0.0036 0.0496 0.2367 0.4215 0.2360 0.0476 0.0046 0.0002 0.0000
0.0000 0.0000 0.0002 0.0048 0.0508 0.2360 0.4345 0.2272 0.0431 0.0035 0.0001
0.0000 0.0000 0.0000 0.0002 0.0050 0.0476 0.2272 0.4577 0.2273 0.0337 0.0013
0.0000 0.0000 0.0000 0.0000 0.0003 0.0046 0.0431 0.2273 0.4943 0.2142 0.0163
0.0000 0.0000 0.0000 0.0000 0.0000 0.0002 0.0035 0.0337 0.2142 0.5738 0.1746
0.0000 0.0000 0.0000 0.0000 0.0000 0.0000 0.0001 0.0013 0.0163 0.1746 0.8077
#DG from neighbouring lambda in kcal/mol
0.0000 0.1000 8.5304 0.0106
0.1000 0.2000 6.6982 0.0095
0.2000 0.3000 4.9943 0.0094
0.3000 0.4000 3.3427 0.0090
0.4000 0.5000 1.7802 0.0088
0.5000 0.6000 0.2419 0.0088
0.6000 0.7000 -1.2526 0.0094
0.7000 0.8000 -2.6419 0.0100
0.8000 0.9000 -3.5848 0.0116
0.9000 1.0000 -3.0238 0.0155
#PMF from MBAR in kcal/mol
0.0000 0.0000 0.0000
0.1000 8.5304 0.0106
0.2000 15.2286 0.0171
0.3000 20.2228 0.0216
0.4000 23.5655 0.0252
0.5000 25.3457 0.0281
0.6000 25.5876 0.0307
0.7000 24.3350 0.0333
0.8000 21.6931 0.0359
0.9000 18.1082 0.0388
1.0000 15.0845 0.0430
#TI average gradients and standard deviation in kcal/mol
0.0000 91.8261 11.1763
0.1000 75.7409 9.5877
0.2000 58.4818 9.2032
0.3000 41.2037 8.8213
0.4000 25.2294 8.9616
0.5000 10.0021 9.0500
0.6000 -5.1170 9.6255
0.7000 -19.8168 10.2006
0.8000 -32.2189 10.8289
0.9000 -37.4944 11.9358
1.0000 -16.8374 16.1276
#PMF from TI in kcal/mol
0.0000 0.0000
0.1000 8.3784
0.2000 15.0895
0.3000 20.0738
0.4000 23.3954
0.5000 25.1570
0.6000 25.4013
0.7000 24.1546
0.8000 21.5528
0.9000 18.0671
1.0000 15.3505
#MBAR free energy difference in kcal/mol: 
15.084455, 0.042980  #WARNING SUBSAMPLING DISABLED, CONSIDER RERUN WITH SUBSAMPLING OPTION
#TI free energy difference in kcal/mol: 
15.350525  #WARNING SUBSAMPLING DISABLED, CONSIDER RERUN WITH SUBSAMPLING OPTION 
Starting /export/users/common/BioSimSpace/sire.app/bin/analyse_freenrg: number of threads equals 32
