# Analysing data contained in file(s) ['lambda_0.0000/simfile.dat', 'lambda_0.1000/simfile.dat', 'lambda_0.2000/simfile.dat', 'lambda_0.3000/simfile.dat', 'lambda_0.4000/simfile.dat', 'lambda_0.5000/simfile.dat', 'lambda_0.6000/simfile.dat', 'lambda_0.7000/simfile.dat', 'lambda_0.8000/simfile.dat', 'lambda_0.9000/simfile.dat', 'lambda_1.0000/simfile.dat']
#Overlap matrix
0.8981 0.1016 0.0003 0.0000 0.0000 0.0000 0.0000 0.0000 0.0000 0.0000 0.0000
0.1016 0.7740 0.1237 0.0006 0.0000 0.0000 0.0000 0.0000 0.0000 0.0000 0.0000
0.0003 0.1237 0.7374 0.1376 0.0009 0.0000 0.0000 0.0000 0.0000 0.0000 0.0000
0.0000 0.0006 0.1376 0.7181 0.1423 0.0013 0.0000 0.0000 0.0000 0.0000 0.0000
0.0000 0.0000 0.0009 0.1423 0.6988 0.1564 0.0015 0.0000 0.0000 0.0000 0.0000
0.0000 0.0000 0.0000 0.0013 0.1564 0.6885 0.1522 0.0016 0.0000 0.0000 0.0000
0.0000 0.0000 0.0000 0.0000 0.0015 0.1522 0.6894 0.1550 0.0018 0.0000 0.0000
0.0000 0.0000 0.0000 0.0000 0.0000 0.0016 0.1550 0.6820 0.1597 0.0017 0.0000
0.0000 0.0000 0.0000 0.0000 0.0000 0.0000 0.0018 0.1597 0.6808 0.1562 0.0015
0.0000 0.0000 0.0000 0.0000 0.0000 0.0000 0.0000 0.0017 0.1562 0.6920 0.1501
0.0000 0.0000 0.0000 0.0000 0.0000 0.0000 0.0000 0.0000 0.0015 0.1501 0.8483
#DG from neighbouring lambda in kcal/mol
0.0000 0.1000 1.3951 0.0242
0.1000 0.2000 2.3680 0.0212
0.2000 0.3000 2.3646 0.0197
0.3000 0.4000 2.1129 0.0192
0.4000 0.5000 2.0263 0.0179
0.5000 0.6000 2.0466 0.0182
0.6000 0.7000 2.1451 0.0180
0.7000 0.8000 2.4793 0.0176
0.8000 0.9000 3.0198 0.0179
0.9000 1.0000 4.0704 0.0185
#PMF from MBAR in kcal/mol
0.0000 0.0000 0.0000
0.1000 1.3951 0.0242
0.2000 3.7631 0.0344
0.3000 6.1276 0.0414
0.4000 8.2406 0.0472
0.5000 10.2669 0.0518
0.6000 12.3134 0.0562
0.7000 14.4586 0.0602
0.8000 16.9378 0.0638
0.9000 19.9577 0.0673
1.0000 24.0281 0.0708
#TI average gradients and standard deviation in kcal/mol
0.0000 2.9051 19.9323
0.1000 21.5259 16.8660
0.2000 24.3902 16.1040
0.3000 22.5136 15.4985
0.4000 20.0184 15.1535
0.5000 20.5195 15.1785
0.6000 20.8159 14.7987
0.7000 22.5934 14.3701
0.8000 26.9071 14.9522
0.9000 34.3452 14.9703
1.0000 50.8443 15.3614
#PMF from TI in kcal/mol
0.0000 0.0000
0.1000 1.2216
0.2000 3.5174
0.3000 5.8625
0.4000 7.9891
0.5000 10.0160
0.6000 12.0828
0.7000 14.2533
0.8000 16.7283
0.9000 19.7909
1.0000 24.0504
#MBAR free energy difference in kcal/mol: 
24.028121, 0.070802  #WARNING SUBSAMPLING DISABLED, CONSIDER RERUN WITH SUBSAMPLING OPTION
#TI free energy difference in kcal/mol: 
24.050401  #WARNING SUBSAMPLING DISABLED, CONSIDER RERUN WITH SUBSAMPLING OPTION 
Starting /export/users/common/BioSimSpace/sire.app/bin/analyse_freenrg: number of threads equals 32
