# Analysing data contained in file(s) ['lambda_0.0000/simfile.dat', 'lambda_0.1000/simfile.dat', 'lambda_0.2000/simfile.dat', 'lambda_0.3000/simfile.dat', 'lambda_0.4000/simfile.dat', 'lambda_0.5000/simfile.dat', 'lambda_0.6000/simfile.dat', 'lambda_0.7000/simfile.dat', 'lambda_0.8000/simfile.dat', 'lambda_0.9000/simfile.dat', 'lambda_1.0000/simfile.dat']
#Overlap matrix
0.6808 0.2712 0.0449 0.0031 0.0001 0.0000 0.0000 0.0000 0.0000 0.0000 0.0000
0.2712 0.4349 0.2405 0.0490 0.0042 0.0002 0.0000 0.0000 0.0000 0.0000 0.0000
0.0449 0.2405 0.4108 0.2424 0.0554 0.0056 0.0003 0.0000 0.0000 0.0000 0.0000
0.0031 0.0490 0.2424 0.3991 0.2392 0.0593 0.0074 0.0005 0.0000 0.0000 0.0000
0.0001 0.0042 0.0554 0.2392 0.3879 0.2389 0.0643 0.0092 0.0008 0.0001 0.0000
0.0000 0.0002 0.0056 0.0593 0.2389 0.3839 0.2333 0.0667 0.0110 0.0012 0.0000
0.0000 0.0000 0.0003 0.0074 0.0643 0.2333 0.3812 0.2309 0.0699 0.0120 0.0008
0.0000 0.0000 0.0000 0.0005 0.0092 0.0667 0.2309 0.3819 0.2402 0.0646 0.0059
0.0000 0.0000 0.0000 0.0000 0.0008 0.0110 0.0699 0.2402 0.4221 0.2269 0.0290
0.0000 0.0000 0.0000 0.0000 0.0001 0.0012 0.0120 0.0646 0.2269 0.5197 0.1755
0.0000 0.0000 0.0000 0.0000 0.0000 0.0000 0.0008 0.0059 0.0290 0.1755 0.7888
#DG from neighbouring lambda in kcal/mol
0.0000 0.1000 -0.1450 0.0095
0.1000 0.2000 -0.1279 0.0089
0.2000 0.3000 -0.1156 0.0084
0.3000 0.4000 -0.0951 0.0081
0.4000 0.5000 -0.0823 0.0078
0.5000 0.6000 -0.0827 0.0077
0.6000 0.7000 -0.1367 0.0076
0.7000 0.8000 -0.1536 0.0075
0.8000 0.9000 0.3927 0.0093
0.9000 1.0000 3.3296 0.0145
#PMF from MBAR in kcal/mol
0.0000 0.0000 0.0000
0.1000 -0.1450 0.0095
0.2000 -0.2729 0.0158
0.3000 -0.3886 0.0201
0.4000 -0.4837 0.0234
0.5000 -0.5660 0.0262
0.6000 -0.6487 0.0285
0.7000 -0.7854 0.0306
0.8000 -0.9389 0.0325
0.9000 -0.5463 0.0346
1.0000 2.7834 0.0386
#TI average gradients and standard deviation in kcal/mol
0.0000 -2.7487 9.6465
0.1000 -1.3126 9.2979
0.2000 -1.3259 9.0674
0.3000 -1.1438 8.7549
0.4000 -0.9025 8.5076
0.5000 -0.8297 8.4330
0.6000 -1.0488 8.3673
0.7000 -2.0744 8.0344
0.8000 0.0001 9.2093
0.9000 10.9623 11.4395
1.0000 68.5805 16.6905
#PMF from TI in kcal/mol
0.0000 0.0000
0.1000 -0.2031
0.2000 -0.3350
0.3000 -0.4585
0.4000 -0.5608
0.5000 -0.6474
0.6000 -0.7413
0.7000 -0.8975
0.8000 -1.0012
0.9000 -0.4531
1.0000 3.5241
#MBAR free energy difference in kcal/mol: 
2.783388, 0.038567  #WARNING SUBSAMPLING DISABLED, CONSIDER RERUN WITH SUBSAMPLING OPTION
#TI free energy difference in kcal/mol: 
3.524066  #WARNING SUBSAMPLING DISABLED, CONSIDER RERUN WITH SUBSAMPLING OPTION 
Starting /export/users/common/BioSimSpace/sire.app/bin/analyse_freenrg: number of threads equals 32
