# Analysing data contained in file(s) ['lambda_0.0000/simfile.dat', 'lambda_0.1000/simfile.dat', 'lambda_0.2000/simfile.dat', 'lambda_0.3000/simfile.dat', 'lambda_0.4000/simfile.dat', 'lambda_0.5000/simfile.dat', 'lambda_0.6000/simfile.dat', 'lambda_0.7000/simfile.dat', 'lambda_0.8000/simfile.dat', 'lambda_0.9000/simfile.dat', 'lambda_1.0000/simfile.dat']
#Overlap matrix
0.7423 0.2366 0.0206 0.0005 0.0000 0.0000 0.0000 0.0000 0.0000 0.0000 0.0000
0.2366 0.5138 0.2266 0.0225 0.0005 0.0000 0.0000 0.0000 0.0000 0.0000 0.0000
0.0206 0.2266 0.5008 0.2291 0.0225 0.0005 0.0000 0.0000 0.0000 0.0000 0.0000
0.0005 0.0225 0.2291 0.4985 0.2271 0.0219 0.0005 0.0000 0.0000 0.0000 0.0000
0.0000 0.0005 0.0225 0.2271 0.4987 0.2296 0.0214 0.0004 0.0000 0.0000 0.0000
0.0000 0.0000 0.0005 0.0219 0.2296 0.5067 0.2232 0.0178 0.0003 0.0000 0.0000
0.0000 0.0000 0.0000 0.0005 0.0214 0.2232 0.5217 0.2178 0.0153 0.0002 0.0000
0.0000 0.0000 0.0000 0.0000 0.0004 0.0178 0.2178 0.5370 0.2152 0.0118 0.0000
0.0000 0.0000 0.0000 0.0000 0.0000 0.0003 0.0153 0.2152 0.5678 0.1969 0.0046
0.0000 0.0000 0.0000 0.0000 0.0000 0.0000 0.0002 0.0118 0.1969 0.6401 0.1511
0.0000 0.0000 0.0000 0.0000 0.0000 0.0000 0.0000 0.0000 0.0046 0.1511 0.8442
#DG from neighbouring lambda in kcal/mol
0.0000 0.1000 3.2730 0.0119
0.1000 0.2000 2.7647 0.0114
0.2000 0.3000 2.1203 0.0112
0.3000 0.4000 1.3986 0.0113
0.4000 0.5000 0.6401 0.0113
0.5000 0.6000 -0.0984 0.0117
0.6000 0.7000 -0.8579 0.0123
0.7000 0.8000 -1.4616 0.0127
0.8000 0.9000 -1.6376 0.0142
0.9000 1.0000 -0.9562 0.0182
#PMF from MBAR in kcal/mol
0.0000 0.0000 0.0000
0.1000 3.2730 0.0119
0.2000 6.0377 0.0194
0.3000 8.1580 0.0247
0.4000 9.5566 0.0290
0.5000 10.1968 0.0328
0.6000 10.0983 0.0363
0.7000 9.2405 0.0397
0.8000 7.7789 0.0430
0.9000 6.1413 0.0466
1.0000 5.1851 0.0513
#TI average gradients and standard deviation in kcal/mol
0.0000 33.7483 38.8202
0.1000 30.5577 10.7892
0.2000 24.7505 10.5300
0.3000 17.7336 10.5484
0.4000 10.1190 10.5587
0.5000 2.7087 10.5538
0.6000 -4.7682 11.1949
0.7000 -12.1036 11.4296
0.8000 -16.5962 11.9188
0.9000 -15.1010 13.7917
1.0000 0.6923 16.5427
#PMF from TI in kcal/mol
0.0000 0.0000
0.1000 3.2153
0.2000 5.9807
0.3000 8.1049
0.4000 9.4975
0.5000 10.1389
0.6000 10.0360
0.7000 9.1924
0.8000 7.7574
0.9000 6.1725
1.0000 5.4521
#MBAR free energy difference in kcal/mol: 
5.185119, 0.051289  #WARNING SUBSAMPLING DISABLED, CONSIDER RERUN WITH SUBSAMPLING OPTION
#TI free energy difference in kcal/mol: 
5.452080  #WARNING SUBSAMPLING DISABLED, CONSIDER RERUN WITH SUBSAMPLING OPTION 
Starting /export/users/common/BioSimSpace/sire.app/bin/analyse_freenrg: number of threads equals 32
