# Analysing data contained in file(s) ['lambda_0.0000/simfile.dat', 'lambda_0.1000/simfile.dat', 'lambda_0.2000/simfile.dat', 'lambda_0.3000/simfile.dat', 'lambda_0.4000/simfile.dat', 'lambda_0.5000/simfile.dat', 'lambda_0.6000/simfile.dat', 'lambda_0.7000/simfile.dat', 'lambda_0.8000/simfile.dat', 'lambda_0.9000/simfile.dat', 'lambda_1.0000/simfile.dat']
#Overlap matrix
1.0000 0.0000 0.0000 0.0000 0.0000 0.0000 0.0000 0.0000 0.0000 0.0000 0.0000
0.0000 0.9667 0.0333 0.0000 0.0000 0.0000 0.0000 0.0000 0.0000 0.0000 0.0000
0.0000 0.0333 0.8403 0.1253 0.0011 0.0000 0.0000 0.0000 0.0000 0.0000 0.0000
0.0000 0.0000 0.1253 0.7056 0.1678 0.0013 0.0000 0.0000 0.0000 0.0000 0.0000
0.0000 0.0000 0.0011 0.1678 0.7093 0.1212 0.0006 0.0000 0.0000 0.0000 0.0000
0.0000 0.0000 0.0000 0.0013 0.1212 0.7269 0.1495 0.0011 0.0000 0.0000 0.0000
0.0000 0.0000 0.0000 0.0000 0.0006 0.1495 0.7089 0.1408 0.0002 0.0000 0.0000
0.0000 0.0000 0.0000 0.0000 0.0000 0.0011 0.1408 0.7738 0.0843 0.0000 0.0000
0.0000 0.0000 0.0000 0.0000 0.0000 0.0000 0.0002 0.0843 0.9083 0.0072 0.0000
0.0000 0.0000 0.0000 0.0000 0.0000 0.0000 0.0000 0.0000 0.0072 0.9928 0.0000
0.0000 0.0000 0.0000 0.0000 0.0000 0.0000 0.0000 0.0000 0.0000 0.0000 1.0000
#DG from neighbouring lambda in kcal/mol
0.0000 0.1000 43.9754 0.0526
0.1000 0.2000 13.0494 0.0458
0.2000 0.3000 8.7980 0.0210
0.3000 0.4000 7.0528 0.0170
0.4000 0.5000 5.4388 0.0214
0.5000 0.6000 3.3795 0.0186
0.6000 0.7000 1.6979 0.0194
0.7000 0.8000 -0.9931 0.0271
0.8000 0.9000 -8.3517 0.1009
0.9000 1.0000 -170.4023 0.0961
#PMF from MBAR in kcal/mol
0.0000 0.0000 0.0000
0.1000 43.9754 0.0526
0.2000 57.0248 0.0319
0.3000 65.8228 0.0264
0.4000 72.8756 0.0235
0.5000 78.3144 0.0220
0.6000 81.6939 0.0232
0.7000 83.3918 0.0267
0.8000 82.3987 0.0347
0.9000 74.0469 0.0961
1.0000 -96.3554 0.0000
#TI average gradients and standard deviation in kcal/mol
0.0000 8824.8912 1015.4203
0.1000 179.9355 33.0858
0.2000 101.3226 18.2692
0.3000 77.5367 15.2006
0.4000 64.7674 13.6360
0.5000 42.1870 15.5129
0.6000 25.7037 15.1540
0.7000 6.7820 16.8952
0.8000 -32.2035 22.3219
0.9000 -171.5194 41.0059
1.0000 -2914.5120 112.3021
#PMF from TI in kcal/mol
0.0000 0.0000
0.1000 450.2413
0.2000 464.3042
0.3000 473.2472
0.4000 480.3624
0.5000 485.7101
0.6000 489.1047
0.7000 490.7290
0.8000 489.4579
0.9000 479.2717
1.0000 324.9702
#MBAR free energy difference in kcal/mol: 
-96.355413, 0.000000  #WARNING SUBSAMPLING DISABLED, CONSIDER RERUN WITH SUBSAMPLING OPTION
#TI free energy difference in kcal/mol: 
324.970165  #WARNING SUBSAMPLING DISABLED, CONSIDER RERUN WITH SUBSAMPLING OPTION 
Starting /export/users/common/BioSimSpace/sire.app/bin/analyse_freenrg: number of threads equals 32
