# Analysing data contained in file(s) ['lambda_0.0000/simfile.dat', 'lambda_0.1000/simfile.dat', 'lambda_0.2000/simfile.dat', 'lambda_0.3000/simfile.dat', 'lambda_0.4000/simfile.dat', 'lambda_0.5000/simfile.dat', 'lambda_0.6000/simfile.dat', 'lambda_0.7000/simfile.dat', 'lambda_0.8000/simfile.dat', 'lambda_0.9000/simfile.dat', 'lambda_1.0000/simfile.dat']
#Overlap matrix
1.0000 0.0000 0.0000 0.0000 0.0000 0.0000 0.0000 0.0000 0.0000 0.0000 0.0000
0.0000 0.9916 0.0084 0.0000 0.0000 0.0000 0.0000 0.0000 0.0000 0.0000 0.0000
0.0000 0.0084 0.9482 0.0434 0.0000 0.0000 0.0000 0.0000 0.0000 0.0000 0.0000
0.0000 0.0000 0.0434 0.8813 0.0753 0.0000 0.0000 0.0000 0.0000 0.0000 0.0000
0.0000 0.0000 0.0000 0.0753 0.8362 0.0884 0.0000 0.0000 0.0000 0.0000 0.0000
0.0000 0.0000 0.0000 0.0000 0.0884 0.8297 0.0818 0.0000 0.0000 0.0000 0.0000
0.0000 0.0000 0.0000 0.0000 0.0000 0.0818 0.9142 0.0040 0.0000 0.0000 0.0000
0.0000 0.0000 0.0000 0.0000 0.0000 0.0000 0.0040 0.9787 0.0174 0.0000 0.0000
0.0000 0.0000 0.0000 0.0000 0.0000 0.0000 0.0000 0.0174 0.9826 0.0000 0.0000
0.0000 0.0000 0.0000 0.0000 0.0000 0.0000 0.0000 0.0000 0.0000 1.0000 0.0000
0.0000 0.0000 0.0000 0.0000 0.0000 0.0000 0.0000 0.0000 0.0000 0.0000 1.0000
#DG from neighbouring lambda in kcal/mol
0.0000 0.1000 45.3580 0.4443
0.1000 0.2000 8.2789 0.0935
0.2000 0.3000 1.6939 0.0397
0.3000 0.4000 -0.9150 0.0290
0.4000 0.5000 -1.9711 0.0264
0.5000 0.6000 -1.4367 0.0277
0.6000 0.7000 0.4071 0.1370
0.7000 0.8000 1.0858 0.0644
0.8000 0.9000 -0.6553 4.4475
0.9000 1.0000 -112.8042 4.0173
#PMF from MBAR in kcal/mol
0.0000 0.0000 0.0000
0.1000 45.3580 0.4443
0.2000 53.6369 0.4364
0.3000 55.3308 0.4353
0.4000 54.4158 0.4350
0.5000 52.4447 0.4349
0.6000 51.0079 0.4350
0.7000 51.4150 0.4427
0.8000 52.5008 0.4455
0.9000 51.8455 4.0173
1.0000 -60.9586 0.0000
#TI average gradients and standard deviation in kcal/mol
0.0000 5868.3549 425.5078
0.1000 153.4990 42.5093
0.2000 38.7249 25.0105
0.3000 -0.0403 21.1392
0.4000 -16.6966 19.9355
0.5000 -21.0873 19.6217
0.6000 -2.1759 21.7897
0.7000 -13.6696 21.9503
0.8000 27.0765 37.6683
0.9000 -144.4348 82.1016
1.0000 -5435.5118 306.4317
#PMF from TI in kcal/mol
0.0000 0.0000
0.1000 301.0927
0.2000 310.7039
0.3000 312.6381
0.4000 311.8013
0.5000 309.9121
0.6000 308.7489
0.7000 307.9567
0.8000 308.6270
0.9000 302.7591
1.0000 23.7618
#MBAR free energy difference in kcal/mol: 
-60.958644, 0.000000  #WARNING SUBSAMPLING DISABLED, CONSIDER RERUN WITH SUBSAMPLING OPTION
#TI free energy difference in kcal/mol: 
23.761762  #WARNING SUBSAMPLING DISABLED, CONSIDER RERUN WITH SUBSAMPLING OPTION 
Starting /export/users/common/BioSimSpace/sire.app/bin/analyse_freenrg: number of threads equals 32
