# Analysing data contained in file(s) ['lambda_0.0000/simfile.dat', 'lambda_0.1000/simfile.dat', 'lambda_0.2000/simfile.dat', 'lambda_0.3000/simfile.dat', 'lambda_0.4000/simfile.dat', 'lambda_0.5000/simfile.dat', 'lambda_0.6000/simfile.dat', 'lambda_0.7000/simfile.dat', 'lambda_0.8000/simfile.dat', 'lambda_0.9000/simfile.dat', 'lambda_1.0000/simfile.dat']
#Overlap matrix
1.0000 0.0000 0.0000 0.0000 0.0000 0.0000 0.0000 0.0000 0.0000 0.0000 0.0000
0.0000 0.9973 0.0027 0.0000 0.0000 0.0000 0.0000 0.0000 0.0000 0.0000 0.0000
0.0000 0.0027 0.9345 0.0628 0.0000 0.0000 0.0000 0.0000 0.0000 0.0000 0.0000
0.0000 0.0000 0.0628 0.8156 0.1209 0.0007 0.0000 0.0000 0.0000 0.0000 0.0000
0.0000 0.0000 0.0000 0.1209 0.7311 0.1467 0.0013 0.0000 0.0000 0.0000 0.0000
0.0000 0.0000 0.0000 0.0007 0.1467 0.6959 0.1558 0.0009 0.0000 0.0000 0.0000
0.0000 0.0000 0.0000 0.0000 0.0013 0.1558 0.7121 0.1306 0.0002 0.0000 0.0000
0.0000 0.0000 0.0000 0.0000 0.0000 0.0009 0.1306 0.7745 0.0940 0.0000 0.0000
0.0000 0.0000 0.0000 0.0000 0.0000 0.0000 0.0002 0.0940 0.8868 0.0190 0.0000
0.0000 0.0000 0.0000 0.0000 0.0000 0.0000 0.0000 0.0000 0.0190 0.9810 0.0000
0.0000 0.0000 0.0000 0.0000 0.0000 0.0000 0.0000 0.0000 0.0000 0.0000 1.0000
#DG from neighbouring lambda in kcal/mol
0.0000 0.1000 58.4452 0.1532
0.1000 0.2000 8.0584 0.1670
0.2000 0.3000 -3.1171 0.0323
0.3000 0.4000 -7.8605 0.0216
0.4000 0.5000 -11.0838 0.0188
0.5000 0.6000 -13.9953 0.0180
0.6000 0.7000 -17.1455 0.0205
0.7000 0.8000 -21.0495 0.0254
0.8000 0.9000 -28.3509 0.0616
0.9000 1.0000 -84.7819 0.0670
#PMF from MBAR in kcal/mol
0.0000 0.0000 0.0000
0.1000 58.4452 0.1532
0.2000 66.5036 0.0408
0.3000 63.3865 0.0317
0.4000 55.5260 0.0284
0.5000 44.4423 0.0274
0.6000 30.4469 0.0283
0.7000 13.3015 0.0314
0.8000 -7.7480 0.0378
0.9000 -36.0989 0.0670
1.0000 -120.8809 0.0000
#TI average gradients and standard deviation in kcal/mol
0.0000 5327.2370 156.9379
0.1000 206.8223 53.3551
0.2000 3.6931 26.8875
0.3000 -58.7051 20.1489
0.4000 -95.4450 16.2539
0.5000 -125.8940 15.4850
0.6000 -154.6210 16.2211
0.7000 -189.2277 17.4633
0.8000 -236.5459 22.5368
0.9000 -354.2176 40.4381
1.0000 -9370.5037 354.0237
#PMF from TI in kcal/mol
0.0000 0.0000
0.1000 276.7030
0.2000 287.2287
0.3000 284.4781
0.4000 276.7706
0.5000 265.7037
0.6000 251.6779
0.7000 234.4855
0.8000 213.1968
0.9000 183.6586
1.0000 -302.5774
#MBAR free energy difference in kcal/mol: 
-120.880869, 0.000000  #WARNING SUBSAMPLING DISABLED, CONSIDER RERUN WITH SUBSAMPLING OPTION
#TI free energy difference in kcal/mol: 
-302.577432  #WARNING SUBSAMPLING DISABLED, CONSIDER RERUN WITH SUBSAMPLING OPTION 
Starting /export/users/common/BioSimSpace/sire.app/bin/analyse_freenrg: number of threads equals 32
