# Analysing data contained in file(s) ['lambda_0.0000/simfile.dat', 'lambda_0.1000/simfile.dat', 'lambda_0.2000/simfile.dat', 'lambda_0.3000/simfile.dat', 'lambda_0.4000/simfile.dat', 'lambda_0.5000/simfile.dat', 'lambda_0.6000/simfile.dat', 'lambda_0.7000/simfile.dat', 'lambda_0.8000/simfile.dat', 'lambda_0.9000/simfile.dat', 'lambda_1.0000/simfile.dat']
#Overlap matrix
0.9996 0.0004 0.0000 0.0000 0.0000 0.0000 0.0000 0.0000 0.0000 0.0000 0.0000
0.0004 0.9994 0.0002 0.0000 0.0000 0.0000 0.0000 0.0000 0.0000 0.0000 0.0000
0.0000 0.0002 0.9998 0.0000 0.0000 0.0000 0.0000 0.0000 0.0000 0.0000 0.0000
0.0000 0.0000 0.0000 1.0000 0.0000 0.0000 0.0000 0.0000 0.0000 0.0000 0.0000
0.0000 0.0000 0.0000 0.0000 0.9992 0.0008 0.0000 0.0000 0.0000 0.0000 0.0000
0.0000 0.0000 0.0000 0.0000 0.0008 0.9991 0.0000 0.0000 0.0000 0.0000 0.0000
0.0000 0.0000 0.0000 0.0000 0.0000 0.0000 0.8778 0.1216 0.0007 0.0000 0.0000
0.0000 0.0000 0.0000 0.0000 0.0000 0.0000 0.1216 0.7916 0.0867 0.0001 0.0000
0.0000 0.0000 0.0000 0.0000 0.0000 0.0000 0.0007 0.0867 0.8262 0.0864 0.0000
0.0000 0.0000 0.0000 0.0000 0.0000 0.0000 0.0000 0.0001 0.0864 0.8414 0.0721
0.0000 0.0000 0.0000 0.0000 0.0000 0.0000 0.0000 0.0000 0.0000 0.0721 0.9279
#DG from neighbouring lambda in kcal/mol
0.0000 0.1000 4.6429 0.4116
0.1000 0.2000 8.0761 0.6184
0.2000 0.3000 4.6601 1.4566
0.3000 0.4000 -9.8936 2.1674
0.4000 0.5000 12.8990 0.2976
0.5000 0.6000 13.4207 2.5555
0.6000 0.7000 21.9958 0.0215
0.7000 0.8000 20.3517 0.0266
0.8000 0.9000 12.1539 0.0268
0.9000 1.0000 3.6240 0.0298
#PMF from MBAR in kcal/mol
0.0000 0.0000 0.0000
0.1000 4.6429 0.4116
0.2000 12.7190 0.7430
0.3000 17.3791 1.6352
0.4000 7.4855 1.9291
0.5000 20.3845 1.9126
0.6000 33.8051 0.9268
0.7000 55.8009 0.9267
0.8000 76.1526 0.9268
0.9000 88.3065 0.9270
1.0000 91.9304 0.9274
#TI average gradients and standard deviation in kcal/mol
0.0000 -7.1154 43.8783
0.1000 82.4836 43.6625
0.2000 51.5939 49.8006
0.3000 28.0549 53.6349
0.4000 36.6928 44.2846
0.5000 173.6768 43.3257
0.6000 164.1747 25.2282
0.7000 236.2486 16.7991
0.8000 164.3152 17.7673
0.9000 77.5783 20.8882
1.0000 32.6101 17.1894
#PMF from TI in kcal/mol
0.0000 0.0000
0.1000 3.7684
0.2000 10.4723
0.3000 14.4547
0.4000 17.6921
0.5000 28.2106
0.6000 45.1032
0.7000 65.1243
0.8000 85.1525
0.9000 97.2472
1.0000 102.7566
#MBAR free energy difference in kcal/mol: 
91.930448, 0.927402  #WARNING SUBSAMPLING DISABLED, CONSIDER RERUN WITH SUBSAMPLING OPTION
#TI free energy difference in kcal/mol: 
102.756621  #WARNING SUBSAMPLING DISABLED, CONSIDER RERUN WITH SUBSAMPLING OPTION 
Starting /export/users/common/BioSimSpace/sire.app/bin/analyse_freenrg: number of threads equals 32
