# Analysing data contained in file(s) ['lambda_0.0000/simfile.dat', 'lambda_0.1000/simfile.dat', 'lambda_0.2000/simfile.dat', 'lambda_0.3000/simfile.dat', 'lambda_0.4000/simfile.dat', 'lambda_0.5000/simfile.dat', 'lambda_0.6000/simfile.dat', 'lambda_0.7000/simfile.dat', 'lambda_0.8000/simfile.dat', 'lambda_0.9000/simfile.dat', 'lambda_1.0000/simfile.dat']
#Overlap matrix
0.9988 0.0012 0.0000 0.0000 0.0000 0.0000 0.0000 0.0000 0.0000 0.0000 0.0000
0.0012 0.9919 0.0069 0.0000 0.0000 0.0000 0.0000 0.0000 0.0000 0.0000 0.0000
0.0000 0.0069 0.9685 0.0246 0.0000 0.0000 0.0000 0.0000 0.0000 0.0000 0.0000
0.0000 0.0000 0.0246 0.9264 0.0490 0.0000 0.0000 0.0000 0.0000 0.0000 0.0000
0.0000 0.0000 0.0000 0.0490 0.8917 0.0593 0.0000 0.0000 0.0000 0.0000 0.0000
0.0000 0.0000 0.0000 0.0000 0.0593 0.8677 0.0730 0.0000 0.0000 0.0000 0.0000
0.0000 0.0000 0.0000 0.0000 0.0000 0.0730 0.8694 0.0576 0.0000 0.0000 0.0000
0.0000 0.0000 0.0000 0.0000 0.0000 0.0000 0.0576 0.9396 0.0028 0.0000 0.0000
0.0000 0.0000 0.0000 0.0000 0.0000 0.0000 0.0000 0.0028 0.9181 0.0791 0.0000
0.0000 0.0000 0.0000 0.0000 0.0000 0.0000 0.0000 0.0000 0.0791 0.8379 0.0830
0.0000 0.0000 0.0000 0.0000 0.0000 0.0000 0.0000 0.0000 0.0000 0.0830 0.9170
#DG from neighbouring lambda in kcal/mol
0.0000 0.1000 48.0795 0.2483
0.1000 0.2000 30.4855 0.1033
0.2000 0.3000 19.3516 0.0538
0.3000 0.4000 11.8295 0.0371
0.4000 0.5000 6.0690 0.0333
0.5000 0.6000 1.0525 0.0296
0.6000 0.7000 -4.2889 0.0339
0.7000 0.8000 -14.2728 0.1628
0.8000 0.9000 -26.1684 0.0282
0.9000 1.0000 -30.3283 0.0274
#PMF from MBAR in kcal/mol
0.0000 0.0000 0.0000
0.1000 48.0795 0.2483
0.2000 78.5650 0.2692
0.3000 97.9166 0.2748
0.4000 109.7462 0.2776
0.5000 115.8152 0.2799
0.6000 116.8677 0.2817
0.7000 112.5788 0.2840
0.8000 98.3060 0.3276
0.9000 72.1376 0.3290
1.0000 41.8094 0.3304
#TI average gradients and standard deviation in kcal/mol
0.0000 611.4096 44.9540
0.1000 383.6569 34.5356
0.2000 240.9461 27.4035
0.3000 151.3222 23.6870
0.4000 88.4021 20.8600
0.5000 34.2676 19.7036
0.6000 -14.7655 20.8617
0.7000 -75.0897 24.4289
0.8000 -233.3585 27.2701
0.9000 -282.9199 19.1377
1.0000 -324.1571 19.7380
#PMF from TI in kcal/mol
0.0000 0.0000
0.1000 49.7533
0.2000 80.9835
0.3000 100.5969
0.4000 112.5831
0.5000 118.7166
0.6000 119.6917
0.7000 115.1989
0.8000 99.7765
0.9000 73.9626
1.0000 43.6088
#MBAR free energy difference in kcal/mol: 
41.809358, 0.330378  #WARNING SUBSAMPLING DISABLED, CONSIDER RERUN WITH SUBSAMPLING OPTION
#TI free energy difference in kcal/mol: 
43.608759  #WARNING SUBSAMPLING DISABLED, CONSIDER RERUN WITH SUBSAMPLING OPTION 
Starting /export/users/common/BioSimSpace/sire.app/bin/analyse_freenrg: number of threads equals 32
