# Analysing data contained in file(s) ['lambda_0.0000/simfile.dat', 'lambda_0.1000/simfile.dat', 'lambda_0.2000/simfile.dat', 'lambda_0.3000/simfile.dat', 'lambda_0.4000/simfile.dat', 'lambda_0.5000/simfile.dat', 'lambda_0.6000/simfile.dat', 'lambda_0.7000/simfile.dat', 'lambda_0.8000/simfile.dat', 'lambda_0.9000/simfile.dat', 'lambda_1.0000/simfile.dat']
#Overlap matrix
1.0000 0.0000 0.0000 0.0000 0.0000 0.0000 0.0000 0.0000 0.0000 0.0000 0.0000
0.0000 1.0000 0.0000 0.0000 0.0000 0.0000 0.0000 0.0000 0.0000 0.0000 0.0000
0.0000 0.0000 1.0000 0.0000 0.0000 0.0000 0.0000 0.0000 0.0000 0.0000 0.0000
0.0000 0.0000 0.0000 1.0000 0.0000 0.0000 0.0000 0.0000 0.0000 0.0000 0.0000
0.0000 0.0000 0.0000 0.0000 0.9973 0.0027 0.0000 0.0000 0.0000 0.0000 0.0000
0.0000 0.0000 0.0000 0.0000 0.0027 0.9800 0.0173 0.0000 0.0000 0.0000 0.0000
0.0000 0.0000 0.0000 0.0000 0.0000 0.0173 0.9632 0.0196 0.0000 0.0000 0.0000
0.0000 0.0000 0.0000 0.0000 0.0000 0.0000 0.0196 0.9679 0.0125 0.0000 0.0000
0.0000 0.0000 0.0000 0.0000 0.0000 0.0000 0.0000 0.0125 0.9776 0.0099 0.0000
0.0000 0.0000 0.0000 0.0000 0.0000 0.0000 0.0000 0.0000 0.0099 0.9553 0.0348
0.0000 0.0000 0.0000 0.0000 0.0000 0.0000 0.0000 0.0000 0.0000 0.0348 0.9652
#DG from neighbouring lambda in kcal/mol
0.0000 0.1000 -31.0933 4.4070
0.1000 0.2000 -31.3934 320.6743
0.2000 0.3000 -35.8584 214.1344
0.3000 0.4000 -30.3410 0.3056
0.4000 0.5000 0.4272 0.1662
0.5000 0.6000 20.2944 0.0647
0.6000 0.7000 17.3304 0.0606
0.7000 0.8000 10.1209 0.0765
0.8000 0.9000 2.7637 0.0860
0.9000 1.0000 -1.8886 0.0447
#PMF from MBAR in kcal/mol
0.0000 0.0000 0.0000
0.1000 -31.0933 4.4070
0.2000 -62.4867 320.7045
0.3000 -98.3451 106.5853
0.4000 -128.6861 106.8459
0.5000 -128.2589 106.8458
0.6000 -107.9645 106.8458
0.7000 -90.6341 106.8458
0.8000 -80.5132 106.8458
0.9000 -77.7495 106.8458
1.0000 -79.6380 106.8458
#TI average gradients and standard deviation in kcal/mol
0.0000 -309.6248 50.1420
0.1000 -295.6778 57.0475
0.2000 -328.5936 66.3908
0.3000 -285.6349 64.4166
0.4000 -277.8211 53.7804
0.5000 173.1516 29.1984
0.6000 201.8474 27.2273
0.7000 141.4269 27.9636
0.8000 63.4766 28.5450
0.9000 -8.1054 28.4427
1.0000 -5.7164 23.8762
#PMF from TI in kcal/mol
0.0000 0.0000
0.1000 -30.2651
0.2000 -61.4787
0.3000 -92.1901
0.4000 -120.3629
0.5000 -125.5964
0.6000 -106.8464
0.7000 -89.6827
0.8000 -79.4376
0.9000 -76.6690
1.0000 -77.3601
#MBAR free energy difference in kcal/mol: 
-79.638027, 106.845784  #WARNING SUBSAMPLING DISABLED, CONSIDER RERUN WITH SUBSAMPLING OPTION
#TI free energy difference in kcal/mol: 
-77.360091  #WARNING SUBSAMPLING DISABLED, CONSIDER RERUN WITH SUBSAMPLING OPTION 
Starting /export/users/common/BioSimSpace/sire.app/bin/analyse_freenrg: number of threads equals 32
