# Analysing data contained in file(s) ['lambda_0.0000/simfile.dat', 'lambda_0.1000/simfile.dat', 'lambda_0.2000/simfile.dat', 'lambda_0.3000/simfile.dat', 'lambda_0.4000/simfile.dat', 'lambda_0.5000/simfile.dat', 'lambda_0.6000/simfile.dat', 'lambda_0.7000/simfile.dat', 'lambda_0.8000/simfile.dat', 'lambda_0.9000/simfile.dat', 'lambda_1.0000/simfile.dat']
#Overlap matrix
1.0000 0.0000 0.0000 0.0000 0.0000 0.0000 0.0000 0.0000 0.0000 0.0000 0.0000
0.0000 0.8796 0.1193 0.0011 0.0000 0.0000 0.0000 0.0000 0.0000 0.0000 0.0000
0.0000 0.1193 0.7174 0.1617 0.0016 0.0000 0.0000 0.0000 0.0000 0.0000 0.0000
0.0000 0.0011 0.1617 0.6845 0.1517 0.0009 0.0000 0.0000 0.0000 0.0000 0.0000
0.0000 0.0000 0.0016 0.1517 0.7103 0.1357 0.0006 0.0000 0.0000 0.0000 0.0000
0.0000 0.0000 0.0000 0.0009 0.1357 0.7388 0.1243 0.0002 0.0000 0.0000 0.0000
0.0000 0.0000 0.0000 0.0000 0.0006 0.1243 0.7743 0.1008 0.0000 0.0000 0.0000
0.0000 0.0000 0.0000 0.0000 0.0000 0.0002 0.1008 0.8367 0.0623 0.0000 0.0000
0.0000 0.0000 0.0000 0.0000 0.0000 0.0000 0.0000 0.0623 0.9284 0.0093 0.0000
0.0000 0.0000 0.0000 0.0000 0.0000 0.0000 0.0000 0.0000 0.0093 0.9907 0.0000
0.0000 0.0000 0.0000 0.0000 0.0000 0.0000 0.0000 0.0000 0.0000 0.0000 1.0000
#DG from neighbouring lambda in kcal/mol
0.0000 0.1000 30.7755 0.0378
0.1000 0.2000 7.9285 0.0217
0.2000 0.3000 7.0109 0.0175
0.3000 0.4000 6.0838 0.0183
0.4000 0.5000 4.7064 0.0199
0.5000 0.6000 3.0468 0.0212
0.6000 0.7000 0.8621 0.0243
0.7000 0.8000 -2.2847 0.0324
0.8000 0.9000 -9.2034 0.0890
0.9000 1.0000 -147.8273 0.0880
#PMF from MBAR in kcal/mol
0.0000 0.0000 0.0000
0.1000 30.7755 0.0378
0.2000 38.7040 0.0308
0.3000 45.7149 0.0265
0.4000 51.7986 0.0233
0.5000 56.5050 0.0220
0.6000 59.5518 0.0234
0.7000 60.4139 0.0282
0.8000 58.1292 0.0382
0.9000 48.9257 0.0880
1.0000 -98.9015 0.0000
#TI average gradients and standard deviation in kcal/mol
0.0000 3083.8600 344.2986
0.1000 88.1289 19.5457
0.2000 72.9610 15.7777
0.3000 66.5407 15.7484
0.4000 54.8896 16.0593
0.5000 39.2795 16.0900
0.6000 20.5420 17.5178
0.7000 -4.4309 19.0887
0.8000 -46.5218 24.0816
0.9000 -166.4439 40.8543
1.0000 -3247.0112 326.0017
#PMF from TI in kcal/mol
0.0000 0.0000
0.1000 158.5994
0.2000 166.6539
0.3000 173.6290
0.4000 179.7005
0.5000 184.4090
0.6000 187.4001
0.7000 188.2056
0.8000 185.6580
0.9000 175.0097
1.0000 4.3370
#MBAR free energy difference in kcal/mol: 
-98.901507, 0.000000  #WARNING SUBSAMPLING DISABLED, CONSIDER RERUN WITH SUBSAMPLING OPTION
#TI free energy difference in kcal/mol: 
4.336954  #WARNING SUBSAMPLING DISABLED, CONSIDER RERUN WITH SUBSAMPLING OPTION 
Starting /export/users/common/BioSimSpace/sire.app/bin/analyse_freenrg: number of threads equals 32
