# Analysing data contained in file(s) ['lambda_0.0000/simfile.dat', 'lambda_0.1000/simfile.dat', 'lambda_0.2000/simfile.dat', 'lambda_0.3000/simfile.dat', 'lambda_0.4000/simfile.dat', 'lambda_0.5000/simfile.dat', 'lambda_0.6000/simfile.dat', 'lambda_0.7000/simfile.dat', 'lambda_0.8000/simfile.dat', 'lambda_0.9000/simfile.dat', 'lambda_1.0000/simfile.dat']
#Overlap matrix
0.7977 0.1938 0.0084 0.0001 0.0000 0.0000 0.0000 0.0000 0.0000 0.0000 0.0000
0.1938 0.5898 0.2039 0.0124 0.0001 0.0000 0.0000 0.0000 0.0000 0.0000 0.0000
0.0084 0.2039 0.5550 0.2180 0.0145 0.0002 0.0000 0.0000 0.0000 0.0000 0.0000
0.0001 0.0124 0.2180 0.5360 0.2182 0.0151 0.0002 0.0000 0.0000 0.0000 0.0000
0.0000 0.0001 0.0145 0.2182 0.5332 0.2175 0.0162 0.0003 0.0000 0.0000 0.0000
0.0000 0.0000 0.0002 0.0151 0.2175 0.5253 0.2225 0.0191 0.0003 0.0000 0.0000
0.0000 0.0000 0.0000 0.0002 0.0162 0.2225 0.5190 0.2246 0.0173 0.0002 0.0000
0.0000 0.0000 0.0000 0.0000 0.0003 0.0191 0.2246 0.5226 0.2195 0.0138 0.0001
0.0000 0.0000 0.0000 0.0000 0.0000 0.0003 0.0173 0.2195 0.5587 0.1984 0.0057
0.0000 0.0000 0.0000 0.0000 0.0000 0.0000 0.0002 0.0138 0.1984 0.6305 0.1571
0.0000 0.0000 0.0000 0.0000 0.0000 0.0000 0.0000 0.0001 0.0057 0.1571 0.8371
#DG from neighbouring lambda in kcal/mol
0.0000 0.1000 7.7304 0.0149
0.1000 0.2000 6.5095 0.0136
0.2000 0.3000 5.0462 0.0125
0.3000 0.4000 3.4095 0.0124
0.4000 0.5000 1.6577 0.0124
0.5000 0.6000 -0.1008 0.0119
0.6000 0.7000 -1.7235 0.0118
0.7000 0.8000 -3.1955 0.0123
0.8000 0.9000 -4.3269 0.0140
0.9000 1.0000 -5.0405 0.0176
#PMF from MBAR in kcal/mol
0.0000 0.0000 0.0000
0.1000 7.7304 0.0149
0.2000 14.2399 0.0230
0.3000 19.2861 0.0283
0.4000 22.6957 0.0327
0.5000 24.3533 0.0365
0.6000 24.2525 0.0399
0.7000 22.5290 0.0429
0.8000 19.3335 0.0458
0.9000 15.0066 0.0491
1.0000 9.9661 0.0533
#TI average gradients and standard deviation in kcal/mol
0.0000 79.6848 14.6213
0.1000 72.1021 12.8257
0.2000 57.8290 11.8466
0.3000 42.6000 11.7122
0.4000 25.3048 11.6061
0.5000 7.6576 11.6590
0.6000 -9.2161 11.0295
0.7000 -25.0023 11.4434
0.8000 -38.3828 11.6452
0.9000 -47.6757 13.6557
1.0000 -51.7895 16.4284
#PMF from TI in kcal/mol
0.0000 0.0000
0.1000 7.5893
0.2000 14.0859
0.3000 19.1073
0.4000 22.5026
0.5000 24.1507
0.6000 24.0728
0.7000 22.3619
0.8000 19.1926
0.9000 14.8897
1.0000 9.9164
#MBAR free energy difference in kcal/mol: 
9.966101, 0.053319  #WARNING SUBSAMPLING DISABLED, CONSIDER RERUN WITH SUBSAMPLING OPTION
#TI free energy difference in kcal/mol: 
9.916422  #WARNING SUBSAMPLING DISABLED, CONSIDER RERUN WITH SUBSAMPLING OPTION 
Starting /export/users/common/BioSimSpace/sire.app/bin/analyse_freenrg: number of threads equals 32
