# Analysing data contained in file(s) ['lambda_0.0000/simfile.dat', 'lambda_0.1000/simfile.dat', 'lambda_0.2000/simfile.dat', 'lambda_0.3000/simfile.dat', 'lambda_0.4000/simfile.dat', 'lambda_0.5000/simfile.dat', 'lambda_0.6000/simfile.dat', 'lambda_0.7000/simfile.dat', 'lambda_0.8000/simfile.dat', 'lambda_0.9000/simfile.dat', 'lambda_1.0000/simfile.dat']
#Overlap matrix
0.9335 0.0662 0.0003 0.0000 0.0000 0.0000 0.0000 0.0000 0.0000 0.0000 0.0000
0.0662 0.8320 0.1008 0.0010 0.0000 0.0000 0.0000 0.0000 0.0000 0.0000 0.0000
0.0003 0.1008 0.7714 0.1256 0.0018 0.0000 0.0000 0.0000 0.0000 0.0000 0.0000
0.0000 0.0010 0.1256 0.7426 0.1282 0.0025 0.0000 0.0000 0.0000 0.0000 0.0000
0.0000 0.0000 0.0018 0.1282 0.7222 0.1436 0.0041 0.0001 0.0000 0.0000 0.0000
0.0000 0.0000 0.0000 0.0025 0.1436 0.6874 0.1571 0.0092 0.0003 0.0000 0.0000
0.0000 0.0000 0.0000 0.0000 0.0041 0.1571 0.6129 0.2075 0.0180 0.0004 0.0000
0.0000 0.0000 0.0000 0.0000 0.0001 0.0092 0.2075 0.5439 0.2206 0.0184 0.0003
0.0000 0.0000 0.0000 0.0000 0.0000 0.0003 0.0180 0.2206 0.5196 0.2241 0.0175
0.0000 0.0000 0.0000 0.0000 0.0000 0.0000 0.0004 0.0184 0.2241 0.5241 0.2331
0.0000 0.0000 0.0000 0.0000 0.0000 0.0000 0.0000 0.0003 0.0175 0.2331 0.7492
#DG from neighbouring lambda in kcal/mol
0.0000 0.1000 -3.3488 0.0312
0.1000 0.2000 -0.6614 0.0241
0.2000 0.3000 -0.1294 0.0208
0.3000 0.4000 -0.1501 0.0204
0.4000 0.5000 -0.2181 0.0187
0.5000 0.6000 -0.2382 0.0170
0.6000 0.7000 0.1120 0.0131
0.7000 0.8000 0.4205 0.0120
0.8000 0.9000 0.3052 0.0119
0.9000 1.0000 0.1727 0.0123
#PMF from MBAR in kcal/mol
0.0000 0.0000 0.0000
0.1000 -3.3488 0.0312
0.2000 -4.0102 0.0413
0.3000 -4.1396 0.0477
0.4000 -4.2897 0.0531
0.5000 -4.5078 0.0575
0.6000 -4.7460 0.0610
0.7000 -4.6340 0.0633
0.8000 -4.2135 0.0652
0.9000 -3.9083 0.0671
1.0000 -3.7356 0.0690
#TI average gradients and standard deviation in kcal/mol
0.0000 -63.2410 23.9274
0.1000 -13.0598 19.1373
0.2000 -2.9925 18.1630
0.3000 -0.1193 16.7526
0.4000 -1.9420 16.7819
0.5000 -2.4711 15.8487
0.6000 -1.8169 14.4520
0.7000 4.0269 11.4916
0.8000 3.7025 11.1364
0.9000 2.2038 11.3257
1.0000 17.0542 11.6779
#PMF from TI in kcal/mol
0.0000 0.0000
0.1000 -3.8150
0.2000 -4.6177
0.3000 -4.7732
0.4000 -4.8763
0.5000 -5.0970
0.6000 -5.3114
0.7000 -5.2009
0.8000 -4.8144
0.9000 -4.5191
1.0000 -3.5562
#MBAR free energy difference in kcal/mol: 
-3.735641, 0.068999  #WARNING SUBSAMPLING DISABLED, CONSIDER RERUN WITH SUBSAMPLING OPTION
#TI free energy difference in kcal/mol: 
-3.556170  #WARNING SUBSAMPLING DISABLED, CONSIDER RERUN WITH SUBSAMPLING OPTION 
Starting /export/users/common/BioSimSpace/sire.app/bin/analyse_freenrg: number of threads equals 32
