# Analysing data contained in file(s) ['lambda_0.0000/simfile.dat', 'lambda_0.1000/simfile.dat', 'lambda_0.2000/simfile.dat', 'lambda_0.3000/simfile.dat', 'lambda_0.4000/simfile.dat', 'lambda_0.5000/simfile.dat', 'lambda_0.6000/simfile.dat', 'lambda_0.7000/simfile.dat', 'lambda_0.8000/simfile.dat', 'lambda_0.9000/simfile.dat', 'lambda_1.0000/simfile.dat']
#Overlap matrix
0.9504 0.0495 0.0001 0.0000 0.0000 0.0000 0.0000 0.0000 0.0000 0.0000 0.0000
0.0495 0.8294 0.1187 0.0024 0.0000 0.0000 0.0000 0.0000 0.0000 0.0000 0.0000
0.0001 0.1187 0.6989 0.1745 0.0077 0.0001 0.0000 0.0000 0.0000 0.0000 0.0000
0.0000 0.0024 0.1745 0.6260 0.1877 0.0094 0.0001 0.0000 0.0000 0.0000 0.0000
0.0000 0.0000 0.0077 0.1877 0.5925 0.2002 0.0118 0.0001 0.0000 0.0000 0.0000
0.0000 0.0000 0.0001 0.0094 0.2002 0.5651 0.2118 0.0133 0.0001 0.0000 0.0000
0.0000 0.0000 0.0000 0.0001 0.0118 0.2118 0.5520 0.2123 0.0119 0.0001 0.0000
0.0000 0.0000 0.0000 0.0000 0.0001 0.0133 0.2123 0.5520 0.2109 0.0113 0.0001
0.0000 0.0000 0.0000 0.0000 0.0000 0.0001 0.0119 0.2109 0.5574 0.2097 0.0100
0.0000 0.0000 0.0000 0.0000 0.0000 0.0000 0.0001 0.0113 0.2097 0.5687 0.2103
0.0000 0.0000 0.0000 0.0000 0.0000 0.0000 0.0000 0.0001 0.0100 0.2103 0.7797
#DG from neighbouring lambda in kcal/mol
0.0000 0.1000 -2.5461 0.0369
0.1000 0.2000 0.4842 0.0216
0.2000 0.3000 1.7083 0.0160
0.3000 0.4000 2.0879 0.0147
0.4000 0.5000 2.0167 0.0138
0.5000 0.6000 1.8811 0.0129
0.6000 0.7000 1.7365 0.0129
0.7000 0.8000 1.4873 0.0131
0.8000 0.9000 1.2850 0.0132
0.9000 1.0000 1.1431 0.0138
#PMF from MBAR in kcal/mol
0.0000 0.0000 0.0000
0.1000 -2.5461 0.0369
0.2000 -2.0619 0.0444
0.3000 -0.3535 0.0486
0.4000 1.7343 0.0519
0.5000 3.7510 0.0548
0.6000 5.6321 0.0574
0.7000 7.3686 0.0598
0.8000 8.8558 0.0621
0.9000 10.1409 0.0645
1.0000 11.2840 0.0668
#TI average gradients and standard deviation in kcal/mol
0.0000 -48.7809 27.3258
0.1000 -6.2658 19.8294
0.2000 12.9860 15.5360
0.3000 20.3852 13.4750
0.4000 20.5228 13.1740
0.5000 19.5400 12.7296
0.6000 18.2007 11.9389
0.7000 16.3962 12.0912
0.8000 13.4711 12.0323
0.9000 12.0098 12.6402
1.0000 18.0279 12.7546
#PMF from TI in kcal/mol
0.0000 0.0000
0.1000 -2.7523
0.2000 -2.4163
0.3000 -0.7478
0.4000 1.2976
0.5000 3.3008
0.6000 5.1878
0.7000 6.9177
0.8000 8.4110
0.9000 9.6851
1.0000 11.1870
#MBAR free energy difference in kcal/mol: 
11.284009, 0.066848  #WARNING SUBSAMPLING DISABLED, CONSIDER RERUN WITH SUBSAMPLING OPTION
#TI free energy difference in kcal/mol: 
11.186957  #WARNING SUBSAMPLING DISABLED, CONSIDER RERUN WITH SUBSAMPLING OPTION 
Starting /export/users/common/BioSimSpace/sire.app/bin/analyse_freenrg: number of threads equals 32
