# Analysing data contained in file(s) ['lambda_0.0000/simfile.dat', 'lambda_0.1000/simfile.dat', 'lambda_0.2000/simfile.dat', 'lambda_0.3000/simfile.dat', 'lambda_0.4000/simfile.dat', 'lambda_0.5000/simfile.dat', 'lambda_0.6000/simfile.dat', 'lambda_0.7000/simfile.dat', 'lambda_0.8000/simfile.dat', 'lambda_0.9000/simfile.dat', 'lambda_1.0000/simfile.dat']
#Overlap matrix
0.8550 0.1422 0.0028 0.0000 0.0000 0.0000 0.0000 0.0000 0.0000 0.0000 0.0000
0.1422 0.6832 0.1705 0.0041 0.0000 0.0000 0.0000 0.0000 0.0000 0.0000 0.0000
0.0028 0.1705 0.6418 0.1794 0.0054 0.0000 0.0000 0.0000 0.0000 0.0000 0.0000
0.0000 0.0041 0.1794 0.6217 0.1889 0.0058 0.0000 0.0000 0.0000 0.0000 0.0000
0.0000 0.0000 0.0054 0.1889 0.6195 0.1819 0.0043 0.0000 0.0000 0.0000 0.0000
0.0000 0.0000 0.0000 0.0058 0.1819 0.6466 0.1628 0.0028 0.0000 0.0000 0.0000
0.0000 0.0000 0.0000 0.0000 0.0043 0.1628 0.6774 0.1534 0.0020 0.0000 0.0000
0.0000 0.0000 0.0000 0.0000 0.0000 0.0028 0.1534 0.6995 0.1432 0.0010 0.0000
0.0000 0.0000 0.0000 0.0000 0.0000 0.0000 0.0020 0.1432 0.7393 0.1153 0.0002
0.0000 0.0000 0.0000 0.0000 0.0000 0.0000 0.0000 0.0010 0.1153 0.8115 0.0721
0.0000 0.0000 0.0000 0.0000 0.0000 0.0000 0.0000 0.0000 0.0002 0.0721 0.9277
#DG from neighbouring lambda in kcal/mol
0.0000 0.1000 0.8532 0.0191
0.1000 0.2000 0.3859 0.0165
0.2000 0.3000 -0.2179 0.0157
0.3000 0.4000 -0.9145 0.0150
0.4000 0.5000 -1.4822 0.0155
0.5000 0.6000 -2.1502 0.0171
0.6000 0.7000 -2.9621 0.0180
0.7000 0.8000 -3.6495 0.0190
0.8000 0.9000 -4.0472 0.0222
0.9000 1.0000 -4.0966 0.0297
#PMF from MBAR in kcal/mol
0.0000 0.0000 0.0000
0.1000 0.8532 0.0191
0.2000 1.2391 0.0278
0.3000 1.0211 0.0339
0.4000 0.1066 0.0388
0.5000 -1.3756 0.0433
0.6000 -3.5258 0.0479
0.7000 -6.4880 0.0524
0.8000 -10.1375 0.0570
0.9000 -14.1847 0.0623
1.0000 -18.2813 0.0701
#TI average gradients and standard deviation in kcal/mol
0.0000 5709230515.3390 330766459437.3259
0.1000 6.2269 15.2799
0.2000 1.5034 14.0762
0.3000 -5.8804 13.2206
0.4000 -12.2764 13.5304
0.5000 -17.6917 14.1878
0.6000 -25.6180 15.2901
0.7000 -33.4474 15.9212
0.8000 -39.0735 16.4116
0.9000 -41.4009 18.8818
1.0000 -37.0563 22.4070
#PMF from TI in kcal/mol
0.0000 0.0000
0.1000 285461526.0783
0.2000 285461526.4648
0.3000 285461526.2460
0.4000 285461525.3381
0.5000 285461523.8397
0.6000 285461521.6742
0.7000 285461518.7210
0.8000 285461515.0949
0.9000 285461511.0712
1.0000 285461507.1483
#MBAR free energy difference in kcal/mol: 
-18.281318, 0.070090  #WARNING SUBSAMPLING DISABLED, CONSIDER RERUN WITH SUBSAMPLING OPTION
#TI free energy difference in kcal/mol: 
285461507.148338  #WARNING SUBSAMPLING DISABLED, CONSIDER RERUN WITH SUBSAMPLING OPTION 
Starting /export/users/common/BioSimSpace/sire.app/bin/analyse_freenrg: number of threads equals 32
