# Analysing data contained in file(s) ['lambda_0.0000/simfile.dat', 'lambda_0.1000/simfile.dat', 'lambda_0.2000/simfile.dat', 'lambda_0.3000/simfile.dat', 'lambda_0.4000/simfile.dat', 'lambda_0.5000/simfile.dat', 'lambda_0.6000/simfile.dat', 'lambda_0.7000/simfile.dat', 'lambda_0.8000/simfile.dat', 'lambda_0.9000/simfile.dat', 'lambda_1.0000/simfile.dat']
#Overlap matrix
0.9920 0.0080 0.0000 0.0000 0.0000 0.0000 0.0000 0.0000 0.0000 0.0000 0.0000
0.0080 0.9876 0.0044 0.0000 0.0000 0.0000 0.0000 0.0000 0.0000 0.0000 0.0000
0.0000 0.0044 0.9949 0.0008 0.0000 0.0000 0.0000 0.0000 0.0000 0.0000 0.0000
0.0000 0.0000 0.0008 0.9992 0.0000 0.0000 0.0000 0.0000 0.0000 0.0000 0.0000
0.0000 0.0000 0.0000 0.0000 0.9985 0.0015 0.0000 0.0000 0.0000 0.0000 0.0000
0.0000 0.0000 0.0000 0.0000 0.0015 0.9982 0.0002 0.0000 0.0000 0.0000 0.0000
0.0000 0.0000 0.0000 0.0000 0.0000 0.0002 0.9360 0.0637 0.0000 0.0000 0.0000
0.0000 0.0000 0.0000 0.0000 0.0000 0.0000 0.0637 0.8909 0.0453 0.0000 0.0000
0.0000 0.0000 0.0000 0.0000 0.0000 0.0000 0.0000 0.0453 0.8953 0.0593 0.0000
0.0000 0.0000 0.0000 0.0000 0.0000 0.0000 0.0000 0.0000 0.0593 0.9098 0.0308
0.0000 0.0000 0.0000 0.0000 0.0000 0.0000 0.0000 0.0000 0.0000 0.0308 0.9692
#DG from neighbouring lambda in kcal/mol
0.0000 0.1000 -1.5779 0.0957
0.1000 0.2000 2.0496 0.1303
0.2000 0.3000 2.0268 0.3123
0.3000 0.4000 -10.3124 1165.0795
0.4000 0.5000 4.1246 0.2214
0.5000 0.6000 11.2059 0.5548
0.6000 0.7000 22.7355 0.0320
0.7000 0.8000 22.1023 0.0387
0.8000 0.9000 16.3230 0.0333
0.9000 1.0000 10.5624 0.0477
#PMF from MBAR in kcal/mol
0.0000 0.0000 0.0000
0.1000 -1.5779 0.0957
0.2000 0.4717 0.1621
0.3000 2.4985 0.3521
0.4000 -7.8139 1165.0796
0.5000 -3.6892 1165.0796
0.6000 7.5167 1165.0798
0.7000 30.2522 1165.0798
0.8000 52.3545 1165.0798
0.9000 68.6774 1165.0798
1.0000 79.2398 1165.0798
#TI average gradients and standard deviation in kcal/mol
0.0000 -54.9630 33.3908
0.1000 11.6651 32.1968
0.2000 22.9149 38.3487
0.3000 5.4512 46.1192
0.4000 -75.0411 55.1832
0.5000 115.0771 47.6984
0.6000 175.5960 23.3199
0.7000 243.5796 21.5027
0.8000 190.3451 23.2137
0.9000 137.0444 23.3087
1.0000 95.5541 23.1495
#PMF from TI in kcal/mol
0.0000 0.0000
0.1000 -2.1649
0.2000 -0.4359
0.3000 0.9824
0.4000 -2.4971
0.5000 -0.4953
0.6000 14.0384
0.7000 34.9972
0.8000 56.6934
0.9000 73.0629
1.0000 84.6928
#MBAR free energy difference in kcal/mol: 
79.239846, 1165.079756  #WARNING SUBSAMPLING DISABLED, CONSIDER RERUN WITH SUBSAMPLING OPTION
#TI free energy difference in kcal/mol: 
84.692787  #WARNING SUBSAMPLING DISABLED, CONSIDER RERUN WITH SUBSAMPLING OPTION 
Starting /export/users/common/BioSimSpace/sire.app/bin/analyse_freenrg: number of threads equals 32
