# Analysing data contained in file(s) ['lambda_0.0000/simfile.dat', 'lambda_0.1000/simfile.dat', 'lambda_0.2000/simfile.dat', 'lambda_0.3000/simfile.dat', 'lambda_0.4000/simfile.dat', 'lambda_0.5000/simfile.dat', 'lambda_0.6000/simfile.dat', 'lambda_0.7000/simfile.dat', 'lambda_0.8000/simfile.dat', 'lambda_0.9000/simfile.dat', 'lambda_1.0000/simfile.dat']
#Overlap matrix
1.0000 0.0000 0.0000 0.0000 0.0000 0.0000 0.0000 0.0000 0.0000 0.0000 0.0000
0.0000 0.9999 0.0001 0.0000 0.0000 0.0000 0.0000 0.0000 0.0000 0.0000 0.0000
0.0000 0.0001 0.9999 0.0001 0.0000 0.0000 0.0000 0.0000 0.0000 0.0000 0.0000
0.0000 0.0000 0.0001 0.9994 0.0005 0.0000 0.0000 0.0000 0.0000 0.0000 0.0000
0.0000 0.0000 0.0000 0.0005 0.9882 0.0113 0.0000 0.0000 0.0000 0.0000 0.0000
0.0000 0.0000 0.0000 0.0000 0.0113 0.9369 0.0518 0.0000 0.0000 0.0000 0.0000
0.0000 0.0000 0.0000 0.0000 0.0000 0.0518 0.9025 0.0457 0.0000 0.0000 0.0000
0.0000 0.0000 0.0000 0.0000 0.0000 0.0000 0.0457 0.9179 0.0365 0.0000 0.0000
0.0000 0.0000 0.0000 0.0000 0.0000 0.0000 0.0000 0.0365 0.9303 0.0332 0.0000
0.0000 0.0000 0.0000 0.0000 0.0000 0.0000 0.0000 0.0000 0.0332 0.9173 0.0495
0.0000 0.0000 0.0000 0.0000 0.0000 0.0000 0.0000 0.0000 0.0000 0.0495 0.9505
#DG from neighbouring lambda in kcal/mol
0.0000 0.1000 5.5678 18.7267
0.1000 0.2000 12.9390 0.9776
0.2000 0.3000 14.7661 1.0441
0.3000 0.4000 20.7402 0.3721
0.4000 0.5000 27.7018 0.0804
0.5000 0.6000 28.6486 0.0360
0.6000 0.7000 22.3042 0.0386
0.7000 0.8000 15.6169 0.0436
0.8000 0.9000 8.5796 0.0459
0.9000 1.0000 3.6365 0.0369
#PMF from MBAR in kcal/mol
0.0000 0.0000 0.0000
0.1000 5.5678 18.7267
0.2000 18.5068 18.7522
0.3000 33.2729 18.7813
0.4000 54.0130 18.7850
0.5000 81.7148 18.7851
0.6000 110.3635 18.7852
0.7000 132.6676 18.7852
0.8000 148.2845 18.7853
0.9000 156.8641 18.7853
1.0000 160.5007 18.7854
#TI average gradients and standard deviation in kcal/mol
0.0000 29.8442 51.9686
0.1000 84.7534 54.1313
0.2000 136.5936 51.0288
0.3000 170.1117 48.3156
0.4000 247.8283 36.4738
0.5000 286.9296 26.2056
0.6000 265.3633 43.8355
0.7000 191.2134 22.7480
0.8000 119.7063 25.4521
0.9000 56.5251 23.4588
1.0000 34.0611 22.6436
#PMF from TI in kcal/mol
0.0000 0.0000
0.1000 5.7299
0.2000 16.7972
0.3000 32.1325
0.4000 53.0295
0.5000 79.7674
0.6000 107.3820
0.7000 130.2109
0.8000 145.7568
0.9000 154.5684
1.0000 159.0977
#MBAR free energy difference in kcal/mol: 
160.500652, 18.785369  #WARNING SUBSAMPLING DISABLED, CONSIDER RERUN WITH SUBSAMPLING OPTION
#TI free energy difference in kcal/mol: 
159.097727  #WARNING SUBSAMPLING DISABLED, CONSIDER RERUN WITH SUBSAMPLING OPTION 
Starting /export/users/common/BioSimSpace/sire.app/bin/analyse_freenrg: number of threads equals 32
