# Analysing data contained in file(s) ['lambda_0.0000/simfile.dat', 'lambda_0.1000/simfile.dat', 'lambda_0.2000/simfile.dat', 'lambda_0.3000/simfile.dat', 'lambda_0.4000/simfile.dat', 'lambda_0.5000/simfile.dat', 'lambda_0.6000/simfile.dat', 'lambda_0.7000/simfile.dat', 'lambda_0.8000/simfile.dat', 'lambda_0.9000/simfile.dat', 'lambda_1.0000/simfile.dat']
#Overlap matrix
0.9458 0.0541 0.0001 0.0000 0.0000 0.0000 0.0000 0.0000 0.0000 0.0000 0.0000
0.0541 0.8807 0.0650 0.0002 0.0000 0.0000 0.0000 0.0000 0.0000 0.0000 0.0000
0.0001 0.0650 0.8529 0.0804 0.0016 0.0000 0.0000 0.0000 0.0000 0.0000 0.0000
0.0000 0.0002 0.0804 0.7609 0.1524 0.0061 0.0000 0.0000 0.0000 0.0000 0.0000
0.0000 0.0000 0.0016 0.1524 0.6516 0.1905 0.0039 0.0000 0.0000 0.0000 0.0000
0.0000 0.0000 0.0000 0.0061 0.1905 0.6387 0.1624 0.0022 0.0000 0.0000 0.0000
0.0000 0.0000 0.0000 0.0000 0.0039 0.1624 0.6669 0.1636 0.0031 0.0000 0.0000
0.0000 0.0000 0.0000 0.0000 0.0000 0.0022 0.1636 0.6489 0.1815 0.0037 0.0000
0.0000 0.0000 0.0000 0.0000 0.0000 0.0000 0.0031 0.1815 0.6460 0.1683 0.0010
0.0000 0.0000 0.0000 0.0000 0.0000 0.0000 0.0000 0.0037 0.1683 0.7255 0.1025
0.0000 0.0000 0.0000 0.0000 0.0000 0.0000 0.0000 0.0000 0.0010 0.1025 0.8965
#DG from neighbouring lambda in kcal/mol
0.0000 0.1000 2.3938 0.0351
0.1000 0.2000 2.7299 0.0316
0.2000 0.3000 2.5818 0.0276
0.3000 0.4000 2.9429 0.0178
0.4000 0.5000 2.4899 0.0150
0.5000 0.6000 0.3393 0.0172
0.6000 0.7000 -2.3550 0.0171
0.7000 0.8000 -4.6433 0.0157
0.8000 0.9000 -6.4764 0.0168
0.9000 1.0000 -8.3968 0.0239
#PMF from MBAR in kcal/mol
0.0000 0.0000 0.0000
0.1000 2.3938 0.0351
0.2000 5.1237 0.0487
0.3000 7.7054 0.0573
0.4000 10.6483 0.0611
0.5000 13.1382 0.0638
0.6000 13.4775 0.0671
0.7000 11.1226 0.0702
0.8000 6.4793 0.0729
0.9000 0.0029 0.0757
1.0000 -8.3939 0.0803
#TI average gradients and standard deviation in kcal/mol
0.0000 17.0866 22.5384
0.1000 27.0154 21.9002
0.2000 26.8572 21.5738
0.3000 27.0757 18.0192
0.4000 30.1853 13.4738
0.5000 16.6319 13.5223
0.6000 -10.5101 14.4105
0.7000 -36.4543 14.3601
0.8000 -55.6708 14.1665
0.9000 -73.2443 15.2249
1.0000 -95.3762 21.9077
#PMF from TI in kcal/mol
0.0000 0.0000
0.1000 2.2051
0.2000 4.8987
0.3000 7.5954
0.4000 10.4584
0.5000 12.7993
0.6000 13.1054
0.7000 10.7571
0.8000 6.1509
0.9000 -0.2949
1.0000 -8.7259
#MBAR free energy difference in kcal/mol: 
-8.393895, 0.080287  #WARNING SUBSAMPLING DISABLED, CONSIDER RERUN WITH SUBSAMPLING OPTION
#TI free energy difference in kcal/mol: 
-8.725883  #WARNING SUBSAMPLING DISABLED, CONSIDER RERUN WITH SUBSAMPLING OPTION 
Starting /export/users/common/BioSimSpace/sire.app/bin/analyse_freenrg: number of threads equals 32
