# Analysing data contained in file(s) ['lambda_0.0000/simfile.dat', 'lambda_0.1000/simfile.dat', 'lambda_0.2000/simfile.dat', 'lambda_0.3000/simfile.dat', 'lambda_0.4000/simfile.dat', 'lambda_0.5000/simfile.dat', 'lambda_0.6000/simfile.dat', 'lambda_0.7000/simfile.dat', 'lambda_0.8000/simfile.dat', 'lambda_0.9000/simfile.dat', 'lambda_1.0000/simfile.dat']
#Overlap matrix
1.0000 0.0000 0.0000 0.0000 0.0000 0.0000 0.0000 0.0000 0.0000 0.0000 0.0000
0.0000 0.9929 0.0071 0.0000 0.0000 0.0000 0.0000 0.0000 0.0000 0.0000 0.0000
0.0000 0.0071 0.9159 0.0768 0.0001 0.0000 0.0000 0.0000 0.0000 0.0000 0.0000
0.0000 0.0000 0.0768 0.7872 0.1350 0.0010 0.0000 0.0000 0.0000 0.0000 0.0000
0.0000 0.0000 0.0001 0.1350 0.7171 0.1475 0.0003 0.0000 0.0000 0.0000 0.0000
0.0000 0.0000 0.0000 0.0010 0.1475 0.7552 0.0960 0.0002 0.0000 0.0000 0.0000
0.0000 0.0000 0.0000 0.0000 0.0003 0.0960 0.7883 0.1153 0.0001 0.0000 0.0000
0.0000 0.0000 0.0000 0.0000 0.0000 0.0002 0.1153 0.8232 0.0613 0.0000 0.0000
0.0000 0.0000 0.0000 0.0000 0.0000 0.0000 0.0001 0.0613 0.9361 0.0025 0.0000
0.0000 0.0000 0.0000 0.0000 0.0000 0.0000 0.0000 0.0000 0.0025 0.9975 0.0000
0.0000 0.0000 0.0000 0.0000 0.0000 0.0000 0.0000 0.0000 0.0000 0.0000 1.0000
#DG from neighbouring lambda in kcal/mol
0.0000 0.1000 68.3569 0.0993
0.1000 0.2000 26.0956 0.1016
0.2000 0.3000 17.6569 0.0287
0.3000 0.4000 14.0947 0.0200
0.4000 0.5000 11.7212 0.0188
0.5000 0.6000 8.5546 0.0250
0.6000 0.7000 5.1432 0.0223
0.7000 0.8000 1.1279 0.0327
0.8000 0.9000 -10.0386 0.1732
0.9000 1.0000 -330.5393 0.1592
#PMF from MBAR in kcal/mol
0.0000 0.0000 0.0000
0.1000 68.3569 0.0993
0.2000 94.4525 0.0413
0.3000 112.1094 0.0341
0.4000 126.2041 0.0314
0.5000 137.9253 0.0305
0.6000 146.4799 0.0318
0.7000 151.6231 0.0350
0.8000 152.7510 0.0436
0.9000 142.7124 0.1592
1.0000 -187.8269 0.0000
#TI average gradients and standard deviation in kcal/mol
0.0000 11180.9219 1009.5187
0.1000 347.0093 42.4091
0.2000 203.7163 24.2646
0.3000 155.5710 17.9718
0.4000 128.4243 15.7702
0.5000 104.3546 17.3754
0.6000 67.1055 17.5264
0.7000 34.7826 18.5233
0.8000 -21.0626 26.3004
0.9000 -224.4007 53.4633
1.0000 -5352.3088 157.5562
#PMF from TI in kcal/mol
0.0000 0.0000
0.1000 576.3966
0.2000 603.9328
0.3000 621.8972
0.4000 636.0970
0.5000 647.7359
0.6000 656.3089
0.7000 661.4033
0.8000 662.0893
0.9000 649.8162
1.0000 370.9807
#MBAR free energy difference in kcal/mol: 
-187.826890, 0.000000  #WARNING SUBSAMPLING DISABLED, CONSIDER RERUN WITH SUBSAMPLING OPTION
#TI free energy difference in kcal/mol: 
370.980685  #WARNING SUBSAMPLING DISABLED, CONSIDER RERUN WITH SUBSAMPLING OPTION 
Starting /export/users/common/BioSimSpace/sire.app/bin/analyse_freenrg: number of threads equals 32
