# Analysing data contained in file(s) ['lambda_0.0000/simfile.dat', 'lambda_0.1000/simfile.dat', 'lambda_0.2000/simfile.dat', 'lambda_0.3000/simfile.dat', 'lambda_0.4000/simfile.dat', 'lambda_0.5000/simfile.dat', 'lambda_0.6000/simfile.dat', 'lambda_0.7000/simfile.dat', 'lambda_0.8000/simfile.dat', 'lambda_0.9000/simfile.dat', 'lambda_1.0000/simfile.dat']
#Overlap matrix
0.8670 0.1329 0.0001 0.0000 0.0000 0.0000 0.0000 0.0000 0.0000 0.0000 0.0000
0.1329 0.7774 0.0893 0.0004 0.0000 0.0000 0.0000 0.0000 0.0000 0.0000 0.0000
0.0001 0.0893 0.7524 0.1560 0.0022 0.0000 0.0000 0.0000 0.0000 0.0000 0.0000
0.0000 0.0004 0.1560 0.6744 0.1658 0.0033 0.0000 0.0000 0.0000 0.0000 0.0000
0.0000 0.0000 0.0022 0.1658 0.6598 0.1695 0.0027 0.0000 0.0000 0.0000 0.0000
0.0000 0.0000 0.0000 0.0033 0.1695 0.7509 0.0763 0.0000 0.0000 0.0000 0.0000
0.0000 0.0000 0.0000 0.0000 0.0027 0.0763 0.9210 0.0000 0.0000 0.0000 0.0000
0.0000 0.0000 0.0000 0.0000 0.0000 0.0000 0.0000 0.9971 0.0029 0.0000 0.0000
0.0000 0.0000 0.0000 0.0000 0.0000 0.0000 0.0000 0.0029 0.9921 0.0050 0.0000
0.0000 0.0000 0.0000 0.0000 0.0000 0.0000 0.0000 0.0000 0.0050 0.9814 0.0135
0.0000 0.0000 0.0000 0.0000 0.0000 0.0000 0.0000 0.0000 0.0000 0.0135 0.9865
#DG from neighbouring lambda in kcal/mol
0.0000 0.1000 0.8825 0.0203
0.1000 0.2000 -2.3241 0.0261
0.2000 0.3000 -5.8189 0.0179
0.3000 0.4000 -8.8212 0.0169
0.4000 0.5000 -10.5036 0.0166
0.5000 0.6000 -3.8424 0.0283
0.6000 0.7000 14.9583 0.1410
0.7000 0.8000 4.3412 0.1614
0.8000 0.9000 3.8524 0.1212
0.9000 1.0000 3.3641 0.0733
#PMF from MBAR in kcal/mol
0.0000 0.0000 0.0000
0.1000 0.8825 0.0203
0.2000 -1.4416 0.0353
0.3000 -7.2605 0.0414
0.4000 -16.0817 0.0462
0.5000 -26.5854 0.0505
0.6000 -30.4278 0.0589
0.7000 -15.4695 0.1407
0.8000 -11.1283 0.0818
0.9000 -7.2758 0.0818
1.0000 -3.9117 0.0972
#TI average gradients and standard deviation in kcal/mol
0.0000 9.3740 15.1957
0.1000 -2.5456 18.8098
0.2000 -42.8884 16.8112
0.3000 -73.0790 14.8254
0.4000 -101.9408 14.3772
0.5000 -96.6527 15.8709
0.6000 62.1050 31.5477
0.7000 37.6560 37.2677
0.8000 43.4676 35.4152
0.9000 31.0226 31.8818
1.0000 42.0459 28.0365
#PMF from TI in kcal/mol
0.0000 0.0000
0.1000 0.3414
0.2000 -1.9303
0.3000 -7.7286
0.4000 -16.4796
0.5000 -26.4093
0.6000 -28.1367
0.7000 -23.1486
0.8000 -19.0925
0.9000 -15.3680
1.0000 -11.7145
#MBAR free energy difference in kcal/mol: 
-3.911741, 0.097234  #WARNING SUBSAMPLING DISABLED, CONSIDER RERUN WITH SUBSAMPLING OPTION
#TI free energy difference in kcal/mol: 
-11.714530  #WARNING SUBSAMPLING DISABLED, CONSIDER RERUN WITH SUBSAMPLING OPTION 
Starting /export/users/common/BioSimSpace/sire.app/bin/analyse_freenrg: number of threads equals 32
