# Analysing data contained in file(s) ['lambda_0.0000/simfile.dat', 'lambda_0.1000/simfile.dat', 'lambda_0.2000/simfile.dat', 'lambda_0.3000/simfile.dat', 'lambda_0.4000/simfile.dat', 'lambda_0.5000/simfile.dat', 'lambda_0.6000/simfile.dat', 'lambda_0.7000/simfile.dat', 'lambda_0.8000/simfile.dat', 'lambda_0.9000/simfile.dat', 'lambda_1.0000/simfile.dat']
#Overlap matrix
0.9390 0.0609 0.0000 0.0000 0.0000 0.0000 0.0000 0.0000 0.0000 0.0000 0.0000
0.0609 0.8743 0.0648 0.0000 0.0000 0.0000 0.0000 0.0000 0.0000 0.0000 0.0000
0.0000 0.0648 0.8211 0.1137 0.0004 0.0000 0.0000 0.0000 0.0000 0.0000 0.0000
0.0000 0.0000 0.1137 0.7630 0.1227 0.0005 0.0000 0.0000 0.0000 0.0000 0.0000
0.0000 0.0000 0.0004 0.1227 0.7741 0.1026 0.0002 0.0000 0.0000 0.0000 0.0000
0.0000 0.0000 0.0000 0.0005 0.1026 0.8575 0.0394 0.0000 0.0000 0.0000 0.0000
0.0000 0.0000 0.0000 0.0000 0.0002 0.0394 0.9604 0.0000 0.0000 0.0000 0.0000
0.0000 0.0000 0.0000 0.0000 0.0000 0.0000 0.0000 0.9994 0.0006 0.0000 0.0000
0.0000 0.0000 0.0000 0.0000 0.0000 0.0000 0.0000 0.0006 0.9979 0.0015 0.0000
0.0000 0.0000 0.0000 0.0000 0.0000 0.0000 0.0000 0.0000 0.0015 0.9963 0.0022
0.0000 0.0000 0.0000 0.0000 0.0000 0.0000 0.0000 0.0000 0.0000 0.0022 0.9978
#DG from neighbouring lambda in kcal/mol
0.0000 0.1000 3.9645 0.0328
0.1000 0.2000 -0.0846 0.0317
0.2000 0.3000 -3.8236 0.0225
0.3000 0.4000 -6.5767 0.0213
0.4000 0.5000 -7.8411 0.0240
0.5000 0.6000 -1.1532 0.0417
0.6000 0.7000 17.0737 800.1945
0.7000 0.8000 9.0965 0.3443
0.8000 0.9000 8.3968 0.2216
0.9000 1.0000 11.2348 0.1855
#PMF from MBAR in kcal/mol
0.0000 0.0000 0.0000
0.1000 3.9645 0.0328
0.2000 3.8799 0.0472
0.3000 0.0563 0.0537
0.4000 -6.5204 0.0591
0.5000 -14.3615 0.0649
0.6000 -15.5146 0.0780
0.7000 1.5590 800.1945
0.8000 10.6555 800.1946
0.9000 19.0523 800.1946
1.0000 30.2872 800.1947
#TI average gradients and standard deviation in kcal/mol
0.0000 41.6092 24.2964
0.1000 20.3185 22.2863
0.2000 -22.4519 19.4298
0.3000 -52.8953 17.5560
0.4000 -77.1416 18.2763
0.5000 -68.5806 20.9378
0.6000 88.6775 34.0344
0.7000 80.3634 40.8112
0.8000 86.3282 39.8067
0.9000 90.0259 36.5708
1.0000 142.6237 38.4393
#PMF from TI in kcal/mol
0.0000 0.0000
0.1000 3.0964
0.2000 2.9897
0.3000 -0.7776
0.4000 -7.2795
0.5000 -14.5656
0.6000 -13.5607
0.7000 -5.1087
0.8000 3.2259
0.9000 12.0436
1.0000 23.6761
#MBAR free energy difference in kcal/mol: 
30.287174, 800.194652  #WARNING SUBSAMPLING DISABLED, CONSIDER RERUN WITH SUBSAMPLING OPTION
#TI free energy difference in kcal/mol: 
23.676061  #WARNING SUBSAMPLING DISABLED, CONSIDER RERUN WITH SUBSAMPLING OPTION 
Starting /export/users/common/BioSimSpace/sire.app/bin/analyse_freenrg: number of threads equals 32
