# Analysing data contained in file(s) ['lambda_0.0000/simfile.dat', 'lambda_0.1000/simfile.dat', 'lambda_0.2000/simfile.dat', 'lambda_0.3000/simfile.dat', 'lambda_0.4000/simfile.dat', 'lambda_0.5000/simfile.dat', 'lambda_0.6000/simfile.dat', 'lambda_0.7000/simfile.dat', 'lambda_0.8000/simfile.dat', 'lambda_0.9000/simfile.dat', 'lambda_1.0000/simfile.dat']
#Overlap matrix
0.9158 0.0840 0.0002 0.0000 0.0000 0.0000 0.0000 0.0000 0.0000 0.0000 0.0000
0.0840 0.7922 0.1235 0.0003 0.0000 0.0000 0.0000 0.0000 0.0000 0.0000 0.0000
0.0002 0.1235 0.7665 0.1095 0.0003 0.0000 0.0000 0.0000 0.0000 0.0000 0.0000
0.0000 0.0003 0.1095 0.7974 0.0928 0.0001 0.0000 0.0000 0.0000 0.0000 0.0000
0.0000 0.0000 0.0003 0.0928 0.8809 0.0259 0.0000 0.0000 0.0000 0.0000 0.0000
0.0000 0.0000 0.0000 0.0001 0.0259 0.9414 0.0326 0.0000 0.0000 0.0000 0.0000
0.0000 0.0000 0.0000 0.0000 0.0000 0.0326 0.9673 0.0001 0.0000 0.0000 0.0000
0.0000 0.0000 0.0000 0.0000 0.0000 0.0000 0.0001 0.9991 0.0008 0.0000 0.0000
0.0000 0.0000 0.0000 0.0000 0.0000 0.0000 0.0000 0.0008 0.9992 0.0000 0.0000
0.0000 0.0000 0.0000 0.0000 0.0000 0.0000 0.0000 0.0000 0.0000 1.0000 0.0000
0.0000 0.0000 0.0000 0.0000 0.0000 0.0000 0.0000 0.0000 0.0000 0.0000 1.0000
#DG from neighbouring lambda in kcal/mol
0.0000 0.1000 13.1909 0.0272
0.1000 0.2000 10.6212 0.0213
0.2000 0.3000 8.4353 0.0230
0.3000 0.4000 7.6825 0.0256
0.4000 0.5000 7.8714 0.0522
0.5000 0.6000 8.3555 0.0464
0.6000 0.7000 11.2066 0.7264
0.7000 0.8000 5.9331 0.3146
0.8000 0.9000 0.6893 2.1374
0.9000 1.0000 -96.6297 2.0061
#PMF from MBAR in kcal/mol
0.0000 0.0000 0.0000
0.1000 13.1909 0.0272
0.2000 23.8121 0.0366
0.3000 32.2474 0.0449
0.4000 39.9299 0.0531
0.5000 47.8013 0.0754
0.6000 56.1568 0.0894
0.7000 67.3634 0.7319
0.8000 73.2965 0.7968
0.9000 73.9858 2.2811
1.0000 -22.6440 0.3161
#TI average gradients and standard deviation in kcal/mol
0.0000 120.3103 21.5727
0.1000 117.1335 17.5818
0.2000 95.0737 17.8531
0.3000 76.3944 18.2064
0.4000 83.5329 22.3575
0.5000 71.0071 25.3927
0.6000 110.4383 29.1151
0.7000 76.0938 39.5691
0.8000 48.2466 42.9319
0.9000 -61.0257 54.5040
1.0000 -3294.4326 187.1360
#PMF from TI in kcal/mol
0.0000 0.0000
0.1000 11.8722
0.2000 22.4826
0.3000 31.0560
0.4000 39.0523
0.5000 46.7793
0.6000 55.8516
0.7000 65.1782
0.8000 71.3952
0.9000 70.7563
1.0000 -97.0166
#MBAR free energy difference in kcal/mol: 
-22.643967, 0.316052  #WARNING SUBSAMPLING DISABLED, CONSIDER RERUN WITH SUBSAMPLING OPTION
#TI free energy difference in kcal/mol: 
-97.016643  #WARNING SUBSAMPLING DISABLED, CONSIDER RERUN WITH SUBSAMPLING OPTION 
Starting /export/users/common/BioSimSpace/sire.app/bin/analyse_freenrg: number of threads equals 32
