# Analysing data contained in file(s) ['lambda_0.0000/simfile.dat', 'lambda_0.1000/simfile.dat', 'lambda_0.2000/simfile.dat', 'lambda_0.3000/simfile.dat', 'lambda_0.4000/simfile.dat', 'lambda_0.5000/simfile.dat', 'lambda_0.6000/simfile.dat', 'lambda_0.7000/simfile.dat', 'lambda_0.8000/simfile.dat', 'lambda_0.9000/simfile.dat', 'lambda_1.0000/simfile.dat']
#Overlap matrix
0.9479 0.0521 0.0000 0.0000 0.0000 0.0000 0.0000 0.0000 0.0000 0.0000 0.0000
0.0521 0.8837 0.0641 0.0001 0.0000 0.0000 0.0000 0.0000 0.0000 0.0000 0.0000
0.0000 0.0641 0.8450 0.0905 0.0003 0.0000 0.0000 0.0000 0.0000 0.0000 0.0000
0.0000 0.0001 0.0905 0.7961 0.1125 0.0007 0.0000 0.0000 0.0000 0.0000 0.0000
0.0000 0.0000 0.0003 0.1125 0.7622 0.1236 0.0014 0.0000 0.0000 0.0000 0.0000
0.0000 0.0000 0.0000 0.0007 0.1236 0.7235 0.1491 0.0031 0.0000 0.0000 0.0000
0.0000 0.0000 0.0000 0.0000 0.0014 0.1491 0.6638 0.1790 0.0066 0.0000 0.0000
0.0000 0.0000 0.0000 0.0000 0.0000 0.0031 0.1790 0.6112 0.1977 0.0089 0.0001
0.0000 0.0000 0.0000 0.0000 0.0000 0.0000 0.0066 0.1977 0.5760 0.2074 0.0123
0.0000 0.0000 0.0000 0.0000 0.0000 0.0000 0.0000 0.0089 0.2074 0.5546 0.2290
0.0000 0.0000 0.0000 0.0000 0.0000 0.0000 0.0000 0.0001 0.0123 0.2290 0.7586
#DG from neighbouring lambda in kcal/mol
0.0000 0.1000 -1.2871 0.0359
0.1000 0.2000 -0.0430 0.0319
0.2000 0.3000 0.5102 0.0259
0.3000 0.4000 0.7046 0.0226
0.4000 0.5000 0.7046 0.0211
0.5000 0.6000 0.6510 0.0184
0.6000 0.7000 0.7033 0.0157
0.7000 0.8000 0.7573 0.0142
0.8000 0.9000 0.5626 0.0134
0.9000 1.0000 0.3827 0.0127
#PMF from MBAR in kcal/mol
0.0000 0.0000 0.0000
0.1000 -1.2871 0.0359
0.2000 -1.3301 0.0495
0.3000 -0.8199 0.0572
0.4000 -0.1153 0.0626
0.5000 0.5893 0.0672
0.6000 1.2403 0.0706
0.7000 1.9436 0.0733
0.8000 2.7008 0.0755
0.9000 3.2634 0.0775
1.0000 3.6461 0.0792
#TI average gradients and standard deviation in kcal/mol
0.0000 -22.3737 24.2562
0.1000 -3.6399 20.9655
0.2000 2.7856 19.6734
0.3000 6.4134 18.5580
0.4000 7.6281 17.0775
0.5000 6.2650 16.3108
0.6000 6.5878 14.8675
0.7000 7.7743 12.9021
0.8000 6.3880 12.7717
0.9000 4.6279 12.3826
1.0000 13.6659 11.3786
#PMF from TI in kcal/mol
0.0000 0.0000
0.1000 -1.3007
0.2000 -1.3434
0.3000 -0.8835
0.4000 -0.1814
0.5000 0.5133
0.6000 1.1559
0.7000 1.8740
0.8000 2.5821
0.9000 3.1329
1.0000 4.0476
#MBAR free energy difference in kcal/mol: 
3.646095, 0.079233  #WARNING SUBSAMPLING DISABLED, CONSIDER RERUN WITH SUBSAMPLING OPTION
#TI free energy difference in kcal/mol: 
4.047636  #WARNING SUBSAMPLING DISABLED, CONSIDER RERUN WITH SUBSAMPLING OPTION 
Starting /export/users/common/BioSimSpace/sire.app/bin/analyse_freenrg: number of threads equals 32
