# Analysing data contained in file(s) ['lambda_0.0000/simfile.dat', 'lambda_0.1000/simfile.dat', 'lambda_0.2000/simfile.dat', 'lambda_0.3000/simfile.dat', 'lambda_0.4000/simfile.dat', 'lambda_0.5000/simfile.dat', 'lambda_0.6000/simfile.dat', 'lambda_0.7000/simfile.dat', 'lambda_0.8000/simfile.dat', 'lambda_0.9000/simfile.dat', 'lambda_1.0000/simfile.dat']
#Overlap matrix
0.9318 0.0682 0.0000 0.0000 0.0000 0.0000 0.0000 0.0000 0.0000 0.0000 0.0000
0.0682 0.8712 0.0605 0.0001 0.0000 0.0000 0.0000 0.0000 0.0000 0.0000 0.0000
0.0000 0.0605 0.7964 0.1422 0.0009 0.0000 0.0000 0.0000 0.0000 0.0000 0.0000
0.0000 0.0001 0.1422 0.7343 0.1226 0.0007 0.0000 0.0000 0.0000 0.0000 0.0000
0.0000 0.0000 0.0009 0.1226 0.7729 0.1032 0.0003 0.0000 0.0000 0.0000 0.0000
0.0000 0.0000 0.0000 0.0007 0.1032 0.8578 0.0382 0.0000 0.0000 0.0000 0.0000
0.0000 0.0000 0.0000 0.0000 0.0003 0.0382 0.9615 0.0000 0.0000 0.0000 0.0000
0.0000 0.0000 0.0000 0.0000 0.0000 0.0000 0.0000 0.9991 0.0009 0.0000 0.0000
0.0000 0.0000 0.0000 0.0000 0.0000 0.0000 0.0000 0.0009 0.9970 0.0021 0.0000
0.0000 0.0000 0.0000 0.0000 0.0000 0.0000 0.0000 0.0000 0.0021 0.9934 0.0045
0.0000 0.0000 0.0000 0.0000 0.0000 0.0000 0.0000 0.0000 0.0000 0.0045 0.9955
#DG from neighbouring lambda in kcal/mol
0.0000 0.1000 6.0372 0.0308
0.1000 0.2000 1.5427 0.0329
0.2000 0.3000 -2.7191 0.0193
0.3000 0.4000 -5.7762 0.0213
0.4000 0.5000 -7.3126 0.0238
0.5000 0.6000 -0.5461 0.0424
0.6000 0.7000 21.1578 0.2405
0.7000 0.8000 8.5307 0.2847
0.8000 0.9000 8.1887 0.1898
0.9000 1.0000 8.9517 0.1279
#PMF from MBAR in kcal/mol
0.0000 0.0000 0.0000
0.1000 6.0372 0.0308
0.2000 7.5799 0.0467
0.3000 4.8608 0.0520
0.4000 -0.9154 0.0574
0.5000 -8.2280 0.0633
0.6000 -8.7741 0.0771
0.7000 12.3837 0.2397
0.8000 20.9144 0.1298
0.9000 29.1031 0.1298
1.0000 38.0548 0.1584
#TI average gradients and standard deviation in kcal/mol
0.0000 50236682417.9098 3346759077476.1968
0.1000 41.3101 20.2764
0.2000 -10.2222 17.9423
0.3000 -42.8085 16.2166
0.4000 -70.8691 17.2237
0.5000 -64.4598 20.4903
0.6000 95.1191 33.8326
0.7000 82.2101 40.8443
0.8000 85.3811 39.6049
0.9000 80.3438 36.3428
1.0000 112.5903 35.0386
#PMF from TI in kcal/mol
0.0000 0.0000
0.1000 2511834122.9610
0.2000 2511834124.5154
0.3000 2511834121.8639
0.4000 2511834116.1800
0.5000 2511834109.4135
0.6000 2511834110.9465
0.7000 2511834119.8130
0.8000 2511834128.1925
0.9000 2511834136.4788
1.0000 2511834146.1255
#MBAR free energy difference in kcal/mol: 
38.054849, 0.158426  #WARNING SUBSAMPLING DISABLED, CONSIDER RERUN WITH SUBSAMPLING OPTION
#TI free energy difference in kcal/mol: 
2511834146.125461  #WARNING SUBSAMPLING DISABLED, CONSIDER RERUN WITH SUBSAMPLING OPTION 
Starting /export/users/common/BioSimSpace/sire.app/bin/analyse_freenrg: number of threads equals 32
