# Analysing data contained in file(s) ['lambda_0.0000/simfile.dat', 'lambda_0.1000/simfile.dat', 'lambda_0.2000/simfile.dat', 'lambda_0.3000/simfile.dat', 'lambda_0.4000/simfile.dat', 'lambda_0.5000/simfile.dat', 'lambda_0.6000/simfile.dat', 'lambda_0.7000/simfile.dat', 'lambda_0.8000/simfile.dat', 'lambda_0.9000/simfile.dat', 'lambda_1.0000/simfile.dat']
#Overlap matrix
0.9916 0.0084 0.0000 0.0000 0.0000 0.0000 0.0000 0.0000 0.0000 0.0000 0.0000
0.0084 0.9881 0.0035 0.0000 0.0000 0.0000 0.0000 0.0000 0.0000 0.0000 0.0000
0.0000 0.0035 0.9954 0.0010 0.0000 0.0000 0.0000 0.0000 0.0000 0.0000 0.0000
0.0000 0.0000 0.0010 0.9990 0.0000 0.0000 0.0000 0.0000 0.0000 0.0000 0.0000
0.0000 0.0000 0.0000 0.0000 0.9985 0.0015 0.0000 0.0000 0.0000 0.0000 0.0000
0.0000 0.0000 0.0000 0.0000 0.0015 0.9985 0.0000 0.0000 0.0000 0.0000 0.0000
0.0000 0.0000 0.0000 0.0000 0.0000 0.0000 0.9015 0.0985 0.0001 0.0000 0.0000
0.0000 0.0000 0.0000 0.0000 0.0000 0.0000 0.0985 0.8299 0.0716 0.0000 0.0000
0.0000 0.0000 0.0000 0.0000 0.0000 0.0000 0.0001 0.0716 0.8478 0.0805 0.0000
0.0000 0.0000 0.0000 0.0000 0.0000 0.0000 0.0000 0.0000 0.0805 0.9082 0.0113
0.0000 0.0000 0.0000 0.0000 0.0000 0.0000 0.0000 0.0000 0.0000 0.0113 0.9887
#DG from neighbouring lambda in kcal/mol
0.0000 0.1000 10.4623 0.0936
0.1000 0.2000 8.4600 0.1448
0.2000 0.3000 5.4066 0.2698
0.3000 0.4000 -12.3024 94.8735
0.4000 0.5000 1.0611 0.2263
0.5000 0.6000 0.0606 132.8221
0.6000 0.7000 14.6957 0.0247
0.7000 0.8000 12.6664 0.0299
0.8000 0.9000 6.4494 0.0279
0.9000 1.0000 -1.5812 0.0806
#PMF from MBAR in kcal/mol
0.0000 0.0000 0.0000
0.1000 10.4623 0.0936
0.2000 18.9223 0.1728
0.3000 24.3289 0.3207
0.4000 12.0265 94.8733
0.5000 13.0876 94.8731
0.6000 13.1482 37.9493
0.7000 27.8440 37.9493
0.8000 40.5103 37.9493
0.9000 46.9598 37.9493
1.0000 45.3786 37.9494
#TI average gradients and standard deviation in kcal/mol
0.0000 104.0829 30.4294
0.1000 95.2883 33.9454
0.2000 68.1572 38.6994
0.3000 39.6028 44.5163
0.4000 -108.2464 55.8087
0.5000 72.7109 47.8927
0.6000 97.1232 18.5152
0.7000 154.4301 20.3310
0.8000 93.9736 21.0215
0.9000 34.4173 24.7575
1.0000 -40.3357 23.7823
#PMF from TI in kcal/mol
0.0000 0.0000
0.1000 9.9686
0.2000 18.1408
0.3000 23.5288
0.4000 20.0967
0.5000 18.3199
0.6000 26.8116
0.7000 39.3893
0.8000 51.8094
0.9000 58.2290
1.0000 57.9331
#MBAR free energy difference in kcal/mol: 
45.378604, 37.949400  #WARNING SUBSAMPLING DISABLED, CONSIDER RERUN WITH SUBSAMPLING OPTION
#TI free energy difference in kcal/mol: 
57.933068  #WARNING SUBSAMPLING DISABLED, CONSIDER RERUN WITH SUBSAMPLING OPTION 
Starting /export/users/common/BioSimSpace/sire.app/bin/analyse_freenrg: number of threads equals 32
