# Analysing data contained in file(s) ['lambda_0.0000/simfile.dat', 'lambda_0.1000/simfile.dat', 'lambda_0.2000/simfile.dat', 'lambda_0.3000/simfile.dat', 'lambda_0.4000/simfile.dat', 'lambda_0.5000/simfile.dat', 'lambda_0.6000/simfile.dat', 'lambda_0.7000/simfile.dat', 'lambda_0.8000/simfile.dat', 'lambda_0.9000/simfile.dat', 'lambda_1.0000/simfile.dat']
#Overlap matrix
1.0000 0.0000 0.0000 0.0000 0.0000 0.0000 0.0000 0.0000 0.0000 0.0000 0.0000
0.0000 0.9645 0.0355 0.0000 0.0000 0.0000 0.0000 0.0000 0.0000 0.0000 0.0000
0.0000 0.0355 0.8645 0.0996 0.0003 0.0000 0.0000 0.0000 0.0000 0.0000 0.0000
0.0000 0.0000 0.0996 0.7665 0.1335 0.0004 0.0000 0.0000 0.0000 0.0000 0.0000
0.0000 0.0000 0.0003 0.1335 0.7615 0.1046 0.0000 0.0000 0.0000 0.0000 0.0000
0.0000 0.0000 0.0000 0.0004 0.1046 0.8316 0.0633 0.0000 0.0000 0.0000 0.0000
0.0000 0.0000 0.0000 0.0000 0.0000 0.0633 0.8403 0.0963 0.0001 0.0000 0.0000
0.0000 0.0000 0.0000 0.0000 0.0000 0.0000 0.0963 0.8362 0.0675 0.0000 0.0000
0.0000 0.0000 0.0000 0.0000 0.0000 0.0000 0.0001 0.0675 0.9179 0.0145 0.0000
0.0000 0.0000 0.0000 0.0000 0.0000 0.0000 0.0000 0.0000 0.0145 0.9855 0.0000
0.0000 0.0000 0.0000 0.0000 0.0000 0.0000 0.0000 0.0000 0.0000 0.0000 1.0000
#DG from neighbouring lambda in kcal/mol
0.0000 0.1000 47.8528 0.0543
0.1000 0.2000 14.5281 0.0442
0.2000 0.3000 9.7275 0.0245
0.3000 0.4000 7.4343 0.0202
0.4000 0.5000 5.3374 0.0237
0.5000 0.6000 1.7367 0.0321
0.6000 0.7000 -1.3145 0.0250
0.7000 0.8000 -3.7297 0.0309
0.8000 0.9000 -8.9209 0.0707
0.9000 1.0000 -190.4070 0.0751
#PMF from MBAR in kcal/mol
0.0000 0.0000 0.0000
0.1000 47.8528 0.0543
0.2000 62.3809 0.0362
0.3000 72.1084 0.0300
0.4000 79.5426 0.0268
0.5000 84.8800 0.0252
0.6000 86.6167 0.0277
0.7000 85.3022 0.0320
0.8000 81.5725 0.0405
0.9000 72.6516 0.0751
1.0000 -117.7553 0.0000
#TI average gradients and standard deviation in kcal/mol
0.0000 11710.7380 1921.3027
0.1000 192.2026 34.3711
0.2000 114.9294 20.7008
0.3000 83.8750 16.4724
0.4000 64.9834 16.3599
0.5000 38.1449 20.4056
0.6000 -1.2917 19.1193
0.7000 -24.4052 19.1067
0.8000 -55.1307 23.4448
0.9000 -147.3359 38.9206
1.0000 -8322.1426 555.7945
#PMF from TI in kcal/mol
0.0000 0.0000
0.1000 595.1470
0.2000 610.5036
0.3000 620.4439
0.4000 627.8868
0.5000 633.0432
0.6000 634.8859
0.7000 633.6010
0.8000 629.6242
0.9000 619.5009
1.0000 196.0270
#MBAR free energy difference in kcal/mol: 
-117.755325, 0.000000  #WARNING SUBSAMPLING DISABLED, CONSIDER RERUN WITH SUBSAMPLING OPTION
#TI free energy difference in kcal/mol: 
196.026950  #WARNING SUBSAMPLING DISABLED, CONSIDER RERUN WITH SUBSAMPLING OPTION 
Starting /export/users/common/BioSimSpace/sire.app/bin/analyse_freenrg: number of threads equals 32
