# Analysing data contained in file(s) ['lambda_0.0000/simfile.dat', 'lambda_0.1000/simfile.dat', 'lambda_0.2000/simfile.dat', 'lambda_0.3000/simfile.dat', 'lambda_0.4000/simfile.dat', 'lambda_0.5000/simfile.dat', 'lambda_0.6000/simfile.dat', 'lambda_0.7000/simfile.dat', 'lambda_0.8000/simfile.dat', 'lambda_0.9000/simfile.dat', 'lambda_1.0000/simfile.dat']
#Overlap matrix
0.9386 0.0613 0.0002 0.0000 0.0000 0.0000 0.0000 0.0000 0.0000 0.0000 0.0000
0.0613 0.8661 0.0723 0.0002 0.0000 0.0000 0.0000 0.0000 0.0000 0.0000 0.0000
0.0002 0.0723 0.8544 0.0716 0.0014 0.0001 0.0000 0.0000 0.0000 0.0000 0.0000
0.0000 0.0002 0.0716 0.7765 0.1395 0.0120 0.0003 0.0000 0.0000 0.0000 0.0000
0.0000 0.0000 0.0014 0.1395 0.6386 0.2096 0.0109 0.0000 0.0000 0.0000 0.0000
0.0000 0.0000 0.0001 0.0120 0.2096 0.5775 0.1954 0.0054 0.0000 0.0000 0.0000
0.0000 0.0000 0.0000 0.0003 0.0109 0.1954 0.6042 0.1823 0.0069 0.0000 0.0000
0.0000 0.0000 0.0000 0.0000 0.0000 0.0054 0.1823 0.5958 0.2064 0.0100 0.0001
0.0000 0.0000 0.0000 0.0000 0.0000 0.0000 0.0069 0.2064 0.5672 0.2092 0.0103
0.0000 0.0000 0.0000 0.0000 0.0000 0.0000 0.0000 0.0100 0.2092 0.5673 0.2134
0.0000 0.0000 0.0000 0.0000 0.0000 0.0000 0.0000 0.0001 0.0103 0.2134 0.7762
#DG from neighbouring lambda in kcal/mol
0.0000 0.1000 -3.5364 0.0327
0.1000 0.2000 -2.1316 0.0296
0.2000 0.3000 -1.6363 0.0295
0.3000 0.4000 -0.2226 0.0185
0.4000 0.5000 1.3566 0.0132
0.5000 0.6000 1.1220 0.0143
0.6000 0.7000 -0.0509 0.0153
0.7000 0.8000 -0.8286 0.0136
0.8000 0.9000 -1.1674 0.0133
0.9000 1.0000 -1.3352 0.0136
#PMF from MBAR in kcal/mol
0.0000 0.0000 0.0000
0.1000 -3.5364 0.0327
0.2000 -5.6680 0.0457
0.3000 -7.3043 0.0557
0.4000 -7.5269 0.0598
0.5000 -6.1703 0.0620
0.6000 -5.0483 0.0646
0.7000 -5.0992 0.0673
0.8000 -5.9278 0.0696
0.9000 -7.0952 0.0717
1.0000 -8.4304 0.0738
#TI average gradients and standard deviation in kcal/mol
0.0000 -45.0372 22.9150
0.1000 -26.6024 20.7426
0.2000 -18.4454 21.4489
0.3000 -12.1393 19.4932
0.4000 8.7203 13.7703
0.5000 15.2107 12.2704
0.6000 5.7478 13.2950
0.7000 -5.7480 12.7402
0.8000 -10.3642 12.2501
0.9000 -12.6784 12.2763
1.0000 -9.8989 12.3152
#PMF from TI in kcal/mol
0.0000 0.0000
0.1000 -3.5820
0.2000 -5.8344
0.3000 -7.3636
0.4000 -7.5346
0.5000 -6.3380
0.6000 -5.2901
0.7000 -5.2901
0.8000 -6.0957
0.9000 -7.2478
1.0000 -8.3767
#MBAR free energy difference in kcal/mol: 
-8.430373, 0.073828  #WARNING SUBSAMPLING DISABLED, CONSIDER RERUN WITH SUBSAMPLING OPTION
#TI free energy difference in kcal/mol: 
-8.376703  #WARNING SUBSAMPLING DISABLED, CONSIDER RERUN WITH SUBSAMPLING OPTION 
Starting /export/users/common/BioSimSpace/sire.app/bin/analyse_freenrg: number of threads equals 32
