# Analysing data contained in file(s) ['lambda_0.0000/simfile.dat', 'lambda_0.1000/simfile.dat', 'lambda_0.2000/simfile.dat', 'lambda_0.3000/simfile.dat', 'lambda_0.4000/simfile.dat', 'lambda_0.5000/simfile.dat', 'lambda_0.6000/simfile.dat', 'lambda_0.7000/simfile.dat', 'lambda_0.8000/simfile.dat', 'lambda_0.9000/simfile.dat', 'lambda_1.0000/simfile.dat']
#Overlap matrix
0.8341 0.1656 0.0002 0.0000 0.0000 0.0000 0.0000 0.0000 0.0000 0.0000 0.0000
0.1656 0.7651 0.0693 0.0000 0.0000 0.0000 0.0000 0.0000 0.0000 0.0000 0.0000
0.0002 0.0693 0.8464 0.0840 0.0001 0.0000 0.0000 0.0000 0.0000 0.0000 0.0000
0.0000 0.0000 0.0840 0.8823 0.0337 0.0000 0.0000 0.0000 0.0000 0.0000 0.0000
0.0000 0.0000 0.0001 0.0337 0.9415 0.0248 0.0000 0.0000 0.0000 0.0000 0.0000
0.0000 0.0000 0.0000 0.0000 0.0248 0.9610 0.0142 0.0000 0.0000 0.0000 0.0000
0.0000 0.0000 0.0000 0.0000 0.0000 0.0142 0.9831 0.0027 0.0000 0.0000 0.0000
0.0000 0.0000 0.0000 0.0000 0.0000 0.0000 0.0027 0.9969 0.0003 0.0000 0.0000
0.0000 0.0000 0.0000 0.0000 0.0000 0.0000 0.0000 0.0003 0.9997 0.0000 0.0000
0.0000 0.0000 0.0000 0.0000 0.0000 0.0000 0.0000 0.0000 0.0000 1.0000 0.0000
0.0000 0.0000 0.0000 0.0000 0.0000 0.0000 0.0000 0.0000 0.0000 0.0000 1.0000
#DG from neighbouring lambda in kcal/mol
0.0000 0.1000 -7.7533 0.0174
0.1000 0.2000 -7.0705 0.0304
0.2000 0.3000 -7.8494 0.0272
0.3000 0.4000 -6.0571 0.0455
0.4000 0.5000 -5.5693 0.0535
0.5000 0.6000 -2.9354 0.0716
0.6000 0.7000 4.8706 0.1653
0.7000 0.8000 14.2957 0.4770
0.8000 0.9000 14.9470 0.4476
0.9000 1.0000 -12.2852 0.0000
#PMF from MBAR in kcal/mol
0.0000 0.0000 0.0000
0.1000 -7.7533 0.0174
0.2000 -14.8237 0.0371
0.3000 -22.6731 0.0476
0.4000 -28.7303 0.0669
0.5000 -34.2996 0.0866
0.6000 -37.2350 0.1130
0.7000 -32.3644 0.2006
0.8000 -18.0687 0.5176
0.9000 -3.1217 0.0858
1.0000 -15.4069 0.0858
#TI average gradients and standard deviation in kcal/mol
0.0000 -129.0951 27.2731
0.1000 -59.6120 21.6460
0.2000 -78.8102 20.5227
0.3000 -70.9395 20.0891
0.4000 -60.1434 27.2316
0.5000 -48.6704 28.5480
0.6000 2.4838 31.1827
0.7000 94.5604 43.3896
0.8000 168.9872 54.5556
0.9000 16.5898 62.8688
1.0000 -5122.4863 1389.5429
#PMF from TI in kcal/mol
0.0000 0.0000
0.1000 -9.4354
0.2000 -16.3565
0.3000 -23.8440
0.4000 -30.3981
0.5000 -35.8388
0.6000 -38.1481
0.7000 -33.2959
0.8000 -20.1185
0.9000 -10.8397
1.0000 -266.1345
#MBAR free energy difference in kcal/mol: 
-15.406908, 0.085829  #WARNING SUBSAMPLING DISABLED, CONSIDER RERUN WITH SUBSAMPLING OPTION
#TI free energy difference in kcal/mol: 
-266.134508  #WARNING SUBSAMPLING DISABLED, CONSIDER RERUN WITH SUBSAMPLING OPTION 
Starting /export/users/common/BioSimSpace/sire.app/bin/analyse_freenrg: number of threads equals 32
