# Analysing data contained in file(s) ['lambda_0.0000/simfile.dat', 'lambda_0.1000/simfile.dat', 'lambda_0.2000/simfile.dat', 'lambda_0.3000/simfile.dat', 'lambda_0.4000/simfile.dat', 'lambda_0.5000/simfile.dat', 'lambda_0.6000/simfile.dat', 'lambda_0.7000/simfile.dat', 'lambda_0.8000/simfile.dat', 'lambda_0.9000/simfile.dat', 'lambda_1.0000/simfile.dat']
#Overlap matrix
0.8525 0.1444 0.0031 0.0000 0.0000 0.0000 0.0000 0.0000 0.0000 0.0000 0.0000
0.1444 0.6716 0.1813 0.0028 0.0000 0.0000 0.0000 0.0000 0.0000 0.0000 0.0000
0.0031 0.1813 0.6541 0.1574 0.0040 0.0000 0.0000 0.0000 0.0000 0.0000 0.0000
0.0000 0.0028 0.1574 0.6486 0.1859 0.0054 0.0000 0.0000 0.0000 0.0000 0.0000
0.0000 0.0000 0.0040 0.1859 0.6714 0.1362 0.0025 0.0000 0.0000 0.0000 0.0000
0.0000 0.0000 0.0000 0.0054 0.1362 0.7527 0.1052 0.0005 0.0000 0.0000 0.0000
0.0000 0.0000 0.0000 0.0000 0.0025 0.1052 0.8537 0.0386 0.0000 0.0000 0.0000
0.0000 0.0000 0.0000 0.0000 0.0000 0.0005 0.0386 0.9353 0.0256 0.0000 0.0000
0.0000 0.0000 0.0000 0.0000 0.0000 0.0000 0.0000 0.0256 0.9420 0.0323 0.0000
0.0000 0.0000 0.0000 0.0000 0.0000 0.0000 0.0000 0.0000 0.0323 0.9291 0.0386
0.0000 0.0000 0.0000 0.0000 0.0000 0.0000 0.0000 0.0000 0.0000 0.0386 0.9614
#DG from neighbouring lambda in kcal/mol
0.0000 0.1000 1.6693 0.0189
0.1000 0.2000 -0.3088 0.0158
0.2000 0.3000 -2.8083 0.0175
0.3000 0.4000 -5.1439 0.0153
0.4000 0.5000 -6.3415 0.0192
0.5000 0.6000 -6.3931 0.0233
0.6000 0.7000 -4.9125 0.0420
0.7000 0.8000 -5.0410 0.0526
0.8000 0.9000 -5.5570 0.0465
0.9000 1.0000 -4.6145 0.0423
#PMF from MBAR in kcal/mol
0.0000 0.0000 0.0000
0.1000 1.6693 0.0189
0.2000 1.3605 0.0272
0.3000 -1.4478 0.0344
0.4000 -6.5917 0.0394
0.5000 -12.9332 0.0452
0.6000 -19.3263 0.0520
0.7000 -24.2389 0.0679
0.8000 -29.2799 0.0867
0.9000 -34.8369 0.0992
1.0000 -39.4513 0.1085
#TI average gradients and standard deviation in kcal/mol
0.0000 21.4237 19.8367
0.1000 6.8567 13.5984
0.2000 -14.2328 14.3272
0.3000 -41.9869 13.8630
0.4000 -58.7281 14.8086
0.5000 -67.4191 17.4128
0.6000 -56.5011 21.1966
0.7000 -46.6676 27.0578
0.8000 -53.5547 26.6867
0.9000 -56.2775 25.0056
1.0000 -26.6914 24.7044
#PMF from TI in kcal/mol
0.0000 0.0000
0.1000 1.4140
0.2000 1.0452
0.3000 -1.7658
0.4000 -6.8015
0.5000 -13.1089
0.6000 -19.3049
0.7000 -24.4633
0.8000 -29.4744
0.9000 -34.9661
1.0000 -39.1145
#MBAR free energy difference in kcal/mol: 
-39.451336, 0.108485  #WARNING SUBSAMPLING DISABLED, CONSIDER RERUN WITH SUBSAMPLING OPTION
#TI free energy difference in kcal/mol: 
-39.114499  #WARNING SUBSAMPLING DISABLED, CONSIDER RERUN WITH SUBSAMPLING OPTION 
Starting /export/users/common/BioSimSpace/sire.app/bin/analyse_freenrg: number of threads equals 32
