# Analysing data contained in file(s) ['lambda_0.0000/simfile.dat', 'lambda_0.1000/simfile.dat', 'lambda_0.2000/simfile.dat', 'lambda_0.3000/simfile.dat', 'lambda_0.4000/simfile.dat', 'lambda_0.5000/simfile.dat', 'lambda_0.6000/simfile.dat', 'lambda_0.7000/simfile.dat', 'lambda_0.8000/simfile.dat', 'lambda_0.9000/simfile.dat', 'lambda_1.0000/simfile.dat']
#Overlap matrix
0.9298 0.0702 0.0000 0.0000 0.0000 0.0000 0.0000 0.0000 0.0000 0.0000 0.0000
0.0702 0.8744 0.0554 0.0000 0.0000 0.0000 0.0000 0.0000 0.0000 0.0000 0.0000
0.0000 0.0554 0.8841 0.0600 0.0005 0.0000 0.0000 0.0000 0.0000 0.0000 0.0000
0.0000 0.0000 0.0600 0.8051 0.1348 0.0001 0.0000 0.0000 0.0000 0.0000 0.0000
0.0000 0.0000 0.0005 0.1348 0.8574 0.0073 0.0000 0.0000 0.0000 0.0000 0.0000
0.0000 0.0000 0.0000 0.0002 0.0139 0.9745 0.0113 0.0000 0.0000 0.0000 0.0000
0.0000 0.0000 0.0000 0.0000 0.0000 0.0059 0.9941 0.0000 0.0000 0.0000 0.0000
0.0000 0.0000 0.0000 0.0000 0.0000 0.0000 0.0000 1.0000 0.0000 0.0000 0.0000
0.0000 0.0000 0.0000 0.0000 0.0000 0.0000 0.0000 0.0000 0.9996 0.0004 0.0000
0.0000 0.0000 0.0000 0.0000 0.0000 0.0000 0.0000 0.0000 0.0004 0.9981 0.0015
0.0000 0.0000 0.0000 0.0000 0.0000 0.0000 0.0000 0.0000 0.0000 0.0015 0.9985
#DG from neighbouring lambda in kcal/mol
0.0000 0.1000 7.9509 0.0303
0.1000 0.2000 -1.5708 0.0346
0.2000 0.3000 -12.1499 0.0330
0.3000 0.4000 -17.6302 0.0201
0.4000 0.5000 -18.6507 0.0991
0.5000 0.6000 -15.9118 0.1113
0.6000 0.7000 5.2980 2.9004
0.7000 0.8000 -7.6694 3.8515
0.8000 0.9000 -12.7183 0.4462
0.9000 1.0000 -13.5712 0.2227
#PMF from MBAR in kcal/mol
0.0000 0.0000 0.0000
0.1000 7.9509 0.0303
0.2000 6.3802 0.0476
0.3000 -5.7697 0.0592
0.4000 -23.3999 0.0636
0.5000 -42.0506 0.1183
0.6000 -57.9624 0.1633
0.7000 -52.6644 2.8982
0.8000 -60.3338 0.9913
0.9000 -73.0521 0.9913
1.0000 -86.6233 1.0037
#TI average gradients and standard deviation in kcal/mol
0.0000 98.5848 20.5465
0.1000 37.8114 22.1492
0.2000 -68.9722 20.3510
0.3000 -169.6163 17.2991
0.4000 -167.3550 28.4269
0.5000 -102.6252 101.1009
0.6000 -66.2557 37.6043
0.7000 -59.9053 50.2149
0.8000 -104.3751 45.7748
0.9000 -139.0509 40.8040
1.0000 -113.3976 39.4914
#PMF from TI in kcal/mol
0.0000 0.0000
0.1000 6.8198
0.2000 5.2618
0.3000 -6.6677
0.4000 -23.5162
0.5000 -37.0152
0.6000 -45.4593
0.7000 -51.7673
0.8000 -59.9813
0.9000 -72.1526
1.0000 -84.7751
#MBAR free energy difference in kcal/mol: 
-86.623282, 1.003744  #WARNING SUBSAMPLING DISABLED, CONSIDER RERUN WITH SUBSAMPLING OPTION
#TI free energy difference in kcal/mol: 
-84.775065  #WARNING SUBSAMPLING DISABLED, CONSIDER RERUN WITH SUBSAMPLING OPTION 
Starting /export/users/common/BioSimSpace/sire.app/bin/analyse_freenrg: number of threads equals 32
