# Analysing data contained in file(s) ['lambda_0.0000/simfile.dat', 'lambda_0.1000/simfile.dat', 'lambda_0.2000/simfile.dat', 'lambda_0.3000/simfile.dat', 'lambda_0.4000/simfile.dat', 'lambda_0.5000/simfile.dat', 'lambda_0.6000/simfile.dat', 'lambda_0.7000/simfile.dat', 'lambda_0.8000/simfile.dat', 'lambda_0.9000/simfile.dat', 'lambda_1.0000/simfile.dat']
#Overlap matrix
0.9081 0.0915 0.0004 0.0000 0.0000 0.0000 0.0000 0.0000 0.0000 0.0000 0.0000
0.0915 0.7754 0.1312 0.0019 0.0000 0.0000 0.0000 0.0000 0.0000 0.0000 0.0000
0.0004 0.1312 0.6990 0.1662 0.0033 0.0000 0.0000 0.0000 0.0000 0.0000 0.0000
0.0000 0.0019 0.1662 0.6593 0.1688 0.0039 0.0000 0.0000 0.0000 0.0000 0.0000
0.0000 0.0000 0.0033 0.1688 0.6418 0.1813 0.0048 0.0000 0.0000 0.0000 0.0000
0.0000 0.0000 0.0000 0.0039 0.1813 0.6230 0.1870 0.0048 0.0000 0.0000 0.0000
0.0000 0.0000 0.0000 0.0000 0.0048 0.1870 0.6216 0.1823 0.0043 0.0000 0.0000
0.0000 0.0000 0.0000 0.0000 0.0000 0.0048 0.1823 0.6273 0.1819 0.0037 0.0000
0.0000 0.0000 0.0000 0.0000 0.0000 0.0000 0.0043 0.1819 0.6441 0.1681 0.0015
0.0000 0.0000 0.0000 0.0000 0.0000 0.0000 0.0000 0.0037 0.1681 0.6962 0.1320
0.0000 0.0000 0.0000 0.0000 0.0000 0.0000 0.0000 0.0000 0.0015 0.1320 0.8665
#DG from neighbouring lambda in kcal/mol
0.0000 0.1000 -11.6409 0.0258
0.1000 0.2000 -8.8624 0.0203
0.2000 0.3000 -6.9975 0.0170
0.3000 0.4000 -5.6573 0.0166
0.4000 0.5000 -4.6213 0.0156
0.5000 0.6000 -3.5892 0.0152
0.6000 0.7000 -2.6094 0.0155
0.7000 0.8000 -1.6183 0.0156
0.8000 0.9000 -0.4950 0.0168
0.9000 1.0000 0.5179 0.0203
#PMF from MBAR in kcal/mol
0.0000 0.0000 0.0000
0.1000 -11.6409 0.0258
0.2000 -20.5034 0.0349
0.3000 -27.5008 0.0406
0.4000 -33.1581 0.0453
0.5000 -37.7795 0.0493
0.6000 -41.3687 0.0529
0.7000 -43.9781 0.0563
0.8000 -45.5963 0.0595
0.9000 -46.0914 0.0629
1.0000 -45.5735 0.0672
#TI average gradients and standard deviation in kcal/mol
0.0000 -137.3951 21.1341
0.1000 -99.9238 18.2075
0.2000 -78.4302 15.6620
0.3000 -62.2881 14.4509
0.4000 -51.2475 14.0854
0.5000 -41.3813 13.7521
0.6000 -30.5412 13.6698
0.7000 -21.3924 13.4887
0.8000 -10.7723 13.8263
0.9000 0.4860 15.2825
1.0000 12.9831 18.3062
#PMF from TI in kcal/mol
0.0000 0.0000
0.1000 -11.8659
0.2000 -20.7836
0.3000 -27.8196
0.4000 -33.4963
0.5000 -38.1278
0.6000 -41.7239
0.7000 -44.3206
0.8000 -45.9288
0.9000 -46.4431
1.0000 -45.7697
#MBAR free energy difference in kcal/mol: 
-45.573483, 0.067151  #WARNING SUBSAMPLING DISABLED, CONSIDER RERUN WITH SUBSAMPLING OPTION
#TI free energy difference in kcal/mol: 
-45.769684  #WARNING SUBSAMPLING DISABLED, CONSIDER RERUN WITH SUBSAMPLING OPTION 
Starting /export/users/common/BioSimSpace/sire.app/bin/analyse_freenrg: number of threads equals 32
