# Analysing data contained in file(s) ['lambda_0.0000/simfile.dat', 'lambda_0.1000/simfile.dat', 'lambda_0.2000/simfile.dat', 'lambda_0.3000/simfile.dat', 'lambda_0.4000/simfile.dat', 'lambda_0.5000/simfile.dat', 'lambda_0.6000/simfile.dat', 'lambda_0.7000/simfile.dat', 'lambda_0.8000/simfile.dat', 'lambda_0.9000/simfile.dat', 'lambda_1.0000/simfile.dat']
#Overlap matrix
0.9887 0.0113 0.0000 0.0000 0.0000 0.0000 0.0000 0.0000 0.0000 0.0000 0.0000
0.0113 0.9732 0.0155 0.0000 0.0000 0.0000 0.0000 0.0000 0.0000 0.0000 0.0000
0.0000 0.0155 0.9699 0.0146 0.0000 0.0000 0.0000 0.0000 0.0000 0.0000 0.0000
0.0000 0.0000 0.0146 0.9434 0.0417 0.0003 0.0000 0.0000 0.0000 0.0000 0.0000
0.0000 0.0000 0.0000 0.0417 0.8703 0.0877 0.0003 0.0000 0.0000 0.0000 0.0000
0.0000 0.0000 0.0000 0.0003 0.0877 0.8350 0.0768 0.0002 0.0000 0.0000 0.0000
0.0000 0.0000 0.0000 0.0000 0.0003 0.0768 0.8171 0.1045 0.0013 0.0000 0.0000
0.0000 0.0000 0.0000 0.0000 0.0000 0.0002 0.1045 0.7317 0.1617 0.0019 0.0000
0.0000 0.0000 0.0000 0.0000 0.0000 0.0000 0.0013 0.1617 0.6847 0.1507 0.0015
0.0000 0.0000 0.0000 0.0000 0.0000 0.0000 0.0000 0.0019 0.1507 0.7021 0.1454
0.0000 0.0000 0.0000 0.0000 0.0000 0.0000 0.0000 0.0000 0.0015 0.1454 0.8531
#DG from neighbouring lambda in kcal/mol
0.0000 0.1000 4.1510 0.0806
0.1000 0.2000 4.7912 0.0683
0.2000 0.3000 3.4195 0.0706
0.3000 0.4000 3.5997 0.0404
0.4000 0.5000 4.5442 0.0264
0.5000 0.6000 2.5461 0.0286
0.6000 0.7000 -0.6148 0.0236
0.7000 0.8000 -2.4686 0.0174
0.8000 0.9000 -4.4243 0.0183
0.9000 1.0000 -6.0414 0.0190
#PMF from MBAR in kcal/mol
0.0000 0.0000 0.0000
0.1000 4.1510 0.0806
0.2000 8.9422 0.1064
0.3000 12.3618 0.1282
0.4000 15.9615 0.1350
0.5000 20.5056 0.1381
0.6000 23.0517 0.1415
0.7000 22.4368 0.1440
0.8000 19.9683 0.1455
0.9000 15.5440 0.1471
1.0000 9.5026 0.1488
#TI average gradients and standard deviation in kcal/mol
0.0000 27.9016 30.9990
0.1000 50.7469 28.4922
0.2000 40.9211 29.6622
0.3000 29.1796 28.3669
0.4000 44.7402 20.7210
0.5000 40.5339 19.4562
0.6000 7.3890 20.6831
0.7000 -16.2294 16.0106
0.8000 -33.8057 15.3037
0.9000 -53.8370 15.5565
1.0000 -458632.8570 18108802.5686
#PMF from TI in kcal/mol
0.0000 0.0000
0.1000 3.9324
0.2000 8.5158
0.3000 12.0209
0.4000 15.7168
0.5000 19.9805
0.6000 22.3767
0.7000 21.9347
0.8000 19.4329
0.9000 15.0508
1.0000 -22919.2839
#MBAR free energy difference in kcal/mol: 
9.502612, 0.148805  #WARNING SUBSAMPLING DISABLED, CONSIDER RERUN WITH SUBSAMPLING OPTION
#TI free energy difference in kcal/mol: 
-22919.283918  #WARNING SUBSAMPLING DISABLED, CONSIDER RERUN WITH SUBSAMPLING OPTION 
Starting /export/users/common/BioSimSpace/sire.app/bin/analyse_freenrg: number of threads equals 32
