# Analysing data contained in file(s) ['lambda_0.0000/simfile.dat', 'lambda_0.1000/simfile.dat', 'lambda_0.2000/simfile.dat', 'lambda_0.3000/simfile.dat', 'lambda_0.4000/simfile.dat', 'lambda_0.5000/simfile.dat', 'lambda_0.6000/simfile.dat', 'lambda_0.7000/simfile.dat', 'lambda_0.8000/simfile.dat', 'lambda_0.9000/simfile.dat', 'lambda_1.0000/simfile.dat']
#Overlap matrix
0.9967 0.0033 0.0000 0.0000 0.0000 0.0000 0.0000 0.0000 0.0000 0.0000 0.0000
0.0033 0.9956 0.0011 0.0000 0.0000 0.0000 0.0000 0.0000 0.0000 0.0000 0.0000
0.0000 0.0011 0.9982 0.0007 0.0000 0.0000 0.0000 0.0000 0.0000 0.0000 0.0000
0.0000 0.0000 0.0007 0.9993 0.0000 0.0000 0.0000 0.0000 0.0000 0.0000 0.0000
0.0000 0.0000 0.0000 0.0000 0.9812 0.0188 0.0000 0.0000 0.0000 0.0000 0.0000
0.0000 0.0000 0.0000 0.0000 0.0188 0.9283 0.0529 0.0001 0.0000 0.0000 0.0000
0.0000 0.0000 0.0000 0.0000 0.0000 0.0529 0.8581 0.0889 0.0001 0.0000 0.0000
0.0000 0.0000 0.0000 0.0000 0.0000 0.0001 0.0889 0.8117 0.0994 0.0000 0.0000
0.0000 0.0000 0.0000 0.0000 0.0000 0.0000 0.0001 0.0994 0.8327 0.0678 0.0000
0.0000 0.0000 0.0000 0.0000 0.0000 0.0000 0.0000 0.0000 0.0678 0.8369 0.0953
0.0000 0.0000 0.0000 0.0000 0.0000 0.0000 0.0000 0.0000 0.0000 0.0953 0.9047
#DG from neighbouring lambda in kcal/mol
0.0000 0.1000 -11.7317 0.1505
0.1000 0.2000 -12.6349 0.2590
0.2000 0.3000 -15.5015 0.3274
0.3000 0.4000 -27.0636 744.9108
0.4000 0.5000 -12.8150 0.0619
0.5000 0.6000 -8.7972 0.0355
0.6000 0.7000 -11.7878 0.0263
0.7000 0.8000 -16.2351 0.0245
0.8000 0.9000 -21.8297 0.0309
0.9000 1.0000 -26.8802 0.0252
#PMF from MBAR in kcal/mol
0.0000 0.0000 0.0000
0.1000 -11.7317 0.1505
0.2000 -24.3666 0.2998
0.3000 -39.8681 0.4441
0.4000 -66.9316 744.9110
0.5000 -79.7466 744.9110
0.6000 -88.5438 744.9110
0.7000 -100.3317 744.9110
0.8000 -116.5668 744.9110
0.9000 -138.3965 744.9110
1.0000 -165.2767 744.9110
#TI average gradients and standard deviation in kcal/mol
0.0000 -138.1323 34.5360
0.1000 -109.2126 35.5221
0.2000 -146.6914 41.5413
0.3000 -173.2006 41.5128
0.4000 -213.9867 36.0978
0.5000 -86.5185 25.2582
0.6000 -99.1740 20.7442
0.7000 -138.7404 17.7491
0.8000 -188.5517 19.6233
0.9000 -247.9397 20.0967
1.0000 -259.3010 17.8520
#PMF from TI in kcal/mol
0.0000 0.0000
0.1000 -12.3672
0.2000 -25.1624
0.3000 -41.1570
0.4000 -60.5164
0.5000 -75.5417
0.6000 -84.8263
0.7000 -96.7220
0.8000 -113.0866
0.9000 -134.9112
1.0000 -160.2732
#MBAR free energy difference in kcal/mol: 
-165.276671, 744.910966  #WARNING SUBSAMPLING DISABLED, CONSIDER RERUN WITH SUBSAMPLING OPTION
#TI free energy difference in kcal/mol: 
-160.273234  #WARNING SUBSAMPLING DISABLED, CONSIDER RERUN WITH SUBSAMPLING OPTION 
Starting /export/users/common/BioSimSpace/sire.app/bin/analyse_freenrg: number of threads equals 32
