# Analysing data contained in file(s) ['lambda_0.0000/simfile.dat', 'lambda_0.1000/simfile.dat', 'lambda_0.2000/simfile.dat', 'lambda_0.3000/simfile.dat', 'lambda_0.4000/simfile.dat', 'lambda_0.5000/simfile.dat', 'lambda_0.6000/simfile.dat', 'lambda_0.7000/simfile.dat', 'lambda_0.8000/simfile.dat', 'lambda_0.9000/simfile.dat', 'lambda_1.0000/simfile.dat']
#Overlap matrix
1.0000 0.0000 0.0000 0.0000 0.0000 0.0000 0.0000 0.0000 0.0000 0.0000 0.0000
0.0000 0.9967 0.0033 0.0000 0.0000 0.0000 0.0000 0.0000 0.0000 0.0000 0.0000
0.0000 0.0033 0.9938 0.0029 0.0000 0.0000 0.0000 0.0000 0.0000 0.0000 0.0000
0.0000 0.0000 0.0029 0.9779 0.0192 0.0000 0.0000 0.0000 0.0000 0.0000 0.0000
0.0000 0.0000 0.0000 0.0192 0.9439 0.0368 0.0000 0.0000 0.0000 0.0000 0.0000
0.0000 0.0000 0.0000 0.0000 0.0368 0.9111 0.0521 0.0000 0.0000 0.0000 0.0000
0.0000 0.0000 0.0000 0.0000 0.0000 0.0521 0.8980 0.0499 0.0000 0.0000 0.0000
0.0000 0.0000 0.0000 0.0000 0.0000 0.0000 0.0499 0.9331 0.0170 0.0000 0.0000
0.0000 0.0000 0.0000 0.0000 0.0000 0.0000 0.0000 0.0170 0.9827 0.0004 0.0000
0.0000 0.0000 0.0000 0.0000 0.0000 0.0000 0.0000 0.0000 0.0004 0.9996 0.0000
0.0000 0.0000 0.0000 0.0000 0.0000 0.0000 0.0000 0.0000 0.0000 0.0000 1.0000
#DG from neighbouring lambda in kcal/mol
0.0000 0.1000 83.0429 0.1983
0.1000 0.2000 22.0062 0.1511
0.2000 0.3000 7.6567 0.1603
0.3000 0.4000 0.1363 0.0612
0.4000 0.5000 -2.9670 0.0434
0.5000 0.6000 -3.8993 0.0359
0.6000 0.7000 -3.2124 0.0368
0.7000 0.8000 -1.9972 0.0652
0.8000 0.9000 -2.6389 0.4578
0.9000 1.0000 -44.8564 0.4145
#PMF from MBAR in kcal/mol
0.0000 0.0000 0.0000
0.1000 83.0429 0.1983
0.2000 105.0491 0.1465
0.3000 112.7058 0.0843
0.4000 112.8421 0.0762
0.5000 109.8750 0.0747
0.6000 105.9758 0.0758
0.7000 102.7634 0.0790
0.8000 100.7662 0.0932
0.9000 98.1274 0.4145
1.0000 53.2709 0.0000
#TI average gradients and standard deviation in kcal/mol
0.0000 1458.8159 57.9406
0.1000 360.1306 81.8126
0.2000 151.2563 44.1605
0.3000 28.3810 30.7286
0.4000 -19.1053 26.4757
0.5000 -37.5118 23.8814
0.6000 -37.2358 22.3007
0.7000 -26.5584 24.9948
0.8000 -14.5670 33.6561
0.9000 -74.8179 56.8071
1.0000 -2499.3989 115.5585
#PMF from TI in kcal/mol
0.0000 0.0000
0.1000 90.9473
0.2000 116.5167
0.3000 125.4985
0.4000 125.9623
0.5000 123.1315
0.6000 119.3941
0.7000 116.2044
0.8000 114.1481
0.9000 109.6789
1.0000 -19.0320
#MBAR free energy difference in kcal/mol: 
53.270929, 0.000000  #WARNING SUBSAMPLING DISABLED, CONSIDER RERUN WITH SUBSAMPLING OPTION
#TI free energy difference in kcal/mol: 
-19.031978  #WARNING SUBSAMPLING DISABLED, CONSIDER RERUN WITH SUBSAMPLING OPTION 
Starting /export/users/common/BioSimSpace/sire.app/bin/analyse_freenrg: number of threads equals 32
