# Analysing data contained in file(s) ['lambda_0.0000/simfile.dat', 'lambda_0.1000/simfile.dat', 'lambda_0.2000/simfile.dat', 'lambda_0.3000/simfile.dat', 'lambda_0.4000/simfile.dat', 'lambda_0.5000/simfile.dat', 'lambda_0.6000/simfile.dat', 'lambda_0.7000/simfile.dat', 'lambda_0.8000/simfile.dat', 'lambda_0.9000/simfile.dat', 'lambda_1.0000/simfile.dat']
#Overlap matrix
0.8147 0.1797 0.0056 0.0000 0.0000 0.0000 0.0000 0.0000 0.0000 0.0000 0.0000
0.1797 0.6273 0.1862 0.0068 0.0000 0.0000 0.0000 0.0000 0.0000 0.0000 0.0000
0.0056 0.1862 0.6079 0.1926 0.0077 0.0001 0.0000 0.0000 0.0000 0.0000 0.0000
0.0000 0.0068 0.1926 0.5910 0.1996 0.0100 0.0001 0.0000 0.0000 0.0000 0.0000
0.0000 0.0000 0.0077 0.1996 0.5771 0.2046 0.0109 0.0001 0.0000 0.0000 0.0000
0.0000 0.0000 0.0001 0.0100 0.2046 0.5706 0.2050 0.0097 0.0001 0.0000 0.0000
0.0000 0.0000 0.0000 0.0001 0.0109 0.2050 0.5787 0.1961 0.0090 0.0001 0.0000
0.0000 0.0000 0.0000 0.0000 0.0001 0.0097 0.1961 0.5901 0.1958 0.0081 0.0001
0.0000 0.0000 0.0000 0.0000 0.0000 0.0001 0.0090 0.1958 0.6076 0.1822 0.0053
0.0000 0.0000 0.0000 0.0000 0.0000 0.0000 0.0001 0.0081 0.1822 0.6312 0.1784
0.0000 0.0000 0.0000 0.0000 0.0000 0.0000 0.0000 0.0001 0.0053 0.1784 0.8162
#DG from neighbouring lambda in kcal/mol
0.0000 0.1000 -1.1695 0.0160
0.1000 0.2000 -0.3722 0.0151
0.2000 0.3000 0.0150 0.0146
0.3000 0.4000 0.1318 0.0140
0.4000 0.5000 0.2728 0.0135
0.5000 0.6000 0.4244 0.0135
0.6000 0.7000 0.5268 0.0141
0.7000 0.8000 0.6887 0.0142
0.8000 0.9000 0.9667 0.0153
0.9000 1.0000 1.2784 0.0161
#PMF from MBAR in kcal/mol
0.0000 0.0000 0.0000
0.1000 -1.1695 0.0160
0.2000 -1.5417 0.0247
0.3000 -1.5267 0.0308
0.4000 -1.3949 0.0356
0.5000 -1.1221 0.0396
0.6000 -0.6976 0.0432
0.7000 -0.1708 0.0468
0.8000 0.5180 0.0501
0.9000 1.4846 0.0535
1.0000 2.7630 0.0570
#TI average gradients and standard deviation in kcal/mol
0.0000 -19.3188 25.5115
0.1000 -6.8907 13.8015
0.2000 -1.3344 13.4530
0.3000 0.9384 13.1326
0.4000 1.8218 12.5720
0.5000 3.5001 12.4498
0.6000 4.6226 12.8522
0.7000 5.8427 13.2176
0.8000 8.4908 12.8146
0.9000 10.3845 13.6237
1.0000 16.7454 14.4422
#PMF from TI in kcal/mol
0.0000 0.0000
0.1000 -1.3105
0.2000 -1.7217
0.3000 -1.7415
0.4000 -1.6035
0.5000 -1.3374
0.6000 -0.9313
0.7000 -0.4080
0.8000 0.3087
0.9000 1.2524
1.0000 2.6089
#MBAR free energy difference in kcal/mol: 
2.762983, 0.057037  #WARNING SUBSAMPLING DISABLED, CONSIDER RERUN WITH SUBSAMPLING OPTION
#TI free energy difference in kcal/mol: 
2.608908  #WARNING SUBSAMPLING DISABLED, CONSIDER RERUN WITH SUBSAMPLING OPTION 
Starting /export/users/common/BioSimSpace/sire.app/bin/analyse_freenrg: number of threads equals 32
