# Analysing data contained in file(s) ['lambda_0.0000/simfile_snipped.dat', 'lambda_0.1000/simfile_snipped.dat', 'lambda_0.2000/simfile_snipped.dat', 'lambda_0.3000/simfile_snipped.dat', 'lambda_0.4000/simfile_snipped.dat', 'lambda_0.5000/simfile_snipped.dat', 'lambda_0.6000/simfile_snipped.dat', 'lambda_0.7000/simfile_snipped.dat', 'lambda_0.8000/simfile_snipped.dat', 'lambda_0.9000/simfile_snipped.dat', 'lambda_1.0000/simfile_snipped.dat']
#Overlap matrix
0.9921 0.0079 0.0000 0.0000 0.0000 0.0000 0.0000 0.0000 0.0000 0.0000 0.0000
0.0079 0.9898 0.0023 0.0000 0.0000 0.0000 0.0000 0.0000 0.0000 0.0000 0.0000
0.0000 0.0023 0.9952 0.0026 0.0000 0.0000 0.0000 0.0000 0.0000 0.0000 0.0000
0.0000 0.0000 0.0026 0.9974 0.0000 0.0000 0.0000 0.0000 0.0000 0.0000 0.0000
0.0000 0.0000 0.0000 0.0000 0.9992 0.0008 0.0000 0.0000 0.0000 0.0000 0.0000
0.0000 0.0000 0.0000 0.0000 0.0008 0.9992 0.0000 0.0000 0.0000 0.0000 0.0000
0.0000 0.0000 0.0000 0.0000 0.0000 0.0000 0.9031 0.0968 0.0001 0.0000 0.0000
0.0000 0.0000 0.0000 0.0000 0.0000 0.0000 0.0968 0.8312 0.0719 0.0001 0.0000
0.0000 0.0000 0.0000 0.0000 0.0000 0.0000 0.0001 0.0719 0.8440 0.0840 0.0000
0.0000 0.0000 0.0000 0.0000 0.0000 0.0000 0.0000 0.0001 0.0840 0.9083 0.0076
0.0000 0.0000 0.0000 0.0000 0.0000 0.0000 0.0000 0.0000 0.0000 0.0076 0.9924
#DG from neighbouring lambda in kcal/mol
0.0000 0.1000 10.6808 0.3209
0.1000 0.2000 7.7915 0.6040
0.2000 0.3000 6.2199 0.5683
0.3000 0.4000 -13.4302 1229.5273
0.4000 0.5000 0.3600 1.0476
0.5000 0.6000 -1.9212 1721.3189
0.6000 0.7000 14.8668 0.0831
0.7000 0.8000 12.6636 0.0993
0.8000 0.9000 6.6516 0.0906
0.9000 1.0000 -1.2499 0.3283
#PMF from MBAR in kcal/mol
0.0000 0.0000 0.0000
0.1000 10.6808 0.3209
0.2000 18.4724 0.6852
0.3000 24.6922 0.8911
0.4000 11.2620 1229.5272
0.5000 11.6220 1229.5269
0.6000 9.7008 491.7923
0.7000 24.5676 491.7923
0.8000 37.2311 491.7923
0.9000 43.8827 491.7923
1.0000 42.6328 491.7924
#TI average gradients and standard deviation in kcal/mol
0.0000 103.6037 28.6511
0.1000 96.7538 32.9782
0.2000 68.6281 40.1117
0.3000 45.1599 41.7675
0.4000 -108.0583 55.6591
0.5000 89.5240 47.0034
0.6000 100.3804 16.9275
0.7000 155.1174 19.7710
0.8000 94.3797 20.4874
0.9000 39.0654 22.7476
1.0000 -45.1773 22.4323
#PMF from TI in kcal/mol
0.0000 0.0000
0.1000 10.0179
0.2000 18.2870
0.3000 23.9764
0.4000 20.8315
0.5000 19.9047
0.6000 29.4000
0.7000 42.1749
0.8000 54.6497
0.9000 61.3220
1.0000 61.0164
#MBAR free energy difference in kcal/mol: 
42.632801, 491.792396  #WARNING SUBSAMPLING DISABLED, CONSIDER RERUN WITH SUBSAMPLING OPTION
#TI free energy difference in kcal/mol: 
61.016372  #WARNING SUBSAMPLING DISABLED, CONSIDER RERUN WITH SUBSAMPLING OPTION 
Starting /export/users/common/BioSimSpace/sire.app/bin/analyse_freenrg: number of threads equals 32
