# Analysing data contained in file(s) ['lambda_0.0000/simfile_snipped.dat', 'lambda_0.1000/simfile_snipped.dat', 'lambda_0.2000/simfile_snipped.dat', 'lambda_0.3000/simfile_snipped.dat', 'lambda_0.4000/simfile_snipped.dat', 'lambda_0.5000/simfile_snipped.dat', 'lambda_0.6000/simfile_snipped.dat', 'lambda_0.7000/simfile_snipped.dat', 'lambda_0.8000/simfile_snipped.dat', 'lambda_0.9000/simfile_snipped.dat', 'lambda_1.0000/simfile_snipped.dat']
#Overlap matrix
0.9711 0.0289 0.0000 0.0000 0.0000 0.0000 0.0000 0.0000 0.0000 0.0000 0.0000
0.0289 0.8629 0.1078 0.0004 0.0000 0.0000 0.0000 0.0000 0.0000 0.0000 0.0000
0.0000 0.1078 0.7625 0.1291 0.0005 0.0000 0.0000 0.0000 0.0000 0.0000 0.0000
0.0000 0.0004 0.1291 0.7326 0.1375 0.0004 0.0000 0.0000 0.0000 0.0000 0.0000
0.0000 0.0000 0.0005 0.1375 0.7561 0.1057 0.0001 0.0000 0.0000 0.0000 0.0000
0.0000 0.0000 0.0000 0.0004 0.1057 0.7971 0.0967 0.0001 0.0000 0.0000 0.0000
0.0000 0.0000 0.0000 0.0000 0.0001 0.0967 0.8149 0.0882 0.0000 0.0000 0.0000
0.0000 0.0000 0.0000 0.0000 0.0000 0.0001 0.0882 0.9009 0.0108 0.0000 0.0000
0.0000 0.0000 0.0000 0.0000 0.0000 0.0000 0.0000 0.0108 0.9892 0.0000 0.0000
0.0000 0.0000 0.0000 0.0000 0.0000 0.0000 0.0000 0.0000 0.0000 1.0000 0.0000
0.0000 0.0000 0.0000 0.0000 0.0000 0.0000 0.0000 0.0000 0.0000 0.0000 1.0000
#DG from neighbouring lambda in kcal/mol
0.0000 0.1000 8.7823 0.1644
0.1000 0.2000 5.7267 0.0776
0.2000 0.3000 4.7200 0.0688
0.3000 0.4000 3.7922 0.0659
0.4000 0.5000 2.7691 0.0785
0.5000 0.6000 1.3979 0.0831
0.6000 0.7000 1.4266 0.0880
0.7000 0.8000 6.2975 0.2747
0.8000 0.9000 5.3548 724.8097
0.9000 1.0000 -74.1792 652.3288
#PMF from MBAR in kcal/mol
0.0000 0.0000 0.0000
0.1000 8.7823 0.1644
0.2000 14.5089 0.1863
0.3000 19.2289 0.2026
0.4000 23.0211 0.2168
0.5000 25.7901 0.2340
0.6000 27.1881 0.2516
0.7000 28.6146 0.2696
0.8000 34.9122 0.3871
0.9000 40.2669 724.8098
1.0000 -33.9123 72.4811
#TI average gradients and standard deviation in kcal/mol
0.0000 115.3083 29.5554
0.1000 66.0952 20.3100
0.2000 51.4299 16.8221
0.3000 42.4387 17.0619
0.4000 34.2843 16.6026
0.5000 19.5838 19.3890
0.6000 9.2538 20.4978
0.7000 28.0238 22.6915
0.8000 91.3847 44.0699
0.9000 -59.0493 57.2809
1.0000 -4357.3894 1321.2676
#PMF from TI in kcal/mol
0.0000 0.0000
0.1000 9.0702
0.2000 14.9464
0.3000 19.6399
0.4000 23.4760
0.5000 26.1694
0.6000 27.6113
0.7000 29.4752
0.8000 35.4456
0.9000 37.0624
1.0000 -183.7596
#MBAR free energy difference in kcal/mol: 
-33.912296, 72.481148  #WARNING SUBSAMPLING DISABLED, CONSIDER RERUN WITH SUBSAMPLING OPTION
#TI free energy difference in kcal/mol: 
-183.759561  #WARNING SUBSAMPLING DISABLED, CONSIDER RERUN WITH SUBSAMPLING OPTION 
Starting /export/users/common/BioSimSpace/sire.app/bin/analyse_freenrg: number of threads equals 32
