# Analysing data contained in file(s) ['lambda_0.0000/simfile_snipped.dat', 'lambda_0.1000/simfile_snipped.dat', 'lambda_0.2000/simfile_snipped.dat', 'lambda_0.3000/simfile_snipped.dat', 'lambda_0.4000/simfile_snipped.dat', 'lambda_0.5000/simfile_snipped.dat', 'lambda_0.6000/simfile_snipped.dat', 'lambda_0.7000/simfile_snipped.dat', 'lambda_0.8000/simfile_snipped.dat', 'lambda_0.9000/simfile_snipped.dat', 'lambda_1.0000/simfile_snipped.dat']
#Overlap matrix
0.8866 0.1125 0.0009 0.0000 0.0000 0.0000 0.0000 0.0000 0.0000 0.0000 0.0000
0.1125 0.7500 0.1361 0.0014 0.0000 0.0000 0.0000 0.0000 0.0000 0.0000 0.0000
0.0009 0.1361 0.7137 0.1479 0.0014 0.0000 0.0000 0.0000 0.0000 0.0000 0.0000
0.0000 0.0014 0.1479 0.7469 0.1038 0.0001 0.0000 0.0000 0.0000 0.0000 0.0000
0.0000 0.0000 0.0014 0.1038 0.8760 0.0187 0.0000 0.0000 0.0000 0.0000 0.0000
0.0000 0.0000 0.0000 0.0001 0.0187 0.9639 0.0174 0.0000 0.0000 0.0000 0.0000
0.0000 0.0000 0.0000 0.0000 0.0000 0.0174 0.9751 0.0075 0.0000 0.0000 0.0000
0.0000 0.0000 0.0000 0.0000 0.0000 0.0000 0.0075 0.9884 0.0041 0.0000 0.0000
0.0000 0.0000 0.0000 0.0000 0.0000 0.0000 0.0000 0.0041 0.9921 0.0038 0.0000
0.0000 0.0000 0.0000 0.0000 0.0000 0.0000 0.0000 0.0000 0.0038 0.9925 0.0038
0.0000 0.0000 0.0000 0.0000 0.0000 0.0000 0.0000 0.0000 0.0000 0.0038 0.9962
#DG from neighbouring lambda in kcal/mol
0.0000 0.1000 -2.4407 0.0753
0.1000 0.2000 -4.8470 0.0659
0.2000 0.3000 -7.5096 0.0621
0.3000 0.4000 -7.9208 0.0789
0.4000 0.5000 -8.4918 0.2062
0.5000 0.6000 -6.5563 0.2148
0.6000 0.7000 -5.8182 0.3302
0.7000 0.8000 -4.2716 0.4460
0.8000 0.9000 -3.6013 0.4677
0.9000 1.0000 2.7829 0.4684
#PMF from MBAR in kcal/mol
0.0000 0.0000 0.0000
0.1000 -2.4407 0.0753
0.2000 -7.2877 0.1076
0.3000 -14.7973 0.1303
0.4000 -22.7181 0.1572
0.5000 -31.2099 0.2624
0.6000 -37.7662 0.3413
0.7000 -43.5844 0.4767
0.8000 -47.8561 0.6541
0.9000 -51.4573 0.8051
1.0000 -48.6745 0.9324
#TI average gradients and standard deviation in kcal/mol
0.0000 43.7577 1063.5900
0.1000 -36.4909 15.8741
0.2000 -63.3519 14.7449
0.3000 -84.5980 16.1552
0.4000 -68.0777 28.6036
0.5000 -89.4155 26.9944
0.6000 -50.4991 41.6052
0.7000 -51.0545 32.0292
0.8000 -46.4684 33.5642
0.9000 -18.0833 33.7386
1.0000 84.5308 35.8669
#PMF from TI in kcal/mol
0.0000 0.0000
0.1000 0.3633
0.2000 -4.6288
0.3000 -12.0263
0.4000 -19.6601
0.5000 -27.5347
0.6000 -34.5305
0.7000 -39.6081
0.8000 -44.4843
0.9000 -47.7119
1.0000 -44.3895
#MBAR free energy difference in kcal/mol: 
-48.674453, 0.932359  #WARNING SUBSAMPLING DISABLED, CONSIDER RERUN WITH SUBSAMPLING OPTION
#TI free energy difference in kcal/mol: 
-44.389490  #WARNING SUBSAMPLING DISABLED, CONSIDER RERUN WITH SUBSAMPLING OPTION 
Starting /export/users/common/BioSimSpace/sire.app/bin/analyse_freenrg: number of threads equals 32
