# Analysing data contained in file(s) ['lambda_0.0000/simfile_snipped.dat', 'lambda_0.1000/simfile_snipped.dat', 'lambda_0.2000/simfile_snipped.dat', 'lambda_0.3000/simfile_snipped.dat', 'lambda_0.4000/simfile_snipped.dat', 'lambda_0.5000/simfile_snipped.dat', 'lambda_0.6000/simfile_snipped.dat', 'lambda_0.7000/simfile_snipped.dat', 'lambda_0.8000/simfile_snipped.dat', 'lambda_0.9000/simfile_snipped.dat', 'lambda_1.0000/simfile_snipped.dat']
#Overlap matrix
0.8174 0.1804 0.0022 0.0000 0.0000 0.0000 0.0000 0.0000 0.0000 0.0000 0.0000
0.1804 0.6772 0.1421 0.0003 0.0000 0.0000 0.0000 0.0000 0.0000 0.0000 0.0000
0.0022 0.1421 0.7596 0.0956 0.0005 0.0000 0.0000 0.0000 0.0000 0.0000 0.0000
0.0000 0.0003 0.0956 0.7424 0.1590 0.0027 0.0000 0.0000 0.0000 0.0000 0.0000
0.0000 0.0000 0.0005 0.1590 0.6758 0.1588 0.0059 0.0000 0.0000 0.0000 0.0000
0.0000 0.0000 0.0000 0.0027 0.1588 0.6893 0.1492 0.0000 0.0000 0.0000 0.0000
0.0000 0.0000 0.0000 0.0000 0.0059 0.1492 0.8449 0.0000 0.0000 0.0000 0.0000
0.0000 0.0000 0.0000 0.0000 0.0000 0.0000 0.0000 0.9863 0.0137 0.0000 0.0000
0.0000 0.0000 0.0000 0.0000 0.0000 0.0000 0.0000 0.0137 0.9769 0.0095 0.0000
0.0000 0.0000 0.0000 0.0000 0.0000 0.0000 0.0000 0.0000 0.0095 0.9660 0.0245
0.0000 0.0000 0.0000 0.0000 0.0000 0.0000 0.0000 0.0000 0.0000 0.0245 0.9755
#DG from neighbouring lambda in kcal/mol
0.0000 0.1000 -0.3453 0.0537
0.1000 0.2000 -1.0283 0.0639
0.2000 0.3000 -3.5270 0.0834
0.3000 0.4000 -6.6037 0.0588
0.4000 0.5000 -8.2711 0.0575
0.5000 0.6000 -4.3595 0.0608
0.6000 0.7000 7.2237 26.4674
0.7000 0.8000 2.9179 0.2430
0.8000 0.9000 3.6958 0.2935
0.9000 1.0000 3.9688 0.1794
#PMF from MBAR in kcal/mol
0.0000 0.0000 0.0000
0.1000 -0.3453 0.0537
0.2000 -1.3736 0.0922
0.3000 -4.9007 0.1307
0.4000 -11.5043 0.1488
0.5000 -19.7754 0.1642
0.6000 -24.1349 0.1787
0.7000 -16.9111 26.4680
0.8000 -13.9932 26.4692
0.9000 -10.2974 26.4709
1.0000 -6.3286 26.4715
#TI average gradients and standard deviation in kcal/mol
0.0000 -8.2025 14.0139
0.1000 -5.1145 14.0772
0.2000 -18.8262 17.3509
0.3000 -52.8198 17.2386
0.4000 -76.7166 14.0437
0.5000 -81.6116 13.9652
0.6000 25.3154 23.9316
0.7000 22.2278 28.0566
0.8000 38.4682 31.1127
0.9000 36.8959 29.8909
1.0000 50.0643 26.9236
#PMF from TI in kcal/mol
0.0000 0.0000
0.1000 -0.6658
0.2000 -1.8629
0.3000 -5.4452
0.4000 -11.9220
0.5000 -19.8384
0.6000 -22.6532
0.7000 -20.2761
0.8000 -17.2413
0.9000 -13.4731
1.0000 -9.1251
#MBAR free energy difference in kcal/mol: 
-6.328566, 26.471492  #WARNING SUBSAMPLING DISABLED, CONSIDER RERUN WITH SUBSAMPLING OPTION
#TI free energy difference in kcal/mol: 
-9.125056  #WARNING SUBSAMPLING DISABLED, CONSIDER RERUN WITH SUBSAMPLING OPTION 
Starting /export/users/common/BioSimSpace/sire.app/bin/analyse_freenrg: number of threads equals 32
