# Analysing data contained in file(s) ['lambda_0.0000/simfile_snipped.dat', 'lambda_0.1000/simfile_snipped.dat', 'lambda_0.2000/simfile_snipped.dat', 'lambda_0.3000/simfile_snipped.dat', 'lambda_0.4000/simfile_snipped.dat', 'lambda_0.5000/simfile_snipped.dat', 'lambda_0.6000/simfile_snipped.dat', 'lambda_0.7000/simfile_snipped.dat', 'lambda_0.8000/simfile_snipped.dat', 'lambda_0.9000/simfile_snipped.dat', 'lambda_1.0000/simfile_snipped.dat']
#Overlap matrix
0.9918 0.0082 0.0000 0.0000 0.0000 0.0000 0.0000 0.0000 0.0000 0.0000 0.0000
0.0082 0.9876 0.0042 0.0000 0.0000 0.0000 0.0000 0.0000 0.0000 0.0000 0.0000
0.0000 0.0042 0.9941 0.0017 0.0000 0.0000 0.0000 0.0000 0.0000 0.0000 0.0000
0.0000 0.0000 0.0017 0.9983 0.0000 0.0000 0.0000 0.0000 0.0000 0.0000 0.0000
0.0000 0.0000 0.0000 0.0000 0.9999 0.0001 0.0000 0.0000 0.0000 0.0000 0.0000
0.0000 0.0000 0.0000 0.0000 0.0001 0.9999 0.0000 0.0000 0.0000 0.0000 0.0000
0.0000 0.0000 0.0000 0.0000 0.0000 0.0000 0.9251 0.0749 0.0000 0.0000 0.0000
0.0000 0.0000 0.0000 0.0000 0.0000 0.0000 0.0749 0.8660 0.0591 0.0000 0.0000
0.0000 0.0000 0.0000 0.0000 0.0000 0.0000 0.0000 0.0591 0.8949 0.0460 0.0000
0.0000 0.0000 0.0000 0.0000 0.0000 0.0000 0.0000 0.0000 0.0460 0.9307 0.0233
0.0000 0.0000 0.0000 0.0000 0.0000 0.0000 0.0000 0.0000 0.0000 0.0233 0.9767
#DG from neighbouring lambda in kcal/mol
0.0000 0.1000 10.5280 0.3159
0.1000 0.2000 8.2499 0.4433
0.2000 0.3000 5.8425 0.6888
0.3000 0.4000 -20.9519 18.7602
0.4000 0.5000 -1.1839 3.3290
0.5000 0.6000 4.6424 25.9461
0.6000 0.7000 16.4620 0.0971
0.7000 0.8000 12.9362 0.1113
0.8000 0.9000 5.9510 0.1281
0.9000 1.0000 -2.2182 0.1842
#PMF from MBAR in kcal/mol
0.0000 0.0000 0.0000
0.1000 10.5280 0.3159
0.2000 18.7779 0.5459
0.3000 24.6204 0.8798
0.4000 3.6686 18.7552
0.5000 2.4847 18.5429
0.6000 7.1271 7.4381
0.7000 23.5891 7.4380
0.8000 36.5253 7.4381
0.9000 42.4764 7.4386
1.0000 40.2581 7.4403
#TI average gradients and standard deviation in kcal/mol
0.0000 105.3221 29.5582
0.1000 94.4102 35.5873
0.2000 64.8844 41.0203
0.3000 40.3151 44.8503
0.4000 -115.0059 52.5878
0.5000 63.1181 45.1558
0.6000 126.2630 20.9724
0.7000 160.9926 24.4883
0.8000 96.6145 25.0080
0.9000 20.3141 25.9831
1.0000 -33.9925 44.6237
#PMF from TI in kcal/mol
0.0000 0.0000
0.1000 9.9866
0.2000 17.9513
0.3000 23.2113
0.4000 19.4768
0.5000 16.8824
0.6000 26.3514
0.7000 40.7142
0.8000 53.5946
0.9000 59.4410
1.0000 58.7571
#MBAR free energy difference in kcal/mol: 
40.258148, 7.440321  #WARNING SUBSAMPLING DISABLED, CONSIDER RERUN WITH SUBSAMPLING OPTION
#TI free energy difference in kcal/mol: 
58.757092  #WARNING SUBSAMPLING DISABLED, CONSIDER RERUN WITH SUBSAMPLING OPTION 
Starting /export/users/common/BioSimSpace/sire.app/bin/analyse_freenrg: number of threads equals 32
