# Analysing data contained in file(s) ['lambda_0.0000/simfile_snipped.dat', 'lambda_0.1000/simfile_snipped.dat', 'lambda_0.2000/simfile_snipped.dat', 'lambda_0.3000/simfile_snipped.dat', 'lambda_0.4000/simfile_snipped.dat', 'lambda_0.5000/simfile_snipped.dat', 'lambda_0.6000/simfile_snipped.dat', 'lambda_0.7000/simfile_snipped.dat', 'lambda_0.8000/simfile_snipped.dat', 'lambda_0.9000/simfile_snipped.dat', 'lambda_1.0000/simfile_snipped.dat']
#Overlap matrix
0.9286 0.0714 0.0000 0.0000 0.0000 0.0000 0.0000 0.0000 0.0000 0.0000 0.0000
0.0714 0.8534 0.0752 0.0000 0.0000 0.0000 0.0000 0.0000 0.0000 0.0000 0.0000
0.0000 0.0752 0.8421 0.0826 0.0000 0.0000 0.0000 0.0000 0.0000 0.0000 0.0000
0.0000 0.0000 0.0826 0.8318 0.0855 0.0001 0.0000 0.0000 0.0000 0.0000 0.0000
0.0000 0.0000 0.0000 0.0855 0.8093 0.1051 0.0001 0.0000 0.0000 0.0000 0.0000
0.0000 0.0000 0.0000 0.0001 0.1051 0.7945 0.1001 0.0002 0.0000 0.0000 0.0000
0.0000 0.0000 0.0000 0.0000 0.0001 0.1001 0.7761 0.1231 0.0005 0.0000 0.0000
0.0000 0.0000 0.0000 0.0000 0.0000 0.0002 0.1231 0.7494 0.1265 0.0008 0.0000
0.0000 0.0000 0.0000 0.0000 0.0000 0.0000 0.0005 0.1265 0.7252 0.1463 0.0015
0.0000 0.0000 0.0000 0.0000 0.0000 0.0000 0.0000 0.0008 0.1463 0.6858 0.1671
0.0000 0.0000 0.0000 0.0000 0.0000 0.0000 0.0000 0.0000 0.0015 0.1671 0.8314
#DG from neighbouring lambda in kcal/mol
0.0000 0.1000 -0.2506 0.0999
0.1000 0.2000 -0.0123 0.0968
0.2000 0.3000 0.0059 0.0916
0.3000 0.4000 -0.0578 0.0897
0.4000 0.5000 -0.0993 0.0789
0.5000 0.6000 -0.1104 0.0813
0.6000 0.7000 -0.2182 0.0710
0.7000 0.8000 -0.1840 0.0696
0.8000 0.9000 -0.2594 0.0627
0.9000 1.0000 -0.2668 0.0571
#PMF from MBAR in kcal/mol
0.0000 0.0000 0.0000
0.1000 -0.2506 0.0999
0.2000 -0.2629 0.1449
0.3000 -0.2570 0.1762
0.4000 -0.3148 0.2018
0.5000 -0.4141 0.2205
0.6000 -0.5245 0.2384
0.7000 -0.7427 0.2520
0.8000 -0.9268 0.2645
0.9000 -1.1862 0.2748
1.0000 -1.4529 0.2834
#TI average gradients and standard deviation in kcal/mol
0.0000 -3.4159 20.5054
0.1000 -0.4556 19.7297
0.2000 -0.3344 19.8084
0.3000 0.6809 18.5185
0.4000 -1.4996 18.2287
0.5000 0.1135 17.8688
0.6000 -2.2650 16.7042
0.7000 -1.3797 16.3994
0.8000 -2.4057 15.6620
0.9000 -3.0862 15.3364
1.0000 -2.1706 13.7245
#PMF from TI in kcal/mol
0.0000 0.0000
0.1000 -0.1936
0.2000 -0.2331
0.3000 -0.2157
0.4000 -0.2567
0.5000 -0.3260
0.6000 -0.4336
0.7000 -0.6158
0.8000 -0.8051
0.9000 -1.0796
1.0000 -1.3425
#MBAR free energy difference in kcal/mol: 
-1.452918, 0.283416  #WARNING SUBSAMPLING DISABLED, CONSIDER RERUN WITH SUBSAMPLING OPTION
#TI free energy difference in kcal/mol: 
-1.342484  #WARNING SUBSAMPLING DISABLED, CONSIDER RERUN WITH SUBSAMPLING OPTION 
Starting /export/users/common/BioSimSpace/sire.app/bin/analyse_freenrg: number of threads equals 32
