# Analysing data contained in file(s) ['lambda_0.0000/simfile_snipped.dat', 'lambda_0.1000/simfile_snipped.dat', 'lambda_0.2000/simfile_snipped.dat', 'lambda_0.3000/simfile_snipped.dat', 'lambda_0.4000/simfile_snipped.dat', 'lambda_0.5000/simfile_snipped.dat', 'lambda_0.6000/simfile_snipped.dat', 'lambda_0.7000/simfile_snipped.dat', 'lambda_0.8000/simfile_snipped.dat', 'lambda_0.9000/simfile_snipped.dat', 'lambda_1.0000/simfile_snipped.dat']
#Overlap matrix
0.9997 0.0003 0.0000 0.0000 0.0000 0.0000 0.0000 0.0000 0.0000 0.0000 0.0000
0.0003 0.9981 0.0016 0.0000 0.0000 0.0000 0.0000 0.0000 0.0000 0.0000 0.0000
0.0000 0.0016 0.9984 0.0000 0.0000 0.0000 0.0000 0.0000 0.0000 0.0000 0.0000
0.0000 0.0000 0.0000 1.0000 0.0000 0.0000 0.0000 0.0000 0.0000 0.0000 0.0000
0.0000 0.0000 0.0000 0.0000 0.9952 0.0048 0.0000 0.0000 0.0000 0.0000 0.0000
0.0000 0.0000 0.0000 0.0000 0.0048 0.9952 0.0000 0.0000 0.0000 0.0000 0.0000
0.0000 0.0000 0.0000 0.0000 0.0000 0.0000 0.9795 0.0205 0.0000 0.0000 0.0000
0.0000 0.0000 0.0000 0.0000 0.0000 0.0000 0.0205 0.9601 0.0194 0.0000 0.0000
0.0000 0.0000 0.0000 0.0000 0.0000 0.0000 0.0000 0.0194 0.9325 0.0481 0.0000
0.0000 0.0000 0.0000 0.0000 0.0000 0.0000 0.0000 0.0000 0.0481 0.9493 0.0026
0.0000 0.0000 0.0000 0.0000 0.0000 0.0000 0.0000 0.0000 0.0000 0.0026 0.9974
#DG from neighbouring lambda in kcal/mol
0.0000 0.1000 -8.5473 1.7298
0.1000 0.2000 -5.6414 0.7155
0.2000 0.3000 -12.3962 79.0969
0.3000 0.4000 -20.4682 147.2553
0.4000 0.5000 0.7688 0.4138
0.5000 0.6000 -3.4557 188.6859
0.6000 0.7000 7.6760 0.1971
0.7000 0.8000 9.5501 0.2030
0.8000 0.9000 5.4121 0.1249
0.9000 1.0000 -1.6440 0.5627
#PMF from MBAR in kcal/mol
0.0000 0.0000 0.0000
0.1000 -8.5473 1.7298
0.2000 -14.1887 1.8724
0.3000 -26.5849 79.1191
0.4000 -47.0531 136.2258
0.5000 -46.2843 136.2253
0.6000 -49.7400 57.4384
0.7000 -42.0640 57.4384
0.8000 -32.5139 57.4384
0.9000 -27.1018 57.4385
1.0000 -28.7458 57.4405
#TI average gradients and standard deviation in kcal/mol
0.0000 -112.3112 40.6701
0.1000 -58.4935 39.5514
0.2000 -76.3743 49.8803
0.3000 -102.7759 52.5438
0.4000 -96.5937 40.9617
0.5000 54.7097 32.0994
0.6000 29.7171 25.5284
0.7000 108.1950 21.5959
0.8000 67.8685 29.3282
0.9000 33.9807 26.9630
1.0000 -38.3973 26.2209
#PMF from TI in kcal/mol
0.0000 0.0000
0.1000 -8.5402
0.2000 -15.2836
0.3000 -24.2411
0.4000 -34.2096
0.5000 -36.3038
0.6000 -32.0825
0.7000 -25.1869
0.8000 -16.3837
0.9000 -11.2912
1.0000 -11.5121
#MBAR free energy difference in kcal/mol: 
-28.745751, 57.440476  #WARNING SUBSAMPLING DISABLED, CONSIDER RERUN WITH SUBSAMPLING OPTION
#TI free energy difference in kcal/mol: 
-11.512054  #WARNING SUBSAMPLING DISABLED, CONSIDER RERUN WITH SUBSAMPLING OPTION 
Starting /export/users/common/BioSimSpace/sire.app/bin/analyse_freenrg: number of threads equals 32
