# Analysing data contained in file(s) ['lambda_0.0000/simfile_snipped.dat', 'lambda_0.1000/simfile_snipped.dat', 'lambda_0.2000/simfile_snipped.dat', 'lambda_0.3000/simfile_snipped.dat', 'lambda_0.4000/simfile_snipped.dat', 'lambda_0.5000/simfile_snipped.dat', 'lambda_0.6000/simfile_snipped.dat', 'lambda_0.7000/simfile_snipped.dat', 'lambda_0.8000/simfile_snipped.dat', 'lambda_0.9000/simfile_snipped.dat', 'lambda_1.0000/simfile_snipped.dat']
#Overlap matrix
0.9741 0.0259 0.0000 0.0000 0.0000 0.0000 0.0000 0.0000 0.0000 0.0000 0.0000
0.0259 0.9399 0.0341 0.0000 0.0000 0.0000 0.0000 0.0000 0.0000 0.0000 0.0000
0.0000 0.0341 0.9040 0.0619 0.0000 0.0000 0.0000 0.0000 0.0000 0.0000 0.0000
0.0000 0.0000 0.0619 0.8515 0.0867 0.0000 0.0000 0.0000 0.0000 0.0000 0.0000
0.0000 0.0000 0.0000 0.0867 0.8495 0.0638 0.0000 0.0000 0.0000 0.0000 0.0000
0.0000 0.0000 0.0000 0.0000 0.0638 0.9060 0.0301 0.0000 0.0000 0.0000 0.0000
0.0000 0.0000 0.0000 0.0000 0.0000 0.0301 0.9698 0.0000 0.0000 0.0000 0.0000
0.0000 0.0000 0.0000 0.0000 0.0000 0.0000 0.0000 0.9992 0.0008 0.0000 0.0000
0.0000 0.0000 0.0000 0.0000 0.0000 0.0000 0.0000 0.0008 0.9981 0.0011 0.0000
0.0000 0.0000 0.0000 0.0000 0.0000 0.0000 0.0000 0.0000 0.0011 0.9926 0.0063
0.0000 0.0000 0.0000 0.0000 0.0000 0.0000 0.0000 0.0000 0.0000 0.0063 0.9937
#DG from neighbouring lambda in kcal/mol
0.0000 0.1000 27.2121 0.1742
0.1000 0.2000 22.6391 0.1506
0.2000 0.3000 17.4841 0.1085
0.3000 0.4000 12.1923 0.0890
0.4000 0.5000 8.7229 0.1065
0.5000 0.6000 13.2538 0.1608
0.6000 0.7000 28.7869 3374.4095
0.7000 0.8000 18.3669 1.0462
0.8000 0.9000 14.0141 0.8640
0.9000 1.0000 11.6725 0.3611
#PMF from MBAR in kcal/mol
0.0000 0.0000 0.0000
0.1000 27.2121 0.1742
0.2000 49.8512 0.2338
0.3000 67.3353 0.2610
0.4000 79.5275 0.2787
0.5000 88.2504 0.3011
0.6000 101.5043 0.3438
0.7000 130.2912 3374.4095
0.8000 148.6581 3374.4096
0.9000 162.6723 3374.4098
1.0000 174.3448 3374.4098
#TI average gradients and standard deviation in kcal/mol
0.0000 288.6320 27.0920
0.1000 252.1201 21.9717
0.2000 199.6154 19.7765
0.3000 147.2753 19.9635
0.4000 101.6368 18.0302
0.5000 83.3070 20.7251
0.6000 217.3407 38.5824
0.7000 174.7712 39.1733
0.8000 155.8314 39.1504
0.9000 119.4660 35.3015
1.0000 121.6609 31.1358
#PMF from TI in kcal/mol
0.0000 0.0000
0.1000 27.0376
0.2000 49.6244
0.3000 66.9689
0.4000 79.4145
0.5000 88.6617
0.6000 103.6941
0.7000 123.2997
0.8000 139.8298
0.9000 153.5947
1.0000 165.6510
#MBAR free energy difference in kcal/mol: 
174.344792, 3374.409773  #WARNING SUBSAMPLING DISABLED, CONSIDER RERUN WITH SUBSAMPLING OPTION
#TI free energy difference in kcal/mol: 
165.651034  #WARNING SUBSAMPLING DISABLED, CONSIDER RERUN WITH SUBSAMPLING OPTION 
Starting /export/users/common/BioSimSpace/sire.app/bin/analyse_freenrg: number of threads equals 32
