# Analysing data contained in file(s) ['lambda_0.0000/simfile_snipped.dat', 'lambda_0.1000/simfile_snipped.dat', 'lambda_0.2000/simfile_snipped.dat', 'lambda_0.3000/simfile_snipped.dat', 'lambda_0.4000/simfile_snipped.dat', 'lambda_0.5000/simfile_snipped.dat', 'lambda_0.6000/simfile_snipped.dat', 'lambda_0.7000/simfile_snipped.dat', 'lambda_0.8000/simfile_snipped.dat', 'lambda_0.9000/simfile_snipped.dat', 'lambda_1.0000/simfile_snipped.dat']
#Overlap matrix
0.9442 0.0558 0.0000 0.0000 0.0000 0.0000 0.0000 0.0000 0.0000 0.0000 0.0000
0.0558 0.8805 0.0637 0.0000 0.0000 0.0000 0.0000 0.0000 0.0000 0.0000 0.0000
0.0000 0.0637 0.8709 0.0653 0.0000 0.0000 0.0000 0.0000 0.0000 0.0000 0.0000
0.0000 0.0000 0.0653 0.8607 0.0739 0.0000 0.0000 0.0000 0.0000 0.0000 0.0000
0.0000 0.0000 0.0000 0.0739 0.8440 0.0820 0.0000 0.0000 0.0000 0.0000 0.0000
0.0000 0.0000 0.0000 0.0000 0.0820 0.9063 0.0116 0.0000 0.0000 0.0000 0.0000
0.0000 0.0000 0.0000 0.0000 0.0000 0.0116 0.9883 0.0000 0.0000 0.0000 0.0000
0.0000 0.0000 0.0000 0.0000 0.0000 0.0000 0.0000 1.0000 0.0000 0.0000 0.0000
0.0000 0.0000 0.0000 0.0000 0.0000 0.0000 0.0000 0.0000 0.9999 0.0001 0.0000
0.0000 0.0000 0.0000 0.0000 0.0000 0.0000 0.0000 0.0000 0.0001 0.9999 0.0000
0.0000 0.0000 0.0000 0.0000 0.0000 0.0000 0.0000 0.0000 0.0000 0.0000 1.0000
#DG from neighbouring lambda in kcal/mol
0.0000 0.1000 6.0703 0.1150
0.1000 0.2000 -0.0692 0.1066
0.2000 0.3000 -7.1332 0.1051
0.3000 0.4000 -14.2617 0.0978
0.4000 0.5000 -18.3031 0.0920
0.5000 0.6000 -12.6617 0.2636
0.6000 0.7000 -3.1563 80.3875
0.7000 0.8000 -4.1714 10.5411
0.8000 0.9000 -4.8562 3.3579
0.9000 1.0000 1.7099 13.5675
#PMF from MBAR in kcal/mol
0.0000 0.0000 0.0000
0.1000 6.0703 0.1150
0.2000 6.0011 0.1620
0.3000 -1.1321 0.1974
0.4000 -15.3938 0.2240
0.5000 -33.6969 0.2455
0.6000 -46.3586 0.3624
0.7000 -49.5149 80.3883
0.8000 -53.6863 81.0765
0.9000 -58.5425 81.1460
1.0000 -56.8326 82.2724
#TI average gradients and standard deviation in kcal/mol
0.0000 79.8218 24.2120
0.1000 29.9941 21.3105
0.2000 -35.7447 22.1704
0.3000 -106.9586 21.3137
0.4000 -171.8908 19.3499
0.5000 -175.5692 21.2262
0.6000 -70.1512 43.3365
0.7000 -55.1505 46.8851
0.8000 -43.0827 46.0820
0.9000 -34.6886 42.5442
1.0000 36.0523 46.3977
#PMF from TI in kcal/mol
0.0000 0.0000
0.1000 5.4908
0.2000 5.2033
0.3000 -1.9319
0.4000 -15.8744
0.5000 -33.2474
0.6000 -45.5334
0.7000 -51.7985
0.8000 -56.7101
0.9000 -60.5987
1.0000 -60.5305
#MBAR free energy difference in kcal/mol: 
-56.832558, 82.272393  #WARNING SUBSAMPLING DISABLED, CONSIDER RERUN WITH SUBSAMPLING OPTION
#TI free energy difference in kcal/mol: 
-60.530501  #WARNING SUBSAMPLING DISABLED, CONSIDER RERUN WITH SUBSAMPLING OPTION 
Starting /export/users/common/BioSimSpace/sire.app/bin/analyse_freenrg: number of threads equals 32
