# Analysing data contained in file(s) ['lambda_0.0000/simfile_snipped.dat', 'lambda_0.1000/simfile_snipped.dat', 'lambda_0.2000/simfile_snipped.dat', 'lambda_0.3000/simfile_snipped.dat', 'lambda_0.4000/simfile_snipped.dat', 'lambda_0.5000/simfile_snipped.dat', 'lambda_0.6000/simfile_snipped.dat', 'lambda_0.7000/simfile_snipped.dat', 'lambda_0.8000/simfile_snipped.dat', 'lambda_0.9000/simfile_snipped.dat', 'lambda_1.0000/simfile_snipped.dat']
#Overlap matrix
0.9997 0.0003 0.0000 0.0000 0.0000 0.0000 0.0000 0.0000 0.0000 0.0000 0.0000
0.0003 0.9992 0.0005 0.0000 0.0000 0.0000 0.0000 0.0000 0.0000 0.0000 0.0000
0.0000 0.0005 0.9995 0.0001 0.0000 0.0000 0.0000 0.0000 0.0000 0.0000 0.0000
0.0000 0.0000 0.0001 0.9999 0.0000 0.0000 0.0000 0.0000 0.0000 0.0000 0.0000
0.0000 0.0000 0.0000 0.0000 0.9953 0.0047 0.0000 0.0000 0.0000 0.0000 0.0000
0.0000 0.0000 0.0000 0.0000 0.0047 0.9819 0.0134 0.0000 0.0000 0.0000 0.0000
0.0000 0.0000 0.0000 0.0000 0.0000 0.0134 0.9486 0.0381 0.0000 0.0000 0.0000
0.0000 0.0000 0.0000 0.0000 0.0000 0.0000 0.0381 0.9129 0.0491 0.0000 0.0000
0.0000 0.0000 0.0000 0.0000 0.0000 0.0000 0.0000 0.0491 0.9095 0.0415 0.0000
0.0000 0.0000 0.0000 0.0000 0.0000 0.0000 0.0000 0.0000 0.0415 0.8587 0.0999
0.0000 0.0000 0.0000 0.0000 0.0000 0.0000 0.0000 0.0000 0.0000 0.0999 0.9001
#DG from neighbouring lambda in kcal/mol
0.0000 0.1000 0.2561 1.5995
0.1000 0.2000 1.9683 1.3163
0.2000 0.3000 1.0155 4.0631
0.3000 0.4000 -16.9879 3.1704
0.4000 0.5000 6.5291 0.4163
0.5000 0.6000 13.0239 0.2459
0.6000 0.7000 14.1724 0.1420
0.7000 0.8000 10.2114 0.1236
0.8000 0.9000 5.3957 0.1355
0.9000 1.0000 0.9301 0.0816
#PMF from MBAR in kcal/mol
0.0000 0.0000 0.0000
0.1000 0.2561 1.5995
0.2000 2.2243 2.0719
0.3000 3.2398 4.5610
0.4000 -13.7480 1.7540
0.5000 -7.2189 1.7180
0.6000 5.8050 1.7102
0.7000 19.9773 1.7093
0.8000 30.1887 1.7100
0.9000 35.5843 1.7125
1.0000 36.5144 1.7142
#TI average gradients and standard deviation in kcal/mol
0.0000 -35.0410 41.2460
0.1000 21.5793 40.7880
0.2000 11.6869 47.9751
0.3000 -2.8519 45.9813
0.4000 -35.9908 39.0648
0.5000 118.4834 35.2222
0.6000 142.0785 25.3945
0.7000 126.5178 23.7441
0.8000 80.4726 21.5161
0.9000 25.1418 22.2695
1.0000 17.9646 16.5255
#PMF from TI in kcal/mol
0.0000 0.0000
0.1000 -0.6731
0.2000 0.9902
0.3000 1.4320
0.4000 -0.5102
0.5000 3.6145
0.6000 16.6426
0.7000 30.0724
0.8000 40.4219
0.9000 45.7026
1.0000 47.8579
#MBAR free energy difference in kcal/mol: 
36.514425, 1.714247  #WARNING SUBSAMPLING DISABLED, CONSIDER RERUN WITH SUBSAMPLING OPTION
#TI free energy difference in kcal/mol: 
47.857937  #WARNING SUBSAMPLING DISABLED, CONSIDER RERUN WITH SUBSAMPLING OPTION 
Starting /export/users/common/BioSimSpace/sire.app/bin/analyse_freenrg: number of threads equals 32
