# Analysing data contained in file(s) ['lambda_0.0000/simfile_snipped.dat', 'lambda_0.1000/simfile_snipped.dat', 'lambda_0.2000/simfile_snipped.dat', 'lambda_0.3000/simfile_snipped.dat', 'lambda_0.4000/simfile_snipped.dat', 'lambda_0.5000/simfile_snipped.dat', 'lambda_0.6000/simfile_snipped.dat', 'lambda_0.7000/simfile_snipped.dat', 'lambda_0.8000/simfile_snipped.dat', 'lambda_0.9000/simfile_snipped.dat', 'lambda_1.0000/simfile_snipped.dat']
#Overlap matrix
0.9910 0.0090 0.0000 0.0000 0.0000 0.0000 0.0000 0.0000 0.0000 0.0000 0.0000
0.0090 0.9849 0.0061 0.0000 0.0000 0.0000 0.0000 0.0000 0.0000 0.0000 0.0000
0.0000 0.0061 0.9808 0.0131 0.0000 0.0000 0.0000 0.0000 0.0000 0.0000 0.0000
0.0000 0.0000 0.0131 0.9869 0.0000 0.0000 0.0000 0.0000 0.0000 0.0000 0.0000
0.0000 0.0000 0.0000 0.0000 0.8787 0.1204 0.0009 0.0000 0.0000 0.0000 0.0000
0.0000 0.0000 0.0000 0.0000 0.1204 0.7713 0.1082 0.0001 0.0000 0.0000 0.0000
0.0000 0.0000 0.0000 0.0000 0.0009 0.1082 0.7853 0.1054 0.0002 0.0000 0.0000
0.0000 0.0000 0.0000 0.0000 0.0000 0.0001 0.1054 0.7936 0.1007 0.0002 0.0000
0.0000 0.0000 0.0000 0.0000 0.0000 0.0000 0.0002 0.1007 0.7842 0.1145 0.0004
0.0000 0.0000 0.0000 0.0000 0.0000 0.0000 0.0000 0.0002 0.1145 0.7511 0.1342
0.0000 0.0000 0.0000 0.0000 0.0000 0.0000 0.0000 0.0000 0.0004 0.1342 0.8654
#DG from neighbouring lambda in kcal/mol
0.0000 0.1000 -1.4971 0.3004
0.1000 0.2000 0.5176 0.3664
0.2000 0.3000 1.6770 0.2484
0.3000 0.4000 -5.2811 6.9157
0.4000 0.5000 8.7110 0.0720
0.5000 0.6000 10.8700 0.0771
0.6000 0.7000 7.8555 0.0787
0.7000 0.8000 4.9484 0.0810
0.8000 0.9000 2.7995 0.0745
0.9000 1.0000 1.6304 0.0671
#PMF from MBAR in kcal/mol
0.0000 0.0000 0.0000
0.1000 -1.4971 0.3004
0.2000 -0.9795 0.4755
0.3000 0.6975 0.5380
0.4000 -4.5836 6.9367
0.5000 4.1274 6.9372
0.6000 14.9974 6.9377
0.7000 22.8529 6.9383
0.8000 27.8014 6.9389
0.9000 30.6008 6.9394
1.0000 32.2313 6.9398
#TI average gradients and standard deviation in kcal/mol
0.0000 -31.0128 32.0974
0.1000 1.4947 32.2788
0.2000 3.4265 32.1224
0.3000 32.1750 35.6025
0.4000 30.7400 21.1074
0.5000 114.2524 17.7675
0.6000 95.6885 19.0914
0.7000 63.5613 18.3440
0.8000 37.2770 17.9794
0.9000 19.9782 17.7529
1.0000 25.8415 16.1685
#PMF from TI in kcal/mol
0.0000 0.0000
0.1000 -1.4759
0.2000 -1.2298
0.3000 0.5502
0.4000 3.6960
0.5000 10.9456
0.6000 21.4426
0.7000 29.4051
0.8000 34.4470
0.9000 37.3098
1.0000 39.6008
#MBAR free energy difference in kcal/mol: 
32.231261, 6.939813  #WARNING SUBSAMPLING DISABLED, CONSIDER RERUN WITH SUBSAMPLING OPTION
#TI free energy difference in kcal/mol: 
39.600787  #WARNING SUBSAMPLING DISABLED, CONSIDER RERUN WITH SUBSAMPLING OPTION 
Starting /export/users/common/BioSimSpace/sire.app/bin/analyse_freenrg: number of threads equals 32
