# Analysing data contained in file(s) ['lambda_0.0000/simfile_snipped.dat', 'lambda_0.1000/simfile_snipped.dat', 'lambda_0.2000/simfile_snipped.dat', 'lambda_0.3000/simfile_snipped.dat', 'lambda_0.4000/simfile_snipped.dat', 'lambda_0.5000/simfile_snipped.dat', 'lambda_0.6000/simfile_snipped.dat', 'lambda_0.7000/simfile_snipped.dat', 'lambda_0.8000/simfile_snipped.dat', 'lambda_0.9000/simfile_snipped.dat', 'lambda_1.0000/simfile_snipped.dat']
#Overlap matrix
1.0000 0.0000 0.0000 0.0000 0.0000 0.0000 0.0000 0.0000 0.0000 0.0000 0.0000
0.0000 0.9999 0.0001 0.0000 0.0000 0.0000 0.0000 0.0000 0.0000 0.0000 0.0000
0.0000 0.0001 0.9702 0.0297 0.0000 0.0000 0.0000 0.0000 0.0000 0.0000 0.0000
0.0000 0.0000 0.0297 0.8971 0.0731 0.0001 0.0000 0.0000 0.0000 0.0000 0.0000
0.0000 0.0000 0.0000 0.0731 0.8211 0.1056 0.0002 0.0000 0.0000 0.0000 0.0000
0.0000 0.0000 0.0000 0.0001 0.1056 0.7863 0.1077 0.0004 0.0000 0.0000 0.0000
0.0000 0.0000 0.0000 0.0000 0.0002 0.1077 0.7708 0.1208 0.0005 0.0000 0.0000
0.0000 0.0000 0.0000 0.0000 0.0000 0.0004 0.1208 0.7540 0.1247 0.0002 0.0000
0.0000 0.0000 0.0000 0.0000 0.0000 0.0000 0.0005 0.1247 0.7823 0.0925 0.0000
0.0000 0.0000 0.0000 0.0000 0.0000 0.0000 0.0000 0.0002 0.0925 0.9052 0.0022
0.0000 0.0000 0.0000 0.0000 0.0000 0.0000 0.0000 0.0000 0.0000 0.0022 0.9978
#DG from neighbouring lambda in kcal/mol
0.0000 0.1000 60.7227 2.7567
0.1000 0.2000 -0.8346 3.0561
0.2000 0.3000 -13.3718 0.1621
0.3000 0.4000 -15.8527 0.0984
0.4000 0.5000 -16.8270 0.0786
0.5000 0.6000 -17.4560 0.0775
0.6000 0.7000 -17.7137 0.0719
0.7000 0.8000 -17.8257 0.0704
0.8000 0.9000 -18.3031 0.0854
0.9000 1.0000 -23.0457 0.6163
#PMF from MBAR in kcal/mol
0.0000 0.0000 0.0000
0.1000 60.7227 2.7567
0.2000 59.8881 0.3559
0.3000 46.5163 0.3315
0.4000 30.6636 0.3246
0.5000 13.8366 0.3222
0.6000 -3.6194 0.3222
0.7000 -21.3331 0.3243
0.8000 -39.1588 0.3283
0.9000 -57.4619 0.3364
1.0000 -80.5077 0.6468
#TI average gradients and standard deviation in kcal/mol
0.0000 3029.6868 99.4558
0.1000 128.1220 60.7676
0.2000 -107.7543 30.4639
0.3000 -150.4466 21.7038
0.4000 -165.4478 19.4643
0.5000 -171.2549 18.0841
0.6000 -176.3120 17.2508
0.7000 -177.4300 15.7539
0.8000 -180.0735 16.3679
0.9000 -188.5665 20.4967
1.0000 -455.6620 126.0242
#PMF from TI in kcal/mol
0.0000 0.0000
0.1000 157.8904
0.2000 158.9088
0.3000 145.9988
0.4000 130.2041
0.5000 113.3689
0.6000 95.9906
0.7000 78.3035
0.8000 60.4283
0.9000 41.9963
1.0000 9.7849
#MBAR free energy difference in kcal/mol: 
-80.507664, 0.646837  #WARNING SUBSAMPLING DISABLED, CONSIDER RERUN WITH SUBSAMPLING OPTION
#TI free energy difference in kcal/mol: 
9.784880  #WARNING SUBSAMPLING DISABLED, CONSIDER RERUN WITH SUBSAMPLING OPTION 
Starting /export/users/common/BioSimSpace/sire.app/bin/analyse_freenrg: number of threads equals 32
