# Analysing data contained in file(s) ['lambda_0.0000/simfile_snipped.dat', 'lambda_0.1000/simfile_snipped.dat', 'lambda_0.2000/simfile_snipped.dat', 'lambda_0.3000/simfile_snipped.dat', 'lambda_0.4000/simfile_snipped.dat', 'lambda_0.5000/simfile_snipped.dat', 'lambda_0.6000/simfile_snipped.dat', 'lambda_0.7000/simfile_snipped.dat', 'lambda_0.8000/simfile_snipped.dat', 'lambda_0.9000/simfile_snipped.dat', 'lambda_1.0000/simfile_snipped.dat']
#Overlap matrix
1.0000 0.0000 0.0000 0.0000 0.0000 0.0000 0.0000 0.0000 0.0000 0.0000 0.0000
0.0000 0.9680 0.0320 0.0000 0.0000 0.0000 0.0000 0.0000 0.0000 0.0000 0.0000
0.0000 0.0320 0.8480 0.1195 0.0005 0.0000 0.0000 0.0000 0.0000 0.0000 0.0000
0.0000 0.0000 0.1195 0.7533 0.1268 0.0004 0.0000 0.0000 0.0000 0.0000 0.0000
0.0000 0.0000 0.0005 0.1268 0.7628 0.1098 0.0000 0.0000 0.0000 0.0000 0.0000
0.0000 0.0000 0.0000 0.0004 0.1098 0.8252 0.0645 0.0000 0.0000 0.0000 0.0000
0.0000 0.0000 0.0000 0.0000 0.0000 0.0645 0.8412 0.0942 0.0001 0.0000 0.0000
0.0000 0.0000 0.0000 0.0000 0.0000 0.0000 0.0942 0.8413 0.0645 0.0000 0.0000
0.0000 0.0000 0.0000 0.0000 0.0000 0.0000 0.0001 0.0645 0.9213 0.0141 0.0000
0.0000 0.0000 0.0000 0.0000 0.0000 0.0000 0.0000 0.0000 0.0141 0.9859 0.0000
0.0000 0.0000 0.0000 0.0000 0.0000 0.0000 0.0000 0.0000 0.0000 0.0000 1.0000
#DG from neighbouring lambda in kcal/mol
0.0000 0.1000 43.8669 0.1843
0.1000 0.2000 14.3409 0.1558
0.2000 0.3000 9.6255 0.0725
0.3000 0.4000 7.5411 0.0696
0.4000 0.5000 5.3814 0.0766
0.5000 0.6000 1.9439 0.1058
0.6000 0.7000 -1.2679 0.0845
0.7000 0.8000 -3.8247 0.1058
0.8000 0.9000 -9.0178 0.2390
0.9000 1.0000 -123.7669 0.2534
#PMF from MBAR in kcal/mol
0.0000 0.0000 0.0000
0.1000 43.8669 0.1843
0.2000 58.2077 0.1176
0.3000 67.8333 0.1000
0.4000 75.3744 0.0886
0.5000 80.7558 0.0837
0.6000 82.6997 0.0918
0.7000 81.4318 0.1066
0.8000 77.6071 0.1360
0.9000 68.5893 0.2534
1.0000 -55.1776 0.0000
#TI average gradients and standard deviation in kcal/mol
0.0000 9807.0616 484.2823
0.1000 191.9127 32.2004
0.2000 112.1782 20.9174
0.3000 84.6626 16.5166
0.4000 65.4626 17.0808
0.5000 39.1962 20.4379
0.6000 -0.0347 20.3841
0.7000 -23.8150 20.1612
0.8000 -56.1177 24.0625
0.9000 -148.0130 39.7021
1.0000 -8186.1898 537.0820
#PMF from TI in kcal/mol
0.0000 0.0000
0.1000 499.9487
0.2000 515.1533
0.3000 524.9953
0.4000 532.5016
0.5000 537.7345
0.6000 539.6926
0.7000 538.5001
0.8000 534.5035
0.9000 524.2969
1.0000 107.5868
#MBAR free energy difference in kcal/mol: 
-55.177574, 0.000000  #WARNING SUBSAMPLING DISABLED, CONSIDER RERUN WITH SUBSAMPLING OPTION
#TI free energy difference in kcal/mol: 
107.586784  #WARNING SUBSAMPLING DISABLED, CONSIDER RERUN WITH SUBSAMPLING OPTION 
Starting /export/users/common/BioSimSpace/sire.app/bin/analyse_freenrg: number of threads equals 32
