# Analysing data contained in file(s) ['lambda_0.0000/simfile_snipped.dat', 'lambda_0.1000/simfile_snipped.dat', 'lambda_0.2000/simfile_snipped.dat', 'lambda_0.3000/simfile_snipped.dat', 'lambda_0.4000/simfile_snipped.dat', 'lambda_0.5000/simfile_snipped.dat', 'lambda_0.6000/simfile_snipped.dat', 'lambda_0.7000/simfile_snipped.dat', 'lambda_0.8000/simfile_snipped.dat', 'lambda_0.9000/simfile_snipped.dat', 'lambda_1.0000/simfile_snipped.dat']
#Overlap matrix
0.8359 0.1618 0.0023 0.0000 0.0000 0.0000 0.0000 0.0000 0.0000 0.0000 0.0000
0.1618 0.6686 0.1680 0.0016 0.0000 0.0000 0.0000 0.0000 0.0000 0.0000 0.0000
0.0023 0.1680 0.6754 0.1530 0.0013 0.0000 0.0000 0.0000 0.0000 0.0000 0.0000
0.0000 0.0016 0.1530 0.6900 0.1540 0.0014 0.0000 0.0000 0.0000 0.0000 0.0000
0.0000 0.0000 0.0013 0.1540 0.6941 0.1493 0.0013 0.0000 0.0000 0.0000 0.0000
0.0000 0.0000 0.0000 0.0014 0.1493 0.6988 0.1497 0.0008 0.0000 0.0000 0.0000
0.0000 0.0000 0.0000 0.0000 0.0013 0.1497 0.7124 0.1357 0.0009 0.0000 0.0000
0.0000 0.0000 0.0000 0.0000 0.0000 0.0008 0.1357 0.7280 0.1345 0.0009 0.0000
0.0000 0.0000 0.0000 0.0000 0.0000 0.0000 0.0009 0.1345 0.7234 0.1406 0.0007
0.0000 0.0000 0.0000 0.0000 0.0000 0.0000 0.0000 0.0009 0.1406 0.7266 0.1319
0.0000 0.0000 0.0000 0.0000 0.0000 0.0000 0.0000 0.0000 0.0007 0.1319 0.8675
#DG from neighbouring lambda in kcal/mol
0.0000 0.1000 -0.8458 0.0583
0.1000 0.2000 -0.6283 0.0563
0.2000 0.3000 -0.6976 0.0605
0.3000 0.4000 -0.9274 0.0603
0.4000 0.5000 -1.1521 0.0617
0.5000 0.6000 -1.3546 0.0617
0.6000 0.7000 -1.7551 0.0662
0.7000 0.8000 -2.0417 0.0666
0.8000 0.9000 -2.0673 0.0647
0.9000 1.0000 -1.9346 0.0679
#PMF from MBAR in kcal/mol
0.0000 0.0000 0.0000
0.1000 -0.8458 0.0583
0.2000 -1.4741 0.0900
0.3000 -2.1717 0.1154
0.4000 -3.0991 0.1361
0.5000 -4.2513 0.1546
0.6000 -5.6059 0.1711
0.7000 -7.3610 0.1878
0.8000 -9.4027 0.2032
0.9000 -11.4700 0.2169
1.0000 -13.4046 0.2307
#TI average gradients and standard deviation in kcal/mol
0.0000 -12.0247 14.0404
0.1000 -7.1917 15.6536
0.2000 -5.9962 15.3745
0.3000 -8.4012 15.7174
0.4000 -9.8964 15.3600
0.5000 -12.6041 14.4799
0.6000 -15.7198 15.5835
0.7000 -19.1050 15.8111
0.8000 -21.1926 15.4313
0.9000 -20.7614 16.8737
1.0000 -14.9947 16.2593
#PMF from TI in kcal/mol
0.0000 0.0000
0.1000 -0.9608
0.2000 -1.6202
0.3000 -2.3401
0.4000 -3.2550
0.5000 -4.3800
0.6000 -5.7962
0.7000 -7.5374
0.8000 -9.5523
0.9000 -11.6500
1.0000 -13.4378
#MBAR free energy difference in kcal/mol: 
-13.404592, 0.230743  #WARNING SUBSAMPLING DISABLED, CONSIDER RERUN WITH SUBSAMPLING OPTION
#TI free energy difference in kcal/mol: 
-13.437808  #WARNING SUBSAMPLING DISABLED, CONSIDER RERUN WITH SUBSAMPLING OPTION 
Starting /export/users/common/BioSimSpace/sire.app/bin/analyse_freenrg: number of threads equals 32
