# Analysing data contained in file(s) ['lambda_0.0000/simfile_snipped.dat', 'lambda_0.1000/simfile_snipped.dat', 'lambda_0.2000/simfile_snipped.dat', 'lambda_0.3000/simfile_snipped.dat', 'lambda_0.4000/simfile_snipped.dat', 'lambda_0.5000/simfile_snipped.dat', 'lambda_0.6000/simfile_snipped.dat', 'lambda_0.7000/simfile_snipped.dat', 'lambda_0.8000/simfile_snipped.dat', 'lambda_0.9000/simfile_snipped.dat', 'lambda_1.0000/simfile_snipped.dat']
#Overlap matrix
0.9976 0.0024 0.0000 0.0000 0.0000 0.0000 0.0000 0.0000 0.0000 0.0000 0.0000
0.0024 0.9912 0.0064 0.0000 0.0000 0.0000 0.0000 0.0000 0.0000 0.0000 0.0000
0.0000 0.0064 0.9933 0.0003 0.0000 0.0000 0.0000 0.0000 0.0000 0.0000 0.0000
0.0000 0.0000 0.0003 0.9983 0.0014 0.0000 0.0000 0.0000 0.0000 0.0000 0.0000
0.0000 0.0000 0.0000 0.0014 0.9984 0.0001 0.0000 0.0000 0.0000 0.0000 0.0000
0.0000 0.0000 0.0000 0.0000 0.0001 0.9998 0.0000 0.0000 0.0000 0.0000 0.0000
0.0000 0.0000 0.0000 0.0000 0.0000 0.0000 0.8455 0.1395 0.0147 0.0002 0.0000
0.0000 0.0000 0.0000 0.0000 0.0000 0.0000 0.1395 0.6452 0.2103 0.0051 0.0000
0.0000 0.0000 0.0000 0.0000 0.0000 0.0000 0.0147 0.2103 0.6230 0.1514 0.0006
0.0000 0.0000 0.0000 0.0000 0.0000 0.0000 0.0002 0.0051 0.1514 0.7099 0.1334
0.0000 0.0000 0.0000 0.0000 0.0000 0.0000 0.0000 0.0000 0.0006 0.1334 0.8660
#DG from neighbouring lambda in kcal/mol
0.0000 0.1000 -15.0168 0.5881
0.1000 0.2000 -5.7023 0.3582
0.2000 0.3000 -6.2217 1.7262
0.3000 0.4000 -3.1367 0.7595
0.4000 0.5000 -5.5144 2.4322
0.5000 0.6000 -9.1304 6.7022
0.6000 0.7000 8.8268 0.0612
0.7000 0.8000 12.9074 0.0444
0.8000 0.9000 10.5762 0.0602
0.9000 1.0000 6.9177 0.0673
#PMF from MBAR in kcal/mol
0.0000 0.0000 0.0000
0.1000 -15.0168 0.5881
0.2000 -20.7191 0.6898
0.3000 -26.9409 1.8594
0.4000 -30.0775 2.0089
0.5000 -35.5920 3.1548
0.6000 -44.7224 7.4077
0.7000 -35.8956 7.4080
0.8000 -22.9882 7.4082
0.9000 -12.4120 7.4085
1.0000 -5.4943 7.4089
#TI average gradients and standard deviation in kcal/mol
0.0000 -233.9339 42.9278
0.1000 -84.5375 35.2542
0.2000 -48.7042 33.0814
0.3000 -41.6543 33.9885
0.4000 -30.1837 37.1874
0.5000 -55.0139 56.2006
0.6000 22.1488 22.3229
0.7000 125.3595 12.1188
0.8000 123.3377 13.8814
0.9000 86.0676 17.2347
1.0000 106.7445 13.3455
#PMF from TI in kcal/mol
0.0000 0.0000
0.1000 -15.9236
0.2000 -22.5857
0.3000 -27.1036
0.4000 -30.6955
0.5000 -34.9554
0.6000 -36.5986
0.7000 -29.2232
0.8000 -16.7883
0.9000 -6.3181
1.0000 3.3225
#MBAR free energy difference in kcal/mol: 
-5.494291, 7.408949  #WARNING SUBSAMPLING DISABLED, CONSIDER RERUN WITH SUBSAMPLING OPTION
#TI free energy difference in kcal/mol: 
3.322529  #WARNING SUBSAMPLING DISABLED, CONSIDER RERUN WITH SUBSAMPLING OPTION 
Starting /export/users/common/BioSimSpace/sire.app/bin/analyse_freenrg: number of threads equals 32
