# Analysing data contained in file(s) ['lambda_0.0000/simfile_snipped.dat', 'lambda_0.1000/simfile_snipped.dat', 'lambda_0.2000/simfile_snipped.dat', 'lambda_0.3000/simfile_snipped.dat', 'lambda_0.4000/simfile_snipped.dat', 'lambda_0.5000/simfile_snipped.dat', 'lambda_0.6000/simfile_snipped.dat', 'lambda_0.7000/simfile_snipped.dat', 'lambda_0.8000/simfile_snipped.dat', 'lambda_0.9000/simfile_snipped.dat', 'lambda_1.0000/simfile_snipped.dat']
#Overlap matrix
0.9464 0.0536 0.0000 0.0000 0.0000 0.0000 0.0000 0.0000 0.0000 0.0000 0.0000
0.0536 0.8750 0.0714 0.0000 0.0000 0.0000 0.0000 0.0000 0.0000 0.0000 0.0000
0.0000 0.0714 0.8501 0.0785 0.0001 0.0000 0.0000 0.0000 0.0000 0.0000 0.0000
0.0000 0.0000 0.0785 0.8356 0.0858 0.0001 0.0000 0.0000 0.0000 0.0000 0.0000
0.0000 0.0000 0.0001 0.0858 0.8741 0.0400 0.0000 0.0000 0.0000 0.0000 0.0000
0.0000 0.0000 0.0000 0.0001 0.0400 0.8998 0.0600 0.0000 0.0000 0.0000 0.0000
0.0000 0.0000 0.0000 0.0000 0.0000 0.0600 0.8648 0.0750 0.0001 0.0000 0.0000
0.0000 0.0000 0.0000 0.0000 0.0000 0.0000 0.0750 0.8477 0.0770 0.0001 0.0000
0.0000 0.0000 0.0000 0.0000 0.0000 0.0000 0.0001 0.0770 0.8486 0.0742 0.0001
0.0000 0.0000 0.0000 0.0000 0.0000 0.0000 0.0000 0.0001 0.0742 0.8572 0.0685
0.0000 0.0000 0.0000 0.0000 0.0000 0.0000 0.0000 0.0000 0.0001 0.0685 0.9314
#DG from neighbouring lambda in kcal/mol
0.0000 0.1000 0.6731 0.1176
0.1000 0.2000 -0.0225 0.0998
0.2000 0.3000 -0.7743 0.0944
0.3000 0.4000 -0.3813 0.0895
0.4000 0.5000 0.8738 0.1379
0.5000 0.6000 0.3678 0.1103
0.6000 0.7000 0.2051 0.0969
0.7000 0.8000 0.4461 0.0953
0.8000 0.9000 0.8930 0.0975
0.9000 1.0000 2.8022 0.1022
#PMF from MBAR in kcal/mol
0.0000 0.0000 0.0000
0.1000 0.6731 0.1176
0.2000 0.6506 0.1595
0.3000 -0.1237 0.1898
0.4000 -0.5051 0.2137
0.5000 0.3687 0.2575
0.6000 0.7365 0.2830
0.7000 0.9416 0.3019
0.8000 1.3877 0.3191
0.9000 2.2807 0.3361
1.0000 5.0829 0.3536
#TI average gradients and standard deviation in kcal/mol
0.0000 4.8673 21.9595
0.1000 2.0560 19.4102
0.2000 -4.3426 20.2692
0.3000 -8.9043 19.1359
0.4000 7.2939 20.7925
0.5000 4.7561 22.3229
0.6000 2.3446 22.4512
0.7000 2.5854 20.0250
0.8000 5.5749 18.6854
0.9000 14.3822 21.0545
1.0000 52.7045 21.6084
#PMF from TI in kcal/mol
0.0000 0.0000
0.1000 0.3462
0.2000 0.2318
0.3000 -0.4305
0.4000 -0.5110
0.5000 0.0915
0.6000 0.4465
0.7000 0.6930
0.8000 1.1010
0.9000 2.0989
1.0000 5.4532
#MBAR free energy difference in kcal/mol: 
5.082903, 0.353605  #WARNING SUBSAMPLING DISABLED, CONSIDER RERUN WITH SUBSAMPLING OPTION
#TI free energy difference in kcal/mol: 
5.453197  #WARNING SUBSAMPLING DISABLED, CONSIDER RERUN WITH SUBSAMPLING OPTION 
Starting /export/users/common/BioSimSpace/sire.app/bin/analyse_freenrg: number of threads equals 32
