# Analysing data contained in file(s) ['lambda_0.0000/simfile_snipped.dat', 'lambda_0.1000/simfile_snipped.dat', 'lambda_0.2000/simfile_snipped.dat', 'lambda_0.3000/simfile_snipped.dat', 'lambda_0.4000/simfile_snipped.dat', 'lambda_0.5000/simfile_snipped.dat', 'lambda_0.6000/simfile_snipped.dat', 'lambda_0.7000/simfile_snipped.dat', 'lambda_0.8000/simfile_snipped.dat', 'lambda_0.9000/simfile_snipped.dat', 'lambda_1.0000/simfile_snipped.dat']
#Overlap matrix
0.9922 0.0078 0.0000 0.0000 0.0000 0.0000 0.0000 0.0000 0.0000 0.0000 0.0000
0.0078 0.9816 0.0106 0.0000 0.0000 0.0000 0.0000 0.0000 0.0000 0.0000 0.0000
0.0000 0.0106 0.9871 0.0023 0.0000 0.0000 0.0000 0.0000 0.0000 0.0000 0.0000
0.0000 0.0000 0.0023 0.9651 0.0326 0.0000 0.0000 0.0000 0.0000 0.0000 0.0000
0.0000 0.0000 0.0000 0.0326 0.9194 0.0479 0.0000 0.0000 0.0000 0.0000 0.0000
0.0000 0.0000 0.0000 0.0000 0.0479 0.9380 0.0141 0.0000 0.0000 0.0000 0.0000
0.0000 0.0000 0.0000 0.0000 0.0000 0.0141 0.9834 0.0026 0.0000 0.0000 0.0000
0.0000 0.0000 0.0000 0.0000 0.0000 0.0000 0.0026 0.9974 0.0000 0.0000 0.0000
0.0000 0.0000 0.0000 0.0000 0.0000 0.0000 0.0000 0.0000 0.9993 0.0007 0.0000
0.0000 0.0000 0.0000 0.0000 0.0000 0.0000 0.0000 0.0000 0.0007 0.9993 0.0000
0.0000 0.0000 0.0000 0.0000 0.0000 0.0000 0.0000 0.0000 0.0000 0.0000 1.0000
#DG from neighbouring lambda in kcal/mol
0.0000 0.1000 33.3262 0.3241
0.1000 0.2000 23.2461 0.2766
0.2000 0.3000 10.1989 0.5978
0.3000 0.4000 -5.3891 0.1543
0.4000 0.5000 -10.6138 0.1251
0.5000 0.6000 -13.2253 0.2394
0.6000 0.7000 -16.3084 0.5677
0.7000 0.8000 -24.4069 4.3861
0.8000 0.9000 -35.2185 1.1016
0.9000 1.0000 -44.7067 19.7086
#PMF from MBAR in kcal/mol
0.0000 0.0000 0.0000
0.1000 33.3262 0.3241
0.2000 56.5722 0.4280
0.3000 66.7711 0.7363
0.4000 61.3820 0.7534
0.5000 50.7682 0.7648
0.6000 37.5429 0.8025
0.7000 21.2345 0.9838
0.8000 -3.1724 4.4953
0.9000 -38.3909 4.6285
1.0000 -83.0975 20.2448
#TI average gradients and standard deviation in kcal/mol
0.0000 381.5041 31.8130
0.1000 284.2972 29.9901
0.2000 178.1417 32.3036
0.3000 -10.0644 33.9568
0.4000 -86.3068 22.4229
0.5000 -121.5228 24.4128
0.6000 -136.4690 32.2869
0.7000 -199.6869 48.9203
0.8000 -288.8053 45.7194
0.9000 -383.7307 44.1085
1.0000 -522.9889 53.4967
#PMF from TI in kcal/mol
0.0000 0.0000
0.1000 33.2901
0.2000 56.4120
0.3000 64.8159
0.4000 59.9973
0.5000 49.6058
0.6000 36.7062
0.7000 19.8984
0.8000 -4.5262
0.9000 -38.1530
1.0000 -83.4889
#MBAR free energy difference in kcal/mol: 
-83.097536, 20.244845  #WARNING SUBSAMPLING DISABLED, CONSIDER RERUN WITH SUBSAMPLING OPTION
#TI free energy difference in kcal/mol: 
-83.488942  #WARNING SUBSAMPLING DISABLED, CONSIDER RERUN WITH SUBSAMPLING OPTION 
Starting /export/users/common/BioSimSpace/sire.app/bin/analyse_freenrg: number of threads equals 32
