# Analysing data contained in file(s) ['lambda_0.0000/simfile_snipped.dat', 'lambda_0.1000/simfile_snipped.dat', 'lambda_0.2000/simfile_snipped.dat', 'lambda_0.3000/simfile_snipped.dat', 'lambda_0.4000/simfile_snipped.dat', 'lambda_0.5000/simfile_snipped.dat', 'lambda_0.6000/simfile_snipped.dat', 'lambda_0.7000/simfile_snipped.dat', 'lambda_0.8000/simfile_snipped.dat', 'lambda_0.9000/simfile_snipped.dat', 'lambda_1.0000/simfile_snipped.dat']
#Overlap matrix
0.8486 0.1488 0.0026 0.0000 0.0000 0.0000 0.0000 0.0000 0.0000 0.0000 0.0000
0.1488 0.6827 0.1662 0.0022 0.0000 0.0000 0.0000 0.0000 0.0000 0.0000 0.0000
0.0026 0.1662 0.6722 0.1555 0.0034 0.0000 0.0000 0.0000 0.0000 0.0000 0.0000
0.0000 0.0022 0.1555 0.7064 0.1353 0.0005 0.0000 0.0000 0.0000 0.0000 0.0000
0.0000 0.0000 0.0034 0.1353 0.8411 0.0201 0.0000 0.0000 0.0000 0.0000 0.0000
0.0000 0.0000 0.0000 0.0005 0.0201 0.9562 0.0231 0.0000 0.0000 0.0000 0.0000
0.0000 0.0000 0.0000 0.0000 0.0000 0.0231 0.9431 0.0337 0.0000 0.0000 0.0000
0.0000 0.0000 0.0000 0.0000 0.0000 0.0000 0.0337 0.9397 0.0265 0.0000 0.0000
0.0000 0.0000 0.0000 0.0000 0.0000 0.0000 0.0000 0.0265 0.9481 0.0253 0.0000
0.0000 0.0000 0.0000 0.0000 0.0000 0.0000 0.0000 0.0000 0.0253 0.9578 0.0169
0.0000 0.0000 0.0000 0.0000 0.0000 0.0000 0.0000 0.0000 0.0000 0.0169 0.9831
#DG from neighbouring lambda in kcal/mol
0.0000 0.1000 -1.0306 0.0619
0.1000 0.2000 -2.4667 0.0565
0.2000 0.3000 -4.3114 0.0591
0.3000 0.4000 -4.2800 0.0656
0.4000 0.5000 -1.6991 0.1963
0.5000 0.6000 -2.8629 0.1850
0.6000 0.7000 -3.9914 0.1515
0.7000 0.8000 -4.4959 0.1721
0.8000 0.9000 -4.5462 0.1764
0.9000 1.0000 -0.3704 0.2180
#PMF from MBAR in kcal/mol
0.0000 0.0000 0.0000
0.1000 -1.0306 0.0619
0.2000 -3.4973 0.0923
0.3000 -7.8087 0.1163
0.4000 -12.0887 0.1387
0.5000 -13.7878 0.2432
0.6000 -16.6507 0.3083
0.7000 -20.6421 0.3459
0.8000 -25.1380 0.3884
0.9000 -29.6842 0.4285
1.0000 -30.0546 0.4825
#TI average gradients and standard deviation in kcal/mol
0.0000 259998569.5906 4951840261.1616
0.1000 -17.0832 15.4756
0.2000 -33.3156 15.2296
0.3000 -49.2884 14.1757
0.4000 -25.8801 19.6704
0.5000 -21.2383 26.7345
0.6000 -38.8339 25.0026
0.7000 -43.4200 26.1446
0.8000 -49.9672 24.1020
0.9000 -36.4887 26.4869
1.0000 57.1598 29.3232
#PMF from TI in kcal/mol
0.0000 0.0000
0.1000 12999927.6254
0.2000 12999925.1054
0.3000 12999920.9752
0.4000 12999917.2168
0.5000 12999914.8609
0.6000 12999911.8573
0.7000 12999907.7446
0.8000 12999903.0752
0.9000 12999898.7524
1.0000 12999899.7860
#MBAR free energy difference in kcal/mol: 
-30.054600, 0.482508  #WARNING SUBSAMPLING DISABLED, CONSIDER RERUN WITH SUBSAMPLING OPTION
#TI free energy difference in kcal/mol: 
12999899.785977  #WARNING SUBSAMPLING DISABLED, CONSIDER RERUN WITH SUBSAMPLING OPTION 
Starting /export/users/common/BioSimSpace/sire.app/bin/analyse_freenrg: number of threads equals 32
