# Analysing data contained in file(s) ['lambda_0.0000/simfile_snipped.dat', 'lambda_0.1000/simfile_snipped.dat', 'lambda_0.2000/simfile_snipped.dat', 'lambda_0.3000/simfile_snipped.dat', 'lambda_0.4000/simfile_snipped.dat', 'lambda_0.5000/simfile_snipped.dat', 'lambda_0.6000/simfile_snipped.dat', 'lambda_0.7000/simfile_snipped.dat', 'lambda_0.8000/simfile_snipped.dat', 'lambda_0.9000/simfile_snipped.dat', 'lambda_1.0000/simfile_snipped.dat']
#Overlap matrix
0.9808 0.0192 0.0000 0.0000 0.0000 0.0000 0.0000 0.0000 0.0000 0.0000 0.0000
0.0192 0.9537 0.0271 0.0000 0.0000 0.0000 0.0000 0.0000 0.0000 0.0000 0.0000
0.0000 0.0271 0.9597 0.0132 0.0000 0.0000 0.0000 0.0000 0.0000 0.0000 0.0000
0.0000 0.0000 0.0132 0.9646 0.0221 0.0001 0.0000 0.0000 0.0000 0.0000 0.0000
0.0000 0.0000 0.0000 0.0221 0.9082 0.0690 0.0007 0.0000 0.0000 0.0000 0.0000
0.0000 0.0000 0.0000 0.0001 0.0690 0.8203 0.1058 0.0042 0.0006 0.0000 0.0000
0.0000 0.0000 0.0000 0.0000 0.0007 0.1058 0.7178 0.1546 0.0202 0.0010 0.0000
0.0000 0.0000 0.0000 0.0000 0.0000 0.0042 0.1546 0.5916 0.2299 0.0191 0.0006
0.0000 0.0000 0.0000 0.0000 0.0000 0.0006 0.0202 0.2299 0.5056 0.2162 0.0274
0.0000 0.0000 0.0000 0.0000 0.0000 0.0000 0.0010 0.0191 0.2162 0.4938 0.2699
0.0000 0.0000 0.0000 0.0000 0.0000 0.0000 0.0000 0.0006 0.0274 0.2699 0.7021
#DG from neighbouring lambda in kcal/mol
0.0000 0.1000 -9.5444 0.2037
0.1000 0.2000 -5.8424 0.1703
0.2000 0.3000 -6.3892 0.2476
0.3000 0.4000 -6.1730 0.1892
0.4000 0.5000 -3.9556 0.1012
0.5000 0.6000 -3.0890 0.0762
0.6000 0.7000 -2.8908 0.0547
0.7000 0.8000 -2.8151 0.0380
0.8000 0.9000 -3.8487 0.0391
0.9000 1.0000 -4.8088 0.0340
#PMF from MBAR in kcal/mol
0.0000 0.0000 0.0000
0.1000 -9.5444 0.2037
0.2000 -15.3868 0.2686
0.3000 -21.7760 0.3676
0.4000 -27.9490 0.4154
0.5000 -31.9046 0.4294
0.6000 -34.9936 0.4378
0.7000 -37.8844 0.4427
0.8000 -40.6995 0.4453
0.9000 -44.5482 0.4484
1.0000 -49.3569 0.4509
#TI average gradients and standard deviation in kcal/mol
0.0000 -139.4675 30.0262
0.1000 -67.7360 24.1491
0.2000 -57.2249 26.9881
0.3000 -63.5585 27.1889
0.4000 -50.8122 23.2899
0.5000 -34.0404 20.4741
0.6000 -29.8382 17.7513
0.7000 -27.9036 11.9174
0.8000 -31.8070 11.8979
0.9000 -44.2432 11.0127
1.0000 -24.1784 10.5590
#PMF from TI in kcal/mol
0.0000 0.0000
0.1000 -10.3602
0.2000 -16.6082
0.3000 -22.6474
0.4000 -28.3659
0.5000 -32.6086
0.6000 -35.8025
0.7000 -38.6896
0.8000 -41.6751
0.9000 -45.4776
1.0000 -48.8987
#MBAR free energy difference in kcal/mol: 
-49.356938, 0.450866  #WARNING SUBSAMPLING DISABLED, CONSIDER RERUN WITH SUBSAMPLING OPTION
#TI free energy difference in kcal/mol: 
-48.898691  #WARNING SUBSAMPLING DISABLED, CONSIDER RERUN WITH SUBSAMPLING OPTION 
Starting /export/users/common/BioSimSpace/sire.app/bin/analyse_freenrg: number of threads equals 32
