# Analysing data contained in file(s) ['lambda_0.0000/simfile_snipped.dat', 'lambda_0.1000/simfile_snipped.dat', 'lambda_0.2000/simfile_snipped.dat', 'lambda_0.3000/simfile_snipped.dat', 'lambda_0.4000/simfile_snipped.dat', 'lambda_0.5000/simfile_snipped.dat', 'lambda_0.6000/simfile_snipped.dat', 'lambda_0.7000/simfile_snipped.dat', 'lambda_0.8000/simfile_snipped.dat', 'lambda_0.9000/simfile_snipped.dat', 'lambda_1.0000/simfile_snipped.dat']
#Overlap matrix
1.0000 0.0000 0.0000 0.0000 0.0000 0.0000 0.0000 0.0000 0.0000 0.0000 0.0000
0.0000 0.9949 0.0051 0.0000 0.0000 0.0000 0.0000 0.0000 0.0000 0.0000 0.0000
0.0000 0.0051 0.9240 0.0708 0.0001 0.0000 0.0000 0.0000 0.0000 0.0000 0.0000
0.0000 0.0000 0.0708 0.7902 0.1378 0.0012 0.0000 0.0000 0.0000 0.0000 0.0000
0.0000 0.0000 0.0001 0.1378 0.7112 0.1506 0.0003 0.0000 0.0000 0.0000 0.0000
0.0000 0.0000 0.0000 0.0012 0.1506 0.7632 0.0848 0.0002 0.0000 0.0000 0.0000
0.0000 0.0000 0.0000 0.0000 0.0003 0.0848 0.7941 0.1209 0.0001 0.0000 0.0000
0.0000 0.0000 0.0000 0.0000 0.0000 0.0002 0.1209 0.8275 0.0515 0.0000 0.0000
0.0000 0.0000 0.0000 0.0000 0.0000 0.0000 0.0001 0.0515 0.9464 0.0020 0.0000
0.0000 0.0000 0.0000 0.0000 0.0000 0.0000 0.0000 0.0000 0.0020 0.9980 0.0000
0.0000 0.0000 0.0000 0.0000 0.0000 0.0000 0.0000 0.0000 0.0000 0.0000 1.0000
#DG from neighbouring lambda in kcal/mol
0.0000 0.1000 61.0974 0.3840
0.1000 0.2000 26.8058 0.4009
0.2000 0.3000 17.7128 0.1002
0.3000 0.4000 14.0884 0.0656
0.4000 0.5000 11.8058 0.0616
0.5000 0.6000 8.5561 0.0899
0.6000 0.7000 5.0796 0.0721
0.7000 0.8000 1.0159 0.1202
0.8000 0.9000 -10.2104 0.6361
0.9000 1.0000 -315.4218 0.5834
#PMF from MBAR in kcal/mol
0.0000 0.0000 0.0000
0.1000 61.0974 0.3840
0.2000 87.9031 0.1454
0.3000 105.6160 0.1210
0.4000 119.7043 0.1127
0.5000 131.5101 0.1099
0.6000 140.0662 0.1147
0.7000 145.1458 0.1242
0.8000 146.1617 0.1561
0.9000 135.9513 0.5834
1.0000 -179.4705 0.0000
#TI average gradients and standard deviation in kcal/mol
0.0000 9882.4254 547.4131
0.1000 351.7712 37.6678
0.2000 204.6023 23.8795
0.3000 154.7930 17.4809
0.4000 128.5084 15.3300
0.5000 105.8308 17.0900
0.6000 65.7229 17.0083
0.7000 34.8852 17.7448
0.8000 -24.4064 26.4200
0.9000 -223.4530 51.4401
1.0000 -5350.2662 151.7233
#PMF from TI in kcal/mol
0.0000 0.0000
0.1000 511.7098
0.2000 539.5285
0.3000 557.4983
0.4000 571.6633
0.5000 583.3803
0.6000 591.9580
0.7000 596.9884
0.8000 597.5123
0.9000 585.1194
1.0000 306.4334
#MBAR free energy difference in kcal/mol: 
-179.470550, 0.000000  #WARNING SUBSAMPLING DISABLED, CONSIDER RERUN WITH SUBSAMPLING OPTION
#TI free energy difference in kcal/mol: 
306.433413  #WARNING SUBSAMPLING DISABLED, CONSIDER RERUN WITH SUBSAMPLING OPTION 
Starting /export/users/common/BioSimSpace/sire.app/bin/analyse_freenrg: number of threads equals 32
