# Analysing data contained in file(s) ['lambda_0.0000/simfile_snipped.dat', 'lambda_0.1000/simfile_snipped.dat', 'lambda_0.2000/simfile_snipped.dat', 'lambda_0.3000/simfile_snipped.dat', 'lambda_0.4000/simfile_snipped.dat', 'lambda_0.5000/simfile_snipped.dat', 'lambda_0.6000/simfile_snipped.dat', 'lambda_0.7000/simfile_snipped.dat', 'lambda_0.8000/simfile_snipped.dat', 'lambda_0.9000/simfile_snipped.dat', 'lambda_1.0000/simfile_snipped.dat']
#Overlap matrix
1.0000 0.0000 0.0000 0.0000 0.0000 0.0000 0.0000 0.0000 0.0000 0.0000 0.0000
0.0000 1.0000 0.0000 0.0000 0.0000 0.0000 0.0000 0.0000 0.0000 0.0000 0.0000
0.0000 0.0000 0.9833 0.0167 0.0000 0.0000 0.0000 0.0000 0.0000 0.0000 0.0000
0.0000 0.0000 0.0167 0.9130 0.0704 0.0000 0.0000 0.0000 0.0000 0.0000 0.0000
0.0000 0.0000 0.0000 0.0704 0.8321 0.0974 0.0001 0.0000 0.0000 0.0000 0.0000
0.0000 0.0000 0.0000 0.0000 0.0974 0.7935 0.1091 0.0001 0.0000 0.0000 0.0000
0.0000 0.0000 0.0000 0.0000 0.0001 0.1091 0.8045 0.0862 0.0000 0.0000 0.0000
0.0000 0.0000 0.0000 0.0000 0.0000 0.0001 0.0862 0.8787 0.0350 0.0000 0.0000
0.0000 0.0000 0.0000 0.0000 0.0000 0.0000 0.0000 0.0350 0.9614 0.0036 0.0000
0.0000 0.0000 0.0000 0.0000 0.0000 0.0000 0.0000 0.0000 0.0036 0.9964 0.0000
0.0000 0.0000 0.0000 0.0000 0.0000 0.0000 0.0000 0.0000 0.0000 0.0000 1.0000
#DG from neighbouring lambda in kcal/mol
0.0000 0.1000 93.5322 9.4060
0.1000 0.2000 23.0449 10.5790
0.2000 0.3000 6.1869 0.2195
0.3000 0.4000 0.0295 0.1007
0.4000 0.5000 -3.6842 0.0828
0.5000 0.6000 -6.4294 0.0771
0.6000 0.7000 -9.6732 0.0892
0.7000 0.8000 -15.0481 0.1486
0.8000 0.9000 -25.4608 0.4798
0.9000 1.0000 -222.9972 1.2612
#PMF from MBAR in kcal/mol
0.0000 0.0000 0.0000
0.1000 93.5322 9.4060
0.2000 116.5772 1.1940
0.3000 122.7640 1.1823
0.4000 122.7935 1.1807
0.5000 119.1093 1.1803
0.6000 112.6799 1.1806
0.7000 103.0067 1.1820
0.8000 87.9585 1.1875
0.9000 62.4977 1.2612
1.0000 -160.4995 0.0000
#TI average gradients and standard deviation in kcal/mol
0.0000 2239.4929 80.5054
0.1000 515.1011 92.8455
0.2000 110.1804 31.3362
0.3000 23.0482 22.0461
0.4000 -21.1500 19.6912
0.5000 -51.3819 18.5872
0.6000 -79.0871 19.8265
0.7000 -116.3067 21.6918
0.8000 -186.6361 25.5608
0.9000 -355.2764 46.2670
1.0000 -14105.6284 1190.1817
#PMF from TI in kcal/mol
0.0000 0.0000
0.1000 137.7297
0.2000 168.9938
0.3000 175.6552
0.4000 175.7501
0.5000 172.1235
0.6000 165.6001
0.7000 155.8304
0.8000 140.6832
0.9000 113.5876
1.0000 -609.4576
#MBAR free energy difference in kcal/mol: 
-160.499520, 0.000000  #WARNING SUBSAMPLING DISABLED, CONSIDER RERUN WITH SUBSAMPLING OPTION
#TI free energy difference in kcal/mol: 
-609.457610  #WARNING SUBSAMPLING DISABLED, CONSIDER RERUN WITH SUBSAMPLING OPTION 
Starting /export/users/common/BioSimSpace/sire.app/bin/analyse_freenrg: number of threads equals 32
