# Analysing data contained in file(s) ['lambda_0.0000/simfile_snipped.dat', 'lambda_0.1000/simfile_snipped.dat', 'lambda_0.2000/simfile_snipped.dat', 'lambda_0.3000/simfile_snipped.dat', 'lambda_0.4000/simfile_snipped.dat', 'lambda_0.5000/simfile_snipped.dat', 'lambda_0.6000/simfile_snipped.dat', 'lambda_0.7000/simfile_snipped.dat', 'lambda_0.8000/simfile_snipped.dat', 'lambda_0.9000/simfile_snipped.dat', 'lambda_1.0000/simfile_snipped.dat']
#Overlap matrix
0.9138 0.0861 0.0002 0.0000 0.0000 0.0000 0.0000 0.0000 0.0000 0.0000 0.0000
0.0861 0.8135 0.1002 0.0003 0.0000 0.0000 0.0000 0.0000 0.0000 0.0000 0.0000
0.0002 0.1002 0.7799 0.1191 0.0007 0.0000 0.0000 0.0000 0.0000 0.0000 0.0000
0.0000 0.0003 0.1191 0.7468 0.1327 0.0011 0.0000 0.0000 0.0000 0.0000 0.0000
0.0000 0.0000 0.0007 0.1327 0.7178 0.1467 0.0021 0.0000 0.0000 0.0000 0.0000
0.0000 0.0000 0.0000 0.0011 0.1467 0.6877 0.1608 0.0036 0.0000 0.0000 0.0000
0.0000 0.0000 0.0000 0.0000 0.0021 0.1608 0.6515 0.1801 0.0054 0.0000 0.0000
0.0000 0.0000 0.0000 0.0000 0.0000 0.0036 0.1801 0.6085 0.1999 0.0079 0.0001
0.0000 0.0000 0.0000 0.0000 0.0000 0.0000 0.0054 0.1999 0.5791 0.2043 0.0112
0.0000 0.0000 0.0000 0.0000 0.0000 0.0000 0.0000 0.0079 0.2043 0.5533 0.2345
0.0000 0.0000 0.0000 0.0000 0.0000 0.0000 0.0000 0.0001 0.0112 0.2345 0.7542
#DG from neighbouring lambda in kcal/mol
0.0000 0.1000 -0.1742 0.0893
0.1000 0.2000 0.1244 0.0812
0.2000 0.3000 0.0759 0.0725
0.3000 0.4000 0.0943 0.0672
0.4000 0.5000 0.0623 0.0623
0.5000 0.6000 0.1202 0.0577
0.6000 0.7000 0.1426 0.0523
0.7000 0.8000 0.0403 0.0473
0.8000 0.9000 -0.0812 0.0455
0.9000 1.0000 -0.1785 0.0415
#PMF from MBAR in kcal/mol
0.0000 0.0000 0.0000
0.1000 -0.1742 0.0893
0.2000 -0.0498 0.1272
0.3000 0.0261 0.1519
0.4000 0.1204 0.1708
0.5000 0.1827 0.1860
0.6000 0.3029 0.1987
0.7000 0.4456 0.2090
0.8000 0.4859 0.2176
0.9000 0.4047 0.2254
1.0000 0.2261 0.2321
#TI average gradients and standard deviation in kcal/mol
0.0000 -3.0086 18.6055
0.1000 0.0755 17.6463
0.2000 0.7789 17.5825
0.3000 1.4089 15.7320
0.4000 0.3249 15.1876
0.5000 1.1079 15.4629
0.6000 1.7557 13.3917
0.7000 0.4422 13.2886
0.8000 0.1897 12.4273
0.9000 -1.8998 11.7388
1.0000 -0.6060 11.9444
#PMF from TI in kcal/mol
0.0000 0.0000
0.1000 -0.1467
0.2000 -0.1039
0.3000 0.0055
0.4000 0.0921
0.5000 0.1638
0.6000 0.3070
0.7000 0.4169
0.8000 0.4484
0.9000 0.3629
1.0000 0.2376
#MBAR free energy difference in kcal/mol: 
0.226150, 0.232075  #WARNING SUBSAMPLING DISABLED, CONSIDER RERUN WITH SUBSAMPLING OPTION
#TI free energy difference in kcal/mol: 
0.237638  #WARNING SUBSAMPLING DISABLED, CONSIDER RERUN WITH SUBSAMPLING OPTION 
Starting /export/users/common/BioSimSpace/sire.app/bin/analyse_freenrg: number of threads equals 32
