# Analysing data contained in file(s) ['lambda_0.0000/simfile_snipped.dat', 'lambda_0.1000/simfile_snipped.dat', 'lambda_0.2000/simfile_snipped.dat', 'lambda_0.3000/simfile_snipped.dat', 'lambda_0.4000/simfile_snipped.dat', 'lambda_0.5000/simfile_snipped.dat', 'lambda_0.6000/simfile_snipped.dat', 'lambda_0.7000/simfile_snipped.dat', 'lambda_0.8000/simfile_snipped.dat', 'lambda_0.9000/simfile_snipped.dat', 'lambda_1.0000/simfile_snipped.dat']
#Overlap matrix
0.9764 0.0236 0.0000 0.0000 0.0000 0.0000 0.0000 0.0000 0.0000 0.0000 0.0000
0.0236 0.9255 0.0509 0.0000 0.0000 0.0000 0.0000 0.0000 0.0000 0.0000 0.0000
0.0000 0.0509 0.8802 0.0689 0.0000 0.0000 0.0000 0.0000 0.0000 0.0000 0.0000
0.0000 0.0000 0.0689 0.9074 0.0237 0.0000 0.0000 0.0000 0.0000 0.0000 0.0000
0.0000 0.0000 0.0000 0.0237 0.9666 0.0097 0.0000 0.0000 0.0000 0.0000 0.0000
0.0000 0.0000 0.0000 0.0000 0.0097 0.9863 0.0040 0.0000 0.0000 0.0000 0.0000
0.0000 0.0000 0.0000 0.0000 0.0000 0.0040 0.9949 0.0011 0.0000 0.0000 0.0000
0.0000 0.0000 0.0000 0.0000 0.0000 0.0000 0.0011 0.9989 0.0000 0.0000 0.0000
0.0000 0.0000 0.0000 0.0000 0.0000 0.0000 0.0000 0.0000 1.0000 0.0000 0.0000
0.0000 0.0000 0.0000 0.0000 0.0000 0.0000 0.0000 0.0000 0.0000 1.0000 0.0000
0.0000 0.0000 0.0000 0.0000 0.0000 0.0000 0.0000 0.0000 0.0000 0.0000 1.0000
#DG from neighbouring lambda in kcal/mol
0.0000 0.1000 14.2720 0.1831
0.1000 0.2000 9.9484 0.1211
0.2000 0.3000 7.2648 0.1019
0.3000 0.4000 7.2031 0.1828
0.4000 0.5000 6.4136 0.2895
0.5000 0.6000 5.5214 0.4545
0.6000 0.7000 10.7728 0.8674
0.7000 0.8000 8.4769 9.4535
0.8000 0.9000 4.6746 52.2520
0.9000 1.0000 -74.5594 47.6360
#PMF from MBAR in kcal/mol
0.0000 0.0000 0.0000
0.1000 14.2720 0.1831
0.2000 24.2204 0.2233
0.3000 31.4852 0.2488
0.4000 38.6883 0.3114
0.5000 45.1019 0.4271
0.6000 50.6233 0.6250
0.7000 61.3961 1.0699
0.8000 69.8730 9.5139
0.9000 74.5476 53.1110
1.0000 -0.0117 5.5729
#TI average gradients and standard deviation in kcal/mol
0.0000 138.6847 31.4601
0.1000 117.4974 21.6200
0.2000 80.5017 22.0932
0.3000 71.2199 23.2823
0.4000 66.3940 26.9714
0.5000 56.7403 31.1104
0.6000 75.0905 34.6993
0.7000 97.1739 47.3551
0.8000 64.8067 47.3448
0.9000 -29.6642 55.3627
1.0000 -3327.2412 265.8944
#PMF from TI in kcal/mol
0.0000 0.0000
0.1000 12.8091
0.2000 22.7091
0.3000 30.2951
0.4000 37.1758
0.5000 43.3325
0.6000 49.9241
0.7000 58.5373
0.8000 66.6363
0.9000 68.3935
1.0000 -99.4518
#MBAR free energy difference in kcal/mol: 
-0.011729, 5.572859  #WARNING SUBSAMPLING DISABLED, CONSIDER RERUN WITH SUBSAMPLING OPTION
#TI free energy difference in kcal/mol: 
-99.451799  #WARNING SUBSAMPLING DISABLED, CONSIDER RERUN WITH SUBSAMPLING OPTION 
Starting /export/users/common/BioSimSpace/sire.app/bin/analyse_freenrg: number of threads equals 32
