# Analysing data contained in file(s) ['lambda_0.0000/simfile_snipped.dat', 'lambda_0.1000/simfile_snipped.dat', 'lambda_0.2000/simfile_snipped.dat', 'lambda_0.3000/simfile_snipped.dat', 'lambda_0.4000/simfile_snipped.dat', 'lambda_0.5000/simfile_snipped.dat', 'lambda_0.6000/simfile_snipped.dat', 'lambda_0.7000/simfile_snipped.dat', 'lambda_0.8000/simfile_snipped.dat', 'lambda_0.9000/simfile_snipped.dat', 'lambda_1.0000/simfile_snipped.dat']
#Overlap matrix
0.8444 0.1513 0.0043 0.0000 0.0000 0.0000 0.0000 0.0000 0.0000 0.0000 0.0000
0.1513 0.6628 0.1801 0.0057 0.0000 0.0000 0.0000 0.0000 0.0000 0.0000 0.0000
0.0043 0.1801 0.6149 0.1924 0.0082 0.0001 0.0000 0.0000 0.0000 0.0000 0.0000
0.0000 0.0057 0.1924 0.5854 0.2061 0.0103 0.0001 0.0000 0.0000 0.0000 0.0000
0.0000 0.0000 0.0082 0.2061 0.5783 0.1987 0.0086 0.0000 0.0000 0.0000 0.0000
0.0000 0.0000 0.0001 0.0103 0.1987 0.5751 0.2072 0.0085 0.0000 0.0000 0.0000
0.0000 0.0000 0.0000 0.0001 0.0086 0.2072 0.5795 0.1977 0.0068 0.0000 0.0000
0.0000 0.0000 0.0000 0.0000 0.0000 0.0085 0.1977 0.5933 0.1936 0.0069 0.0000
0.0000 0.0000 0.0000 0.0000 0.0000 0.0000 0.0068 0.1936 0.6177 0.1785 0.0035
0.0000 0.0000 0.0000 0.0000 0.0000 0.0000 0.0000 0.0069 0.1785 0.6636 0.1511
0.0000 0.0000 0.0000 0.0000 0.0000 0.0000 0.0000 0.0000 0.0035 0.1511 0.8455
#DG from neighbouring lambda in kcal/mol
0.0000 0.1000 -0.2659 0.0606
0.1000 0.2000 0.4891 0.0521
0.2000 0.3000 0.6929 0.0487
0.3000 0.4000 0.7732 0.0453
0.4000 0.5000 0.8315 0.0465
0.5000 0.6000 0.7495 0.0453
0.6000 0.7000 0.7267 0.0474
0.7000 0.8000 0.7805 0.0485
0.8000 0.9000 1.2321 0.0524
0.9000 1.0000 1.8520 0.0610
#PMF from MBAR in kcal/mol
0.0000 0.0000 0.0000
0.1000 -0.2659 0.0606
0.2000 0.2232 0.0884
0.3000 0.9161 0.1077
0.4000 1.6893 0.1226
0.5000 2.5208 0.1361
0.6000 3.2703 0.1481
0.7000 3.9970 0.1598
0.8000 4.7775 0.1712
0.9000 6.0096 0.1829
1.0000 7.8616 0.1965
#TI average gradients and standard deviation in kcal/mol
0.0000 -8.8014 16.9734
0.1000 2.0037 12.8011
0.2000 6.4352 13.1845
0.3000 7.5782 12.2661
0.4000 8.0910 11.6070
0.5000 7.5561 12.6614
0.6000 7.0942 13.0158
0.7000 6.7957 14.8824
0.8000 9.7579 12.7699
0.9000 14.8543 14.2182
1.0000 21.6570 19.8807
#PMF from TI in kcal/mol
0.0000 0.0000
0.1000 -0.3399
0.2000 0.0821
0.3000 0.7827
0.4000 1.5662
0.5000 2.3486
0.6000 3.0811
0.7000 3.7756
0.8000 4.6032
0.9000 5.8339
1.0000 7.6594
#MBAR free energy difference in kcal/mol: 
7.861588, 0.196518  #WARNING SUBSAMPLING DISABLED, CONSIDER RERUN WITH SUBSAMPLING OPTION
#TI free energy difference in kcal/mol: 
7.659426  #WARNING SUBSAMPLING DISABLED, CONSIDER RERUN WITH SUBSAMPLING OPTION 
Starting /export/users/common/BioSimSpace/sire.app/bin/analyse_freenrg: number of threads equals 32
