# Analysing data contained in file(s) ['lambda_0.0000/simfile_snipped.dat', 'lambda_0.1000/simfile_snipped.dat', 'lambda_0.2000/simfile_snipped.dat', 'lambda_0.3000/simfile_snipped.dat', 'lambda_0.4000/simfile_snipped.dat', 'lambda_0.5000/simfile_snipped.dat', 'lambda_0.6000/simfile_snipped.dat', 'lambda_0.7000/simfile_snipped.dat', 'lambda_0.8000/simfile_snipped.dat', 'lambda_0.9000/simfile_snipped.dat', 'lambda_1.0000/simfile_snipped.dat']
#Overlap matrix
1.0000 0.0000 0.0000 0.0000 0.0000 0.0000 0.0000 0.0000 0.0000 0.0000 0.0000
0.0000 0.9847 0.0153 0.0000 0.0000 0.0000 0.0000 0.0000 0.0000 0.0000 0.0000
0.0000 0.0153 0.9463 0.0384 0.0000 0.0000 0.0000 0.0000 0.0000 0.0000 0.0000
0.0000 0.0000 0.0384 0.9148 0.0469 0.0000 0.0000 0.0000 0.0000 0.0000 0.0000
0.0000 0.0000 0.0000 0.0469 0.9004 0.0528 0.0000 0.0000 0.0000 0.0000 0.0000
0.0000 0.0000 0.0000 0.0000 0.0528 0.8810 0.0662 0.0000 0.0000 0.0000 0.0000
0.0000 0.0000 0.0000 0.0000 0.0000 0.0662 0.8536 0.0802 0.0000 0.0000 0.0000
0.0000 0.0000 0.0000 0.0000 0.0000 0.0000 0.0802 0.8668 0.0530 0.0000 0.0000
0.0000 0.0000 0.0000 0.0000 0.0000 0.0000 0.0000 0.0530 0.9083 0.0387 0.0000
0.0000 0.0000 0.0000 0.0000 0.0000 0.0000 0.0000 0.0000 0.0387 0.9612 0.0001
0.0000 0.0000 0.0000 0.0000 0.0000 0.0000 0.0000 0.0000 0.0000 0.0001 0.9999
#DG from neighbouring lambda in kcal/mol
0.0000 0.1000 158.5156 0.4371
0.1000 0.2000 -12.6522 0.2294
0.2000 0.3000 -33.5429 0.1414
0.3000 0.4000 -51.9734 0.1267
0.4000 0.5000 -70.0834 0.1186
0.5000 0.6000 -87.9072 0.1043
0.6000 0.7000 -105.9550 0.0933
0.7000 0.8000 -124.1454 0.1183
0.8000 0.9000 -140.6242 0.1407
0.9000 1.0000 -156.5810 3.3553
#PMF from MBAR in kcal/mol
0.0000 0.0000 0.0000
0.1000 158.5156 0.4371
0.2000 145.8634 0.3843
0.3000 112.3205 0.3670
0.4000 60.3472 0.3572
0.5000 -9.7363 0.3527
0.6000 -97.6435 0.3527
0.7000 -203.5985 0.3557
0.8000 -327.7440 0.3644
0.9000 -468.3682 0.3816
1.0000 -624.9492 3.0254
#TI average gradients and standard deviation in kcal/mol
0.0000 2036.5494 108.3015
0.1000 -0.6210 38.6259
0.2000 -235.5998 29.9861
0.3000 -428.0482 24.9803
0.4000 -610.1604 22.1631
0.5000 -790.4883 20.2032
0.6000 -970.5815 21.4943
0.7000 -1147.5653 20.9017
0.8000 -1329.7992 21.2704
0.9000 -1475.2091 28.3756
1.0000 -1732.0821 58.3769
#PMF from TI in kcal/mol
0.0000 0.0000
0.1000 101.7964
0.2000 89.9854
0.3000 56.8030
0.4000 4.8925
0.5000 -65.1399
0.6000 -153.1934
0.7000 -259.1007
0.8000 -382.9689
0.9000 -523.2194
1.0000 -683.5839
#MBAR free energy difference in kcal/mol: 
-624.949197, 3.025440  #WARNING SUBSAMPLING DISABLED, CONSIDER RERUN WITH SUBSAMPLING OPTION
#TI free energy difference in kcal/mol: 
-683.583911  #WARNING SUBSAMPLING DISABLED, CONSIDER RERUN WITH SUBSAMPLING OPTION 
Starting /export/users/common/BioSimSpace/sire.app/bin/analyse_freenrg: number of threads equals 32
