# Analysing data contained in file(s) ['lambda_0.0000/simfile_snipped.dat', 'lambda_0.1000/simfile_snipped.dat', 'lambda_0.2000/simfile_snipped.dat', 'lambda_0.3000/simfile_snipped.dat', 'lambda_0.4000/simfile_snipped.dat', 'lambda_0.5000/simfile_snipped.dat', 'lambda_0.6000/simfile_snipped.dat', 'lambda_0.7000/simfile_snipped.dat', 'lambda_0.8000/simfile_snipped.dat', 'lambda_0.9000/simfile_snipped.dat', 'lambda_1.0000/simfile_snipped.dat']
#Overlap matrix
0.9986 0.0014 0.0000 0.0000 0.0000 0.0000 0.0000 0.0000 0.0000 0.0000 0.0000
0.0014 0.9963 0.0023 0.0000 0.0000 0.0000 0.0000 0.0000 0.0000 0.0000 0.0000
0.0000 0.0023 0.9977 0.0000 0.0000 0.0000 0.0000 0.0000 0.0000 0.0000 0.0000
0.0000 0.0000 0.0000 1.0000 0.0000 0.0000 0.0000 0.0000 0.0000 0.0000 0.0000
0.0000 0.0000 0.0000 0.0000 0.9216 0.0783 0.0000 0.0000 0.0000 0.0000 0.0000
0.0000 0.0000 0.0000 0.0000 0.0783 0.8924 0.0293 0.0000 0.0000 0.0000 0.0000
0.0000 0.0000 0.0000 0.0000 0.0000 0.0293 0.9442 0.0264 0.0000 0.0000 0.0000
0.0000 0.0000 0.0000 0.0000 0.0000 0.0000 0.0264 0.9260 0.0475 0.0000 0.0000
0.0000 0.0000 0.0000 0.0000 0.0000 0.0000 0.0000 0.0475 0.9019 0.0505 0.0000
0.0000 0.0000 0.0000 0.0000 0.0000 0.0000 0.0000 0.0000 0.0505 0.9032 0.0463
0.0000 0.0000 0.0000 0.0000 0.0000 0.0000 0.0000 0.0000 0.0000 0.0463 0.9537
#DG from neighbouring lambda in kcal/mol
0.0000 0.1000 4.5956 0.7719
0.1000 0.2000 10.9849 0.5955
0.2000 0.3000 8.1498 46.8610
0.3000 0.4000 7.2465 32.2571
0.4000 0.5000 14.1319 0.0945
0.5000 0.6000 19.2839 0.1632
0.6000 0.7000 16.5796 0.1725
0.7000 0.8000 15.7432 0.1257
0.8000 0.9000 11.9303 0.1215
0.9000 1.0000 8.8497 0.1276
#PMF from MBAR in kcal/mol
0.0000 0.0000 0.0000
0.1000 4.5956 0.7719
0.2000 15.5805 0.9758
0.3000 23.7303 46.8712
0.4000 30.9768 56.8984
0.5000 45.1087 56.8985
0.6000 64.3926 56.8988
0.7000 80.9722 56.8991
0.8000 96.7155 56.8992
0.9000 108.6458 56.8993
1.0000 117.4954 56.8995
#TI average gradients and standard deviation in kcal/mol
0.0000 -27.1191 43.0550
0.1000 82.6535 39.6664
0.2000 124.8344 39.5582
0.3000 88.7282 52.2051
0.4000 -58.6202 85.3643
0.5000 198.1319 26.3960
0.6000 180.8090 30.7168
0.7000 167.9411 20.5496
0.8000 138.9246 22.3124
0.9000 99.8357 23.0329
1.0000 86.9636 38.0995
#PMF from TI in kcal/mol
0.0000 0.0000
0.1000 2.7767
0.2000 13.1511
0.3000 23.8293
0.4000 25.3347
0.5000 32.3102
0.6000 51.2573
0.7000 68.6948
0.8000 84.0381
0.9000 95.9761
1.0000 105.3161
#MBAR free energy difference in kcal/mol: 
117.495418, 56.899507  #WARNING SUBSAMPLING DISABLED, CONSIDER RERUN WITH SUBSAMPLING OPTION
#TI free energy difference in kcal/mol: 
105.316052  #WARNING SUBSAMPLING DISABLED, CONSIDER RERUN WITH SUBSAMPLING OPTION 
Starting /export/users/common/BioSimSpace/sire.app/bin/analyse_freenrg: number of threads equals 32
