# Analysing data contained in file(s) ['lambda_0.0000/simfile_snipped.dat', 'lambda_0.1000/simfile_snipped.dat', 'lambda_0.2000/simfile_snipped.dat', 'lambda_0.3000/simfile_snipped.dat', 'lambda_0.4000/simfile_snipped.dat', 'lambda_0.5000/simfile_snipped.dat', 'lambda_0.6000/simfile_snipped.dat', 'lambda_0.7000/simfile_snipped.dat', 'lambda_0.8000/simfile_snipped.dat', 'lambda_0.9000/simfile_snipped.dat', 'lambda_1.0000/simfile_snipped.dat']
#Overlap matrix
0.9973 0.0027 0.0000 0.0000 0.0000 0.0000 0.0000 0.0000 0.0000 0.0000 0.0000
0.0027 0.9972 0.0001 0.0000 0.0000 0.0000 0.0000 0.0000 0.0000 0.0000 0.0000
0.0000 0.0001 0.9999 0.0000 0.0000 0.0000 0.0000 0.0000 0.0000 0.0000 0.0000
0.0000 0.0000 0.0000 1.0000 0.0000 0.0000 0.0000 0.0000 0.0000 0.0000 0.0000
0.0000 0.0000 0.0000 0.0000 0.9971 0.0029 0.0000 0.0000 0.0000 0.0000 0.0000
0.0000 0.0000 0.0000 0.0000 0.0029 0.9970 0.0001 0.0000 0.0000 0.0000 0.0000
0.0000 0.0000 0.0000 0.0000 0.0000 0.0001 0.9519 0.0480 0.0000 0.0000 0.0000
0.0000 0.0000 0.0000 0.0000 0.0000 0.0000 0.0480 0.9138 0.0383 0.0000 0.0000
0.0000 0.0000 0.0000 0.0000 0.0000 0.0000 0.0000 0.0383 0.9227 0.0391 0.0000
0.0000 0.0000 0.0000 0.0000 0.0000 0.0000 0.0000 0.0000 0.0391 0.9017 0.0592
0.0000 0.0000 0.0000 0.0000 0.0000 0.0000 0.0000 0.0000 0.0000 0.0592 0.9408
#DG from neighbouring lambda in kcal/mol
0.0000 0.1000 -0.3935 0.5549
0.1000 0.2000 -3.1557 2.4848
0.2000 0.3000 -5.1062 30.4893
0.3000 0.4000 -17.5353 23.0180
0.4000 0.5000 4.3254 0.5319
0.5000 0.6000 6.3860 3.1753
0.6000 0.7000 13.0552 0.1251
0.7000 0.8000 11.4433 0.1416
0.8000 0.9000 6.1746 0.1399
0.9000 1.0000 0.5923 0.1112
#PMF from MBAR in kcal/mol
0.0000 0.0000 0.0000
0.1000 -0.3935 0.5549
0.2000 -3.5492 2.5463
0.3000 -8.6554 30.5955
0.4000 -26.1907 8.0736
0.5000 -21.8653 8.0610
0.6000 -15.4793 7.7883
0.7000 -2.4241 7.7881
0.8000 9.0192 7.7883
0.9000 15.1938 7.7889
1.0000 15.7861 7.7896
#TI average gradients and standard deviation in kcal/mol
0.0000 -20.5759 39.9601
0.1000 -5.3063 43.5316
0.2000 -26.9639 47.9390
0.3000 -49.4185 53.7046
0.4000 -54.6176 43.3099
0.5000 98.5097 34.6572
0.6000 100.3023 27.0681
0.7000 136.6495 22.1820
0.8000 89.4622 20.9257
0.9000 31.1336 23.9021
1.0000 8.3738 19.2182
#PMF from TI in kcal/mol
0.0000 0.0000
0.1000 -1.2941
0.2000 -2.9076
0.3000 -6.7267
0.4000 -11.9285
0.5000 -9.7339
0.6000 0.2067
0.7000 12.0543
0.8000 23.3598
0.9000 29.3896
1.0000 31.3650
#MBAR free energy difference in kcal/mol: 
15.786076, 7.789552  #WARNING SUBSAMPLING DISABLED, CONSIDER RERUN WITH SUBSAMPLING OPTION
#TI free energy difference in kcal/mol: 
31.365001  #WARNING SUBSAMPLING DISABLED, CONSIDER RERUN WITH SUBSAMPLING OPTION 
Starting /export/users/common/BioSimSpace/sire.app/bin/analyse_freenrg: number of threads equals 32
