# Analysing data contained in file(s) ['lambda_0.0000/simfile_snipped.dat', 'lambda_0.1000/simfile_snipped.dat', 'lambda_0.2000/simfile_snipped.dat', 'lambda_0.3000/simfile_snipped.dat', 'lambda_0.4000/simfile_snipped.dat', 'lambda_0.5000/simfile_snipped.dat', 'lambda_0.6000/simfile_snipped.dat', 'lambda_0.7000/simfile_snipped.dat', 'lambda_0.8000/simfile_snipped.dat', 'lambda_0.9000/simfile_snipped.dat', 'lambda_1.0000/simfile_snipped.dat']
#Overlap matrix
0.9996 0.0004 0.0000 0.0000 0.0000 0.0000 0.0000 0.0000 0.0000 0.0000 0.0000
0.0004 0.9996 0.0000 0.0000 0.0000 0.0000 0.0000 0.0000 0.0000 0.0000 0.0000
0.0000 0.0000 1.0000 0.0000 0.0000 0.0000 0.0000 0.0000 0.0000 0.0000 0.0000
0.0000 0.0000 0.0000 1.0000 0.0000 0.0000 0.0000 0.0000 0.0000 0.0000 0.0000
0.0000 0.0000 0.0000 0.0000 0.9990 0.0010 0.0000 0.0000 0.0000 0.0000 0.0000
0.0000 0.0000 0.0000 0.0000 0.0010 0.9990 0.0000 0.0000 0.0000 0.0000 0.0000
0.0000 0.0000 0.0000 0.0000 0.0000 0.0000 0.8667 0.1328 0.0005 0.0000 0.0000
0.0000 0.0000 0.0000 0.0000 0.0000 0.0000 0.1328 0.7869 0.0803 0.0000 0.0000
0.0000 0.0000 0.0000 0.0000 0.0000 0.0000 0.0005 0.0803 0.8479 0.0713 0.0000
0.0000 0.0000 0.0000 0.0000 0.0000 0.0000 0.0000 0.0000 0.0713 0.8182 0.1104
0.0000 0.0000 0.0000 0.0000 0.0000 0.0000 0.0000 0.0000 0.0000 0.1104 0.8895
#DG from neighbouring lambda in kcal/mol
0.0000 0.1000 5.4679 1.4870
0.1000 0.2000 5.1199 45.3147
0.2000 0.3000 -0.2365 271.9615
0.3000 0.4000 -18.9335 208.8555
0.4000 0.5000 12.6576 0.9192
0.5000 0.6000 11.3454 54.2626
0.6000 0.7000 21.9842 0.0676
0.7000 0.8000 20.4447 0.0928
0.8000 0.9000 11.9142 0.0999
0.9000 1.0000 3.1198 0.0765
#PMF from MBAR in kcal/mol
0.0000 0.0000 0.0000
0.1000 5.4679 1.4870
0.2000 10.5877 45.3391
0.3000 10.3513 275.7149
0.4000 -8.5822 81.4872
0.5000 4.0754 81.4835
0.6000 15.4208 73.3325
0.7000 37.4049 73.3325
0.8000 57.8497 73.3325
0.9000 69.7638 73.3326
1.0000 72.8837 73.3326
#TI average gradients and standard deviation in kcal/mol
0.0000 -7.0629 43.9088
0.1000 81.0301 42.5420
0.2000 48.3252 49.3008
0.3000 27.0948 54.6036
0.4000 36.8886 43.8516
0.5000 173.3908 43.3281
0.6000 160.3109 24.3386
0.7000 237.8242 17.4655
0.8000 163.7448 17.7319
0.9000 67.4813 24.4119
1.0000 34.3555 18.5898
#PMF from TI in kcal/mol
0.0000 0.0000
0.1000 3.6984
0.2000 10.1661
0.3000 13.9371
0.4000 17.1363
0.5000 27.6503
0.6000 44.3353
0.7000 64.2421
0.8000 84.3206
0.9000 95.8819
1.0000 100.9737
#MBAR free energy difference in kcal/mol: 
72.883652, 73.332615  #WARNING SUBSAMPLING DISABLED, CONSIDER RERUN WITH SUBSAMPLING OPTION
#TI free energy difference in kcal/mol: 
100.973694  #WARNING SUBSAMPLING DISABLED, CONSIDER RERUN WITH SUBSAMPLING OPTION 
Starting /export/users/common/BioSimSpace/sire.app/bin/analyse_freenrg: number of threads equals 32
