# Analysing data contained in file(s) ['lambda_0.0000/simfile_snipped.dat', 'lambda_0.1000/simfile_snipped.dat', 'lambda_0.2000/simfile_snipped.dat', 'lambda_0.3000/simfile_snipped.dat', 'lambda_0.4000/simfile_snipped.dat', 'lambda_0.5000/simfile_snipped.dat', 'lambda_0.6000/simfile_snipped.dat', 'lambda_0.7000/simfile_snipped.dat', 'lambda_0.8000/simfile_snipped.dat', 'lambda_0.9000/simfile_snipped.dat', 'lambda_1.0000/simfile_snipped.dat']
#Overlap matrix
0.9295 0.0705 0.0000 0.0000 0.0000 0.0000 0.0000 0.0000 0.0000 0.0000 0.0000
0.0705 0.8837 0.0458 0.0000 0.0000 0.0000 0.0000 0.0000 0.0000 0.0000 0.0000
0.0000 0.0458 0.9102 0.0440 0.0000 0.0000 0.0000 0.0000 0.0000 0.0000 0.0000
0.0000 0.0000 0.0440 0.9315 0.0245 0.0000 0.0000 0.0000 0.0000 0.0000 0.0000
0.0000 0.0000 0.0000 0.0245 0.9576 0.0179 0.0000 0.0000 0.0000 0.0000 0.0000
0.0000 0.0000 0.0000 0.0000 0.0179 0.9774 0.0047 0.0000 0.0000 0.0000 0.0000
0.0000 0.0000 0.0000 0.0000 0.0000 0.0047 0.9953 0.0000 0.0000 0.0000 0.0000
0.0000 0.0000 0.0000 0.0000 0.0000 0.0000 0.0000 1.0000 0.0000 0.0000 0.0000
0.0000 0.0000 0.0000 0.0000 0.0000 0.0000 0.0000 0.0000 1.0000 0.0000 0.0000
0.0000 0.0000 0.0000 0.0000 0.0000 0.0000 0.0000 0.0000 0.0000 1.0000 0.0000
0.0000 0.0000 0.0000 0.0000 0.0000 0.0000 0.0000 0.0000 0.0000 0.0000 1.0000
#DG from neighbouring lambda in kcal/mol
0.0000 0.1000 -2.3815 0.1006
0.1000 0.2000 -7.4491 0.1283
0.2000 0.3000 -13.8954 0.1312
0.3000 0.4000 -16.5235 0.1795
0.4000 0.5000 -20.7739 0.2118
0.5000 0.6000 -19.7927 0.4176
0.6000 0.7000 -12.2714 5.1402
0.7000 0.8000 -6.9605 27.2266
0.8000 0.9000 -2.6297 20.8641
0.9000 1.0000 7.8276 130.6164
#PMF from MBAR in kcal/mol
0.0000 0.0000 0.0000
0.1000 -2.3815 0.1006
0.2000 -9.8306 0.1680
0.3000 -23.7260 0.2171
0.4000 -40.2495 0.2846
0.5000 -61.0234 0.3570
0.6000 -80.8162 0.5509
0.7000 -93.0876 5.1696
0.8000 -100.0481 27.7131
0.9000 -102.6778 34.6890
1.0000 -94.8502 135.1442
#TI average gradients and standard deviation in kcal/mol
0.0000 -31.3790 21.7063
0.1000 -45.3941 21.5173
0.2000 -105.2337 23.2272
0.3000 -163.6916 20.7971
0.4000 -178.3176 36.7405
0.5000 -217.1574 27.5365
0.6000 -170.8999 36.5467
0.7000 -120.9180 46.1381
0.8000 -55.7555 51.8517
0.9000 2.2021 53.9232
1.0000 172.3326 55.5081
#PMF from TI in kcal/mol
0.0000 0.0000
0.1000 -3.8387
0.2000 -11.3700
0.3000 -24.8163
0.4000 -41.9168
0.5000 -61.6905
0.6000 -81.0934
0.7000 -95.6843
0.8000 -104.5179
0.9000 -107.1956
1.0000 -98.4689
#MBAR free energy difference in kcal/mol: 
-94.850187, 135.144245  #WARNING SUBSAMPLING DISABLED, CONSIDER RERUN WITH SUBSAMPLING OPTION
#TI free energy difference in kcal/mol: 
-98.468885  #WARNING SUBSAMPLING DISABLED, CONSIDER RERUN WITH SUBSAMPLING OPTION 
Starting /export/users/common/BioSimSpace/sire.app/bin/analyse_freenrg: number of threads equals 32
