# Analysing data contained in file(s) ['lambda_0.0000/simfile_snipped.dat', 'lambda_0.1000/simfile_snipped.dat', 'lambda_0.2000/simfile_snipped.dat', 'lambda_0.3000/simfile_snipped.dat', 'lambda_0.4000/simfile_snipped.dat', 'lambda_0.5000/simfile_snipped.dat', 'lambda_0.6000/simfile_snipped.dat', 'lambda_0.7000/simfile_snipped.dat', 'lambda_0.8000/simfile_snipped.dat', 'lambda_0.9000/simfile_snipped.dat', 'lambda_1.0000/simfile_snipped.dat']
#Overlap matrix
0.7550 0.2282 0.0167 0.0002 0.0000 0.0000 0.0000 0.0000 0.0000 0.0000 0.0000
0.2282 0.5423 0.2133 0.0159 0.0004 0.0000 0.0000 0.0000 0.0000 0.0000 0.0000
0.0167 0.2133 0.5129 0.2331 0.0237 0.0004 0.0000 0.0000 0.0000 0.0000 0.0000
0.0002 0.0159 0.2331 0.5101 0.2234 0.0168 0.0004 0.0000 0.0000 0.0000 0.0000
0.0000 0.0004 0.0237 0.2234 0.5338 0.2038 0.0146 0.0004 0.0000 0.0000 0.0000
0.0000 0.0000 0.0004 0.0168 0.2038 0.5597 0.2064 0.0126 0.0003 0.0000 0.0000
0.0000 0.0000 0.0000 0.0004 0.0146 0.2064 0.5979 0.1731 0.0076 0.0001 0.0000
0.0000 0.0000 0.0000 0.0000 0.0004 0.0126 0.1731 0.6493 0.1627 0.0019 0.0000
0.0000 0.0000 0.0000 0.0000 0.0000 0.0003 0.0076 0.1627 0.7222 0.1071 0.0001
0.0000 0.0000 0.0000 0.0000 0.0000 0.0000 0.0001 0.0019 0.1071 0.8463 0.0447
0.0000 0.0000 0.0000 0.0000 0.0000 0.0000 0.0000 0.0000 0.0001 0.0447 0.9552
#DG from neighbouring lambda in kcal/mol
0.0000 0.1000 10.4221 0.0418
0.1000 0.2000 9.1082 0.0417
0.2000 0.3000 7.6396 0.0376
0.3000 0.4000 6.4235 0.0389
0.4000 0.5000 5.0900 0.0434
0.5000 0.6000 3.7670 0.0437
0.6000 0.7000 2.7035 0.0514
0.7000 0.8000 2.0103 0.0562
0.8000 0.9000 2.1019 0.0771
0.9000 1.0000 4.5745 0.1299
#PMF from MBAR in kcal/mol
0.0000 0.0000 0.0000
0.1000 10.4221 0.0418
0.2000 19.5303 0.0684
0.3000 27.1699 0.0858
0.4000 33.5934 0.0999
0.5000 38.6834 0.1144
0.6000 42.4504 0.1273
0.7000 45.1538 0.1416
0.8000 47.1641 0.1565
0.9000 49.2661 0.1787
1.0000 53.8405 0.2245
#TI average gradients and standard deviation in kcal/mol
0.0000 99.8259 13.1358
0.1000 98.1144 11.6647
0.2000 83.7543 11.7072
0.3000 70.3322 10.8143
0.4000 57.8922 10.9210
0.5000 43.5578 12.2556
0.6000 31.7552 13.6883
0.7000 22.6550 14.9292
0.8000 18.4706 17.1306
0.9000 27.9234 20.6441
1.0000 72.1524 24.9907
#PMF from TI in kcal/mol
0.0000 0.0000
0.1000 9.8970
0.2000 18.9904
0.3000 26.6948
0.4000 33.1060
0.5000 38.1785
0.6000 41.9442
0.7000 44.6647
0.8000 46.7209
0.9000 49.0406
1.0000 54.0444
#MBAR free energy difference in kcal/mol: 
53.840538, 0.224543  #WARNING SUBSAMPLING DISABLED, CONSIDER RERUN WITH SUBSAMPLING OPTION
#TI free energy difference in kcal/mol: 
54.044435  #WARNING SUBSAMPLING DISABLED, CONSIDER RERUN WITH SUBSAMPLING OPTION 
Starting /export/users/common/BioSimSpace/sire.app/bin/analyse_freenrg: number of threads equals 32
