# Analysing data contained in file(s) ['lambda_0.0000/simfile_snipped.dat', 'lambda_0.1000/simfile_snipped.dat', 'lambda_0.2000/simfile_snipped.dat', 'lambda_0.3000/simfile_snipped.dat', 'lambda_0.4000/simfile_snipped.dat', 'lambda_0.5000/simfile_snipped.dat', 'lambda_0.6000/simfile_snipped.dat', 'lambda_0.7000/simfile_snipped.dat', 'lambda_0.8000/simfile_snipped.dat', 'lambda_0.9000/simfile_snipped.dat', 'lambda_1.0000/simfile_snipped.dat']
#Overlap matrix
0.9421 0.0579 0.0000 0.0000 0.0000 0.0000 0.0000 0.0000 0.0000 0.0000 0.0000
0.0579 0.8816 0.0604 0.0001 0.0000 0.0000 0.0000 0.0000 0.0000 0.0000 0.0000
0.0000 0.0604 0.8837 0.0557 0.0001 0.0000 0.0000 0.0000 0.0000 0.0000 0.0000
0.0000 0.0001 0.0557 0.8776 0.0661 0.0005 0.0000 0.0000 0.0000 0.0000 0.0000
0.0000 0.0000 0.0001 0.0661 0.8342 0.0973 0.0024 0.0000 0.0000 0.0000 0.0000
0.0000 0.0000 0.0000 0.0005 0.0973 0.7451 0.1543 0.0028 0.0000 0.0000 0.0000
0.0000 0.0000 0.0000 0.0000 0.0024 0.1543 0.6659 0.1748 0.0026 0.0000 0.0000
0.0000 0.0000 0.0000 0.0000 0.0000 0.0028 0.1748 0.6606 0.1601 0.0017 0.0000
0.0000 0.0000 0.0000 0.0000 0.0000 0.0000 0.0026 0.1601 0.6953 0.1418 0.0001
0.0000 0.0000 0.0000 0.0000 0.0000 0.0000 0.0000 0.0017 0.1418 0.8126 0.0439
0.0000 0.0000 0.0000 0.0000 0.0000 0.0000 0.0000 0.0000 0.0001 0.0439 0.9560
#DG from neighbouring lambda in kcal/mol
0.0000 0.1000 -6.1618 0.1126
0.1000 0.2000 -4.2971 0.1098
0.2000 0.3000 -3.6770 0.1149
0.3000 0.4000 -3.2108 0.1040
0.4000 0.5000 -1.8791 0.0814
0.5000 0.6000 -0.8068 0.0596
0.6000 0.7000 -1.1072 0.0543
0.7000 0.8000 -2.1244 0.0582
0.8000 0.9000 -3.3931 0.0642
0.9000 1.0000 -6.2389 0.1312
#PMF from MBAR in kcal/mol
0.0000 0.0000 0.0000
0.1000 -6.1618 0.1126
0.2000 -10.4588 0.1624
0.3000 -14.1359 0.2030
0.4000 -17.3466 0.2316
0.5000 -19.2257 0.2486
0.6000 -20.0325 0.2584
0.7000 -21.1397 0.2668
0.8000 -23.2641 0.2759
0.9000 -26.6572 0.2860
1.0000 -32.8961 0.3172
#TI average gradients and standard deviation in kcal/mol
0.0000 -79.6686 23.4545
0.1000 -48.4932 21.5345
0.2000 -39.2286 22.5224
0.3000 -35.8092 23.9349
0.4000 -26.1165 20.1270
0.5000 -12.3102 15.5864
0.6000 -8.3170 15.4043
0.7000 -14.5894 14.4328
0.8000 -27.3066 13.8360
0.9000 -42.1639 15.9212
1.0000 -81.2181 20.3219
#PMF from TI in kcal/mol
0.0000 0.0000
0.1000 -6.4081
0.2000 -10.7942
0.3000 -14.5461
0.4000 -17.6424
0.5000 -19.5637
0.6000 -20.5950
0.7000 -21.7404
0.8000 -23.8352
0.9000 -27.3087
1.0000 -33.4778
#MBAR free energy difference in kcal/mol: 
-32.896110, 0.317242  #WARNING SUBSAMPLING DISABLED, CONSIDER RERUN WITH SUBSAMPLING OPTION
#TI free energy difference in kcal/mol: 
-33.477788  #WARNING SUBSAMPLING DISABLED, CONSIDER RERUN WITH SUBSAMPLING OPTION 
Starting /export/users/common/BioSimSpace/sire.app/bin/analyse_freenrg: number of threads equals 32
