# Analysing data contained in file(s) ['lambda_0.0000/simfile_snipped.dat', 'lambda_0.1000/simfile_snipped.dat', 'lambda_0.2000/simfile_snipped.dat', 'lambda_0.3000/simfile_snipped.dat', 'lambda_0.4000/simfile_snipped.dat', 'lambda_0.5000/simfile_snipped.dat', 'lambda_0.6000/simfile_snipped.dat', 'lambda_0.7000/simfile_snipped.dat', 'lambda_0.8000/simfile_snipped.dat', 'lambda_0.9000/simfile_snipped.dat', 'lambda_1.0000/simfile_snipped.dat']
#Overlap matrix
0.6309 0.2929 0.0692 0.0069 0.0003 0.0000 0.0000 0.0000 0.0000 0.0000 0.0000
0.2929 0.3993 0.2438 0.0589 0.0050 0.0001 0.0000 0.0000 0.0000 0.0000 0.0000
0.0692 0.2438 0.3889 0.2430 0.0515 0.0036 0.0001 0.0000 0.0000 0.0000 0.0000
0.0069 0.0589 0.2430 0.4025 0.2387 0.0475 0.0024 0.0000 0.0000 0.0000 0.0000
0.0003 0.0050 0.0515 0.2387 0.4235 0.2423 0.0375 0.0013 0.0000 0.0000 0.0000
0.0000 0.0001 0.0036 0.0475 0.2423 0.4396 0.2362 0.0298 0.0008 0.0000 0.0000
0.0000 0.0000 0.0001 0.0024 0.0375 0.2362 0.4678 0.2304 0.0253 0.0005 0.0000
0.0000 0.0000 0.0000 0.0000 0.0013 0.0298 0.2304 0.4853 0.2337 0.0192 0.0002
0.0000 0.0000 0.0000 0.0000 0.0000 0.0008 0.0253 0.2337 0.5074 0.2224 0.0104
0.0000 0.0000 0.0000 0.0000 0.0000 0.0000 0.0005 0.0192 0.2224 0.5591 0.1988
0.0000 0.0000 0.0000 0.0000 0.0000 0.0000 0.0000 0.0002 0.0104 0.1988 0.7907
#DG from neighbouring lambda in kcal/mol
0.0000 0.1000 0.3000 0.0262
0.1000 0.2000 0.1793 0.0260
0.2000 0.3000 0.0570 0.0272
0.3000 0.4000 -0.0676 0.0292
0.4000 0.5000 -0.1687 0.0304
0.5000 0.6000 -0.3208 0.0334
0.6000 0.7000 -0.5423 0.0358
0.7000 0.8000 -0.7933 0.0368
0.8000 0.9000 -1.1403 0.0406
0.9000 1.0000 -1.8085 0.0481
#PMF from MBAR in kcal/mol
0.0000 0.0000 0.0000
0.1000 0.3000 0.0262
0.2000 0.4793 0.0456
0.3000 0.5363 0.0606
0.4000 0.4687 0.0737
0.5000 0.3000 0.0854
0.6000 -0.0208 0.0971
0.7000 -0.5631 0.1087
0.8000 -1.3564 0.1196
0.9000 -2.4967 0.1310
1.0000 -4.3052 0.1443
#TI average gradients and standard deviation in kcal/mol
0.0000 3.2037 7.6849
0.1000 2.2850 8.3850
0.2000 1.9510 8.3922
0.3000 -0.1602 8.0746
0.4000 -1.6069 8.3854
0.5000 -1.9013 9.4577
0.6000 -4.4999 9.6280
0.7000 -6.6119 9.9737
0.8000 -9.7499 10.8297
0.9000 -13.6376 12.4257
1.0000 -22.5477 12.4642
#PMF from TI in kcal/mol
0.0000 0.0000
0.1000 0.2744
0.2000 0.4862
0.3000 0.5758
0.4000 0.4874
0.5000 0.3120
0.6000 -0.0080
0.7000 -0.5636
0.8000 -1.3817
0.9000 -2.5511
1.0000 -4.3604
#MBAR free energy difference in kcal/mol: 
-4.305245, 0.144323  #WARNING SUBSAMPLING DISABLED, CONSIDER RERUN WITH SUBSAMPLING OPTION
#TI free energy difference in kcal/mol: 
-4.360369  #WARNING SUBSAMPLING DISABLED, CONSIDER RERUN WITH SUBSAMPLING OPTION 
Starting /export/users/common/BioSimSpace/sire.app/bin/analyse_freenrg: number of threads equals 32
