# Analysing data contained in file(s) ['lambda_0.0000/simfile_snipped.dat', 'lambda_0.1000/simfile_snipped.dat', 'lambda_0.2000/simfile_snipped.dat', 'lambda_0.3000/simfile_snipped.dat', 'lambda_0.4000/simfile_snipped.dat', 'lambda_0.5000/simfile_snipped.dat', 'lambda_0.6000/simfile_snipped.dat', 'lambda_0.7000/simfile_snipped.dat', 'lambda_0.8000/simfile_snipped.dat', 'lambda_0.9000/simfile_snipped.dat', 'lambda_1.0000/simfile_snipped.dat']
#Overlap matrix
0.9999 0.0001 0.0000 0.0000 0.0000 0.0000 0.0000 0.0000 0.0000 0.0000 0.0000
0.0001 0.9855 0.0144 0.0000 0.0000 0.0000 0.0000 0.0000 0.0000 0.0000 0.0000
0.0000 0.0144 0.9356 0.0500 0.0000 0.0000 0.0000 0.0000 0.0000 0.0000 0.0000
0.0000 0.0000 0.0500 0.8801 0.0699 0.0000 0.0000 0.0000 0.0000 0.0000 0.0000
0.0000 0.0000 0.0000 0.0699 0.8460 0.0841 0.0000 0.0000 0.0000 0.0000 0.0000
0.0000 0.0000 0.0000 0.0000 0.0841 0.8332 0.0827 0.0000 0.0000 0.0000 0.0000
0.0000 0.0000 0.0000 0.0000 0.0000 0.0827 0.8830 0.0343 0.0000 0.0000 0.0000
0.0000 0.0000 0.0000 0.0000 0.0000 0.0000 0.0343 0.9525 0.0132 0.0000 0.0000
0.0000 0.0000 0.0000 0.0000 0.0000 0.0000 0.0000 0.0132 0.9535 0.0333 0.0000
0.0000 0.0000 0.0000 0.0000 0.0000 0.0000 0.0000 0.0000 0.0333 0.9382 0.0285
0.0000 0.0000 0.0000 0.0000 0.0000 0.0000 0.0000 0.0000 0.0000 0.0285 0.9715
#DG from neighbouring lambda in kcal/mol
0.0000 0.1000 23.9400 2.6371
0.1000 0.2000 9.2970 0.2370
0.2000 0.3000 3.6950 0.1223
0.3000 0.4000 0.9145 0.1011
0.4000 0.5000 -1.2254 0.0906
0.5000 0.6000 -3.0233 0.0915
0.6000 0.7000 -6.3192 0.1502
0.7000 0.8000 -16.0040 0.2474
0.8000 0.9000 -22.5324 0.1525
0.9000 1.0000 -28.3919 0.1659
#PMF from MBAR in kcal/mol
0.0000 0.0000 0.0000
0.1000 23.9400 2.6371
0.2000 33.2370 2.6481
0.3000 36.9320 2.6512
0.4000 37.8465 2.6534
0.5000 36.6211 2.6553
0.6000 33.5978 2.6572
0.7000 27.2785 2.6617
0.8000 11.2745 2.6735
0.9000 -11.2579 2.6782
1.0000 -39.6498 2.6836
#TI average gradients and standard deviation in kcal/mol
0.0000 392.6791 54.1151
0.1000 145.5252 34.8811
0.2000 58.6216 25.5645
0.3000 21.7380 20.4720
0.4000 -3.2368 20.0262
0.5000 -20.6455 19.8709
0.6000 -41.3908 20.6811
0.7000 -102.8611 33.2367
0.8000 -197.5399 24.6793
0.9000 -255.2776 27.3174
1.0000 -319.9202 31.8199
#PMF from TI in kcal/mol
0.0000 0.0000
0.1000 26.9102
0.2000 37.1176
0.3000 41.1355
0.4000 42.0606
0.5000 40.8665
0.6000 37.7647
0.7000 30.5521
0.8000 15.5320
0.9000 -7.1088
1.0000 -35.8687
#MBAR free energy difference in kcal/mol: 
-39.649753, 2.683623  #WARNING SUBSAMPLING DISABLED, CONSIDER RERUN WITH SUBSAMPLING OPTION
#TI free energy difference in kcal/mol: 
-35.868722  #WARNING SUBSAMPLING DISABLED, CONSIDER RERUN WITH SUBSAMPLING OPTION 
Starting /export/users/common/BioSimSpace/sire.app/bin/analyse_freenrg: number of threads equals 32
