# Analysing data contained in file(s) ['lambda_0.0000/simfile_snipped.dat', 'lambda_0.1000/simfile_snipped.dat', 'lambda_0.2000/simfile_snipped.dat', 'lambda_0.3000/simfile_snipped.dat', 'lambda_0.4000/simfile_snipped.dat', 'lambda_0.5000/simfile_snipped.dat', 'lambda_0.6000/simfile_snipped.dat', 'lambda_0.7000/simfile_snipped.dat', 'lambda_0.8000/simfile_snipped.dat', 'lambda_0.9000/simfile_snipped.dat', 'lambda_1.0000/simfile_snipped.dat']
#Overlap matrix
0.8680 0.1314 0.0006 0.0000 0.0000 0.0000 0.0000 0.0000 0.0000 0.0000 0.0000
0.1314 0.7378 0.1306 0.0003 0.0000 0.0000 0.0000 0.0000 0.0000 0.0000 0.0000
0.0006 0.1306 0.7587 0.1097 0.0005 0.0000 0.0000 0.0000 0.0000 0.0000 0.0000
0.0000 0.0003 0.1097 0.7560 0.1324 0.0017 0.0000 0.0000 0.0000 0.0000 0.0000
0.0000 0.0000 0.0005 0.1324 0.7429 0.1240 0.0003 0.0000 0.0000 0.0000 0.0000
0.0000 0.0000 0.0000 0.0017 0.1240 0.8437 0.0306 0.0000 0.0000 0.0000 0.0000
0.0000 0.0000 0.0000 0.0000 0.0003 0.0306 0.9427 0.0264 0.0000 0.0000 0.0000
0.0000 0.0000 0.0000 0.0000 0.0000 0.0000 0.0264 0.9526 0.0210 0.0000 0.0000
0.0000 0.0000 0.0000 0.0000 0.0000 0.0000 0.0000 0.0210 0.9650 0.0140 0.0000
0.0000 0.0000 0.0000 0.0000 0.0000 0.0000 0.0000 0.0000 0.0140 0.9658 0.0203
0.0000 0.0000 0.0000 0.0000 0.0000 0.0000 0.0000 0.0000 0.0000 0.0203 0.9797
#DG from neighbouring lambda in kcal/mol
0.0000 0.1000 5.7365 0.0681
0.1000 0.2000 3.0624 0.0682
0.2000 0.3000 -0.4187 0.0766
0.3000 0.4000 -3.5935 0.0672
0.4000 0.5000 -4.0981 0.0702
0.5000 0.6000 -3.5034 0.1589
0.6000 0.7000 -3.2787 0.1725
0.7000 0.8000 -3.8089 0.1946
0.8000 0.9000 -4.2452 0.2403
0.9000 1.0000 -4.6507 0.1983
#PMF from MBAR in kcal/mol
0.0000 0.0000 0.0000
0.1000 5.7365 0.0681
0.2000 8.7989 0.1044
0.3000 8.3802 0.1356
0.4000 4.7867 0.1565
0.5000 0.6886 0.1759
0.6000 -2.8148 0.2403
0.7000 -6.0935 0.2985
0.8000 -9.9024 0.3587
0.9000 -14.1477 0.4336
1.0000 -18.7983 0.4786
#TI average gradients and standard deviation in kcal/mol
0.0000 64.5985 16.4108
0.1000 44.0235 15.9141
0.2000 15.0157 17.9260
0.3000 -21.9075 15.8871
0.4000 -45.3327 15.4184
0.5000 -31.9099 21.4524
0.6000 -37.3122 22.3564
0.7000 -33.1576 27.7681
0.8000 -40.0539 27.2091
0.9000 -50.7094 25.2937
1.0000 -46.4088 29.5162
#PMF from TI in kcal/mol
0.0000 0.0000
0.1000 5.4311
0.2000 8.3831
0.3000 8.0385
0.4000 4.6765
0.5000 0.8143
0.6000 -2.6468
0.7000 -6.1703
0.8000 -9.8308
0.9000 -14.3690
1.0000 -19.2249
#MBAR free energy difference in kcal/mol: 
-18.798302, 0.478582  #WARNING SUBSAMPLING DISABLED, CONSIDER RERUN WITH SUBSAMPLING OPTION
#TI free energy difference in kcal/mol: 
-19.224908  #WARNING SUBSAMPLING DISABLED, CONSIDER RERUN WITH SUBSAMPLING OPTION 
Starting /export/users/common/BioSimSpace/sire.app/bin/analyse_freenrg: number of threads equals 32
