# Analysing data contained in file(s) ['lambda_0.0000/simfile_snipped.dat', 'lambda_0.1000/simfile_snipped.dat', 'lambda_0.2000/simfile_snipped.dat', 'lambda_0.3000/simfile_snipped.dat', 'lambda_0.4000/simfile_snipped.dat', 'lambda_0.5000/simfile_snipped.dat', 'lambda_0.6000/simfile_snipped.dat', 'lambda_0.7000/simfile_snipped.dat', 'lambda_0.8000/simfile_snipped.dat', 'lambda_0.9000/simfile_snipped.dat', 'lambda_1.0000/simfile_snipped.dat']
#Overlap matrix
0.8515 0.1481 0.0003 0.0000 0.0000 0.0000 0.0000 0.0000 0.0000 0.0000 0.0000
0.1481 0.7660 0.0859 0.0000 0.0000 0.0000 0.0000 0.0000 0.0000 0.0000 0.0000
0.0003 0.0859 0.8806 0.0331 0.0001 0.0000 0.0000 0.0000 0.0000 0.0000 0.0000
0.0000 0.0000 0.0331 0.8353 0.1312 0.0004 0.0000 0.0000 0.0000 0.0000 0.0000
0.0000 0.0000 0.0001 0.1312 0.8492 0.0196 0.0000 0.0000 0.0000 0.0000 0.0000
0.0000 0.0000 0.0000 0.0004 0.0196 0.9632 0.0168 0.0000 0.0000 0.0000 0.0000
0.0000 0.0000 0.0000 0.0000 0.0000 0.0168 0.9832 0.0000 0.0000 0.0000 0.0000
0.0000 0.0000 0.0000 0.0000 0.0000 0.0000 0.0000 1.0000 0.0000 0.0000 0.0000
0.0000 0.0000 0.0000 0.0000 0.0000 0.0000 0.0000 0.0000 0.9998 0.0002 0.0000
0.0000 0.0000 0.0000 0.0000 0.0000 0.0000 0.0000 0.0000 0.0002 0.9991 0.0006
0.0000 0.0000 0.0000 0.0000 0.0000 0.0000 0.0000 0.0000 0.0000 0.0006 0.9994
#DG from neighbouring lambda in kcal/mol
0.0000 0.1000 -0.2838 0.0627
0.1000 0.2000 -2.8497 0.0893
0.2000 0.3000 -9.3780 0.1528
0.3000 0.4000 -13.4577 0.0682
0.4000 0.5000 -12.9818 0.1996
0.5000 0.6000 -6.0175 0.2188
0.6000 0.7000 19.2694 5.5700
0.7000 0.8000 4.9179 7.2956
0.8000 0.9000 4.4838 1.9375
0.9000 1.0000 8.4470 1.1439
#PMF from MBAR in kcal/mol
0.0000 0.0000 0.0000
0.1000 -0.2838 0.0627
0.2000 -3.1334 0.1163
0.3000 -12.5114 0.1963
0.4000 -25.9691 0.2117
0.5000 -38.9509 0.2933
0.6000 -44.9684 0.3681
0.7000 -25.6990 5.5662
0.8000 -20.7810 2.0902
0.9000 -16.2973 2.0902
1.0000 -7.8503 2.2414
#TI average gradients and standard deviation in kcal/mol
0.0000 -14.4889 16.5383
0.1000 -11.2751 15.6241
0.2000 -52.1897 21.0483
0.3000 -128.1691 16.7989
0.4000 -127.8346 21.0921
0.5000 -127.9175 24.2715
0.6000 52.4853 39.8053
0.7000 38.7389 43.9851
0.8000 42.0737 39.6751
0.9000 45.2975 38.2597
1.0000 123.9136 37.2513
#PMF from TI in kcal/mol
0.0000 0.0000
0.1000 -1.2882
0.2000 -4.4614
0.3000 -13.4794
0.4000 -26.2796
0.5000 -39.0672
0.6000 -42.8388
0.7000 -38.2776
0.8000 -34.2369
0.9000 -29.8684
1.0000 -21.4078
#MBAR free energy difference in kcal/mol: 
-7.850327, 2.241406  #WARNING SUBSAMPLING DISABLED, CONSIDER RERUN WITH SUBSAMPLING OPTION
#TI free energy difference in kcal/mol: 
-21.407824  #WARNING SUBSAMPLING DISABLED, CONSIDER RERUN WITH SUBSAMPLING OPTION 
Starting /export/users/common/BioSimSpace/sire.app/bin/analyse_freenrg: number of threads equals 32
