# Analysing data contained in file(s) ['lambda_0.0000/simfile_snipped.dat', 'lambda_0.1000/simfile_snipped.dat', 'lambda_0.2000/simfile_snipped.dat', 'lambda_0.3000/simfile_snipped.dat', 'lambda_0.4000/simfile_snipped.dat', 'lambda_0.5000/simfile_snipped.dat', 'lambda_0.6000/simfile_snipped.dat', 'lambda_0.7000/simfile_snipped.dat', 'lambda_0.8000/simfile_snipped.dat', 'lambda_0.9000/simfile_snipped.dat', 'lambda_1.0000/simfile_snipped.dat']
#Overlap matrix
1.0000 0.0000 0.0000 0.0000 0.0000 0.0000 0.0000 0.0000 0.0000 0.0000 0.0000
0.0000 0.9969 0.0030 0.0000 0.0000 0.0000 0.0000 0.0000 0.0000 0.0000 0.0000
0.0000 0.0030 0.9664 0.0307 0.0000 0.0000 0.0000 0.0000 0.0000 0.0000 0.0000
0.0000 0.0000 0.0307 0.8977 0.0716 0.0001 0.0000 0.0000 0.0000 0.0000 0.0000
0.0000 0.0000 0.0000 0.0716 0.8532 0.0751 0.0001 0.0000 0.0000 0.0000 0.0000
0.0000 0.0000 0.0000 0.0001 0.0751 0.8620 0.0627 0.0002 0.0000 0.0000 0.0000
0.0000 0.0000 0.0000 0.0000 0.0001 0.0627 0.8389 0.0983 0.0000 0.0000 0.0000
0.0000 0.0000 0.0000 0.0000 0.0000 0.0002 0.0983 0.8309 0.0706 0.0000 0.0000
0.0000 0.0000 0.0000 0.0000 0.0000 0.0000 0.0000 0.0706 0.9151 0.0143 0.0000
0.0000 0.0000 0.0000 0.0000 0.0000 0.0000 0.0000 0.0000 0.0143 0.9857 0.0000
0.0000 0.0000 0.0000 0.0000 0.0000 0.0000 0.0000 0.0000 0.0000 0.0000 1.0000
#DG from neighbouring lambda in kcal/mol
0.0000 0.1000 31.0567 2.3796
0.1000 0.2000 5.5742 0.5258
0.2000 0.3000 -1.7818 0.1595
0.3000 0.4000 -4.2635 0.0996
0.4000 0.5000 -5.9016 0.0968
0.5000 0.6000 -8.0338 0.1074
0.6000 0.7000 -9.2296 0.0823
0.7000 0.8000 -12.0797 0.1005
0.8000 0.9000 -19.5529 0.2377
0.9000 1.0000 -57.0335 0.8826
#PMF from MBAR in kcal/mol
0.0000 0.0000 0.0000
0.1000 31.0567 2.3796
0.2000 36.6308 2.9069
0.3000 34.8491 2.9113
0.4000 30.5856 2.9133
0.5000 24.6840 2.9152
0.6000 16.6502 2.9174
0.7000 7.4206 2.9189
0.8000 -4.6591 2.9209
0.9000 -24.2120 2.9335
1.0000 -81.2455 nan
#TI average gradients and standard deviation in kcal/mol
0.0000 2142.9016 91.8555
0.1000 138.5796 50.4538
0.2000 1.7767 29.9612
0.3000 -35.1945 22.4910
0.4000 -51.1792 20.9621
0.5000 -68.3152 21.0904
0.6000 -86.6170 18.6970
0.7000 -102.9868 18.3821
0.8000 -146.6904 24.6149
0.9000 -270.4374 42.1942
1.0000 -1847.0046 69.9960
#PMF from TI in kcal/mol
0.0000 0.0000
0.1000 114.0741
0.2000 121.0919
0.3000 119.4210
0.4000 115.1023
0.5000 109.1276
0.6000 101.3810
0.7000 91.9008
0.8000 79.4169
0.9000 58.5605
1.0000 -47.3116
#MBAR free energy difference in kcal/mol: 
-81.245513, nan  #WARNING SUBSAMPLING DISABLED, CONSIDER RERUN WITH SUBSAMPLING OPTION
#TI free energy difference in kcal/mol: 
-47.311583  #WARNING SUBSAMPLING DISABLED, CONSIDER RERUN WITH SUBSAMPLING OPTION 
Starting /export/users/common/BioSimSpace/sire.app/bin/analyse_freenrg: number of threads equals 32
