# Analysing data contained in file(s) ['lambda_0.0000/simfile_snipped.dat', 'lambda_0.1000/simfile_snipped.dat', 'lambda_0.2000/simfile_snipped.dat', 'lambda_0.3000/simfile_snipped.dat', 'lambda_0.4000/simfile_snipped.dat', 'lambda_0.5000/simfile_snipped.dat', 'lambda_0.6000/simfile_snipped.dat', 'lambda_0.7000/simfile_snipped.dat', 'lambda_0.8000/simfile_snipped.dat', 'lambda_0.9000/simfile_snipped.dat', 'lambda_1.0000/simfile_snipped.dat']
#Overlap matrix
0.9894 0.0106 0.0000 0.0000 0.0000 0.0000 0.0000 0.0000 0.0000 0.0000 0.0000
0.0106 0.9834 0.0060 0.0000 0.0000 0.0000 0.0000 0.0000 0.0000 0.0000 0.0000
0.0000 0.0060 0.9938 0.0002 0.0000 0.0000 0.0000 0.0000 0.0000 0.0000 0.0000
0.0000 0.0000 0.0002 0.9998 0.0000 0.0000 0.0000 0.0000 0.0000 0.0000 0.0000
0.0000 0.0000 0.0000 0.0000 0.9525 0.0443 0.0028 0.0003 0.0000 0.0000 0.0000
0.0000 0.0000 0.0000 0.0000 0.0443 0.7659 0.1847 0.0050 0.0000 0.0000 0.0000
0.0000 0.0000 0.0000 0.0000 0.0028 0.1847 0.6276 0.1817 0.0032 0.0000 0.0000
0.0000 0.0000 0.0000 0.0000 0.0003 0.0050 0.1817 0.6633 0.1490 0.0006 0.0000
0.0000 0.0000 0.0000 0.0000 0.0000 0.0000 0.0032 0.1490 0.7449 0.1028 0.0001
0.0000 0.0000 0.0000 0.0000 0.0000 0.0000 0.0000 0.0006 0.1028 0.8029 0.0937
0.0000 0.0000 0.0000 0.0000 0.0000 0.0000 0.0000 0.0000 0.0001 0.0937 0.9062
#DG from neighbouring lambda in kcal/mol
0.0000 0.1000 -1.6067 0.2764
0.1000 0.2000 -1.5324 0.3699
0.2000 0.3000 -4.5676 2.2738
0.3000 0.4000 -18.5132 1.7220
0.4000 0.5000 2.4932 0.1259
0.5000 0.6000 10.0135 0.0515
0.6000 0.7000 7.4590 0.0520
0.7000 0.8000 2.7769 0.0614
0.8000 0.9000 -2.5074 0.0797
0.9000 1.0000 -7.6467 0.0848
#PMF from MBAR in kcal/mol
0.0000 0.0000 0.0000
0.1000 -1.6067 0.2764
0.2000 -3.1392 0.4636
0.3000 -7.7067 2.3210
0.4000 -26.2199 0.6467
0.5000 -23.7267 0.6373
0.6000 -13.7132 0.6359
0.7000 -6.2542 0.6354
0.8000 -3.4772 0.6360
0.9000 -5.9847 0.6387
1.0000 -13.6313 0.6436
#TI average gradients and standard deviation in kcal/mol
0.0000 -26.9856 29.7347
0.1000 -13.0375 33.1230
0.2000 -31.2468 36.1931
0.3000 -51.8186 43.4924
0.4000 -79.3914 37.2377
0.5000 89.8207 16.4107
0.6000 95.1695 14.6526
0.7000 53.4380 13.5825
0.8000 2.3593 14.9876
0.9000 -52.4759 17.9370
1.0000 -92.4701 20.5738
#PMF from TI in kcal/mol
0.0000 0.0000
0.1000 -2.0012
0.2000 -4.2154
0.3000 -8.3686
0.4000 -14.9291
0.5000 -14.4077
0.6000 -5.1582
0.7000 2.2722
0.8000 5.0621
0.9000 2.5562
1.0000 -4.6911
#MBAR free energy difference in kcal/mol: 
-13.631335, 0.643580  #WARNING SUBSAMPLING DISABLED, CONSIDER RERUN WITH SUBSAMPLING OPTION
#TI free energy difference in kcal/mol: 
-4.691068  #WARNING SUBSAMPLING DISABLED, CONSIDER RERUN WITH SUBSAMPLING OPTION 
Starting /export/users/common/BioSimSpace/sire.app/bin/analyse_freenrg: number of threads equals 32
