# Analysing data contained in file(s) ['lambda_0.0000/simfile_snipped.dat', 'lambda_0.1000/simfile_snipped.dat', 'lambda_0.2000/simfile_snipped.dat', 'lambda_0.3000/simfile_snipped.dat', 'lambda_0.4000/simfile_snipped.dat', 'lambda_0.5000/simfile_snipped.dat', 'lambda_0.6000/simfile_snipped.dat', 'lambda_0.7000/simfile_snipped.dat', 'lambda_0.8000/simfile_snipped.dat', 'lambda_0.9000/simfile_snipped.dat', 'lambda_1.0000/simfile_snipped.dat']
#Overlap matrix
1.0000 0.0000 0.0000 0.0000 0.0000 0.0000 0.0000 0.0000 0.0000 0.0000 0.0000
0.0000 0.9930 0.0070 0.0000 0.0000 0.0000 0.0000 0.0000 0.0000 0.0000 0.0000
0.0000 0.0070 0.9497 0.0433 0.0000 0.0000 0.0000 0.0000 0.0000 0.0000 0.0000
0.0000 0.0000 0.0433 0.8848 0.0718 0.0000 0.0000 0.0000 0.0000 0.0000 0.0000
0.0000 0.0000 0.0000 0.0718 0.8552 0.0729 0.0000 0.0000 0.0000 0.0000 0.0000
0.0000 0.0000 0.0000 0.0000 0.0729 0.8308 0.0963 0.0000 0.0000 0.0000 0.0000
0.0000 0.0000 0.0000 0.0000 0.0000 0.0963 0.8977 0.0060 0.0000 0.0000 0.0000
0.0000 0.0000 0.0000 0.0000 0.0000 0.0000 0.0060 0.9753 0.0187 0.0000 0.0000
0.0000 0.0000 0.0000 0.0000 0.0000 0.0000 0.0000 0.0187 0.9813 0.0000 0.0000
0.0000 0.0000 0.0000 0.0000 0.0000 0.0000 0.0000 0.0000 0.0000 1.0000 0.0000
0.0000 0.0000 0.0000 0.0000 0.0000 0.0000 0.0000 0.0000 0.0000 0.0000 1.0000
#DG from neighbouring lambda in kcal/mol
0.0000 0.1000 42.0536 5.2075
0.1000 0.2000 8.2493 0.3422
0.2000 0.3000 1.7442 0.1323
0.3000 0.4000 -0.8233 0.0995
0.4000 0.5000 -1.8918 0.0986
0.5000 0.6000 -1.3436 0.0834
0.6000 0.7000 -0.1104 0.3703
0.7000 0.8000 1.0142 0.2068
0.8000 0.9000 0.0105 46.7526
0.9000 1.0000 -83.0371 41.5590
#PMF from MBAR in kcal/mol
0.0000 0.0000 0.0000
0.1000 42.0536 5.2075
0.2000 50.3029 5.1986
0.3000 52.0471 5.1976
0.4000 51.2238 5.1972
0.5000 49.3321 5.1971
0.6000 47.9885 5.1972
0.7000 47.8781 5.2016
0.8000 48.8923 5.2040
0.9000 48.9028 41.5590
1.0000 -34.1343 0.0000
#TI average gradients and standard deviation in kcal/mol
0.0000 5892.8727 434.8408
0.1000 159.4320 41.6274
0.2000 37.6897 23.1332
0.3000 0.2440 20.4969
0.4000 -14.5741 18.9056
0.5000 -23.0281 18.3593
0.6000 -1.6369 23.9860
0.7000 -15.1692 21.8062
0.8000 25.2684 36.8816
0.9000 -167.5832 54.3425
1.0000 -5427.9788 297.9886
#PMF from TI in kcal/mol
0.0000 0.0000
0.1000 302.6152
0.2000 312.4713
0.3000 314.3680
0.4000 313.6515
0.5000 311.7714
0.6000 310.5381
0.7000 309.6978
0.8000 310.2028
0.9000 303.0871
1.0000 23.3090
#MBAR free energy difference in kcal/mol: 
-34.134292, 0.000000  #WARNING SUBSAMPLING DISABLED, CONSIDER RERUN WITH SUBSAMPLING OPTION
#TI free energy difference in kcal/mol: 
23.308955  #WARNING SUBSAMPLING DISABLED, CONSIDER RERUN WITH SUBSAMPLING OPTION 
Starting /export/users/common/BioSimSpace/sire.app/bin/analyse_freenrg: number of threads equals 32
