# Analysing data contained in file(s) ['lambda_0.0000/simfile_snipped.dat', 'lambda_0.1000/simfile_snipped.dat', 'lambda_0.2000/simfile_snipped.dat', 'lambda_0.3000/simfile_snipped.dat', 'lambda_0.4000/simfile_snipped.dat', 'lambda_0.5000/simfile_snipped.dat', 'lambda_0.6000/simfile_snipped.dat', 'lambda_0.7000/simfile_snipped.dat', 'lambda_0.8000/simfile_snipped.dat', 'lambda_0.9000/simfile_snipped.dat', 'lambda_1.0000/simfile_snipped.dat']
#Overlap matrix
0.8801 0.1195 0.0004 0.0000 0.0000 0.0000 0.0000 0.0000 0.0000 0.0000 0.0000
0.1195 0.7637 0.1165 0.0003 0.0000 0.0000 0.0000 0.0000 0.0000 0.0000 0.0000
0.0004 0.1165 0.7639 0.1185 0.0007 0.0000 0.0000 0.0000 0.0000 0.0000 0.0000
0.0000 0.0003 0.1185 0.7437 0.1363 0.0012 0.0000 0.0000 0.0000 0.0000 0.0000
0.0000 0.0000 0.0007 0.1363 0.7878 0.0748 0.0003 0.0000 0.0000 0.0000 0.0000
0.0000 0.0000 0.0000 0.0012 0.0748 0.8167 0.1062 0.0011 0.0000 0.0000 0.0000
0.0000 0.0000 0.0000 0.0000 0.0003 0.1062 0.7830 0.1098 0.0007 0.0000 0.0000
0.0000 0.0000 0.0000 0.0000 0.0000 0.0011 0.1098 0.7795 0.1090 0.0005 0.0000
0.0000 0.0000 0.0000 0.0000 0.0000 0.0000 0.0007 0.1090 0.7828 0.1071 0.0003
0.0000 0.0000 0.0000 0.0000 0.0000 0.0000 0.0000 0.0005 0.1071 0.8113 0.0811
0.0000 0.0000 0.0000 0.0000 0.0000 0.0000 0.0000 0.0000 0.0003 0.0811 0.9186
#DG from neighbouring lambda in kcal/mol
0.0000 0.1000 -0.4812 0.0726
0.1000 0.2000 -1.9674 0.0737
0.2000 0.3000 -3.8084 0.0727
0.3000 0.4000 -4.5492 0.0659
0.4000 0.5000 -4.0813 0.0960
0.5000 0.6000 -4.7586 0.0778
0.6000 0.7000 -4.7236 0.0760
0.7000 0.8000 -4.7136 0.0766
0.8000 0.9000 -4.0994 0.0776
0.9000 1.0000 -1.5943 0.0924
#PMF from MBAR in kcal/mol
0.0000 0.0000 0.0000
0.1000 -0.4812 0.0726
0.2000 -2.4486 0.1109
0.3000 -6.2570 0.1386
0.4000 -10.8062 0.1586
0.5000 -14.8875 0.1893
0.6000 -19.6461 0.2085
0.7000 -24.3697 0.2253
0.8000 -29.0833 0.2413
0.9000 -33.1827 0.2566
1.0000 -34.7770 0.2756
#TI average gradients and standard deviation in kcal/mol
0.0000 -6.3973 18.1600
0.1000 -11.5849 17.1750
0.2000 -28.7084 17.4646
0.3000 -46.0084 17.0616
0.4000 -39.3145 17.7819
0.5000 -45.3284 19.0421
0.6000 -48.8869 16.7009
0.7000 -48.0808 17.4439
0.8000 -46.0176 19.3036
0.9000 -31.9810 21.2540
1.0000 9.5228 21.7859
#PMF from TI in kcal/mol
0.0000 0.0000
0.1000 -0.8991
0.2000 -2.9138
0.3000 -6.6496
0.4000 -10.9158
0.5000 -15.1479
0.6000 -19.8587
0.7000 -24.7071
0.8000 -29.4120
0.9000 -33.3119
1.0000 -34.4348
#MBAR free energy difference in kcal/mol: 
-34.776976, 0.275608  #WARNING SUBSAMPLING DISABLED, CONSIDER RERUN WITH SUBSAMPLING OPTION
#TI free energy difference in kcal/mol: 
-34.434813  #WARNING SUBSAMPLING DISABLED, CONSIDER RERUN WITH SUBSAMPLING OPTION 
Starting /export/users/common/BioSimSpace/sire.app/bin/analyse_freenrg: number of threads equals 32
