# Analysing data contained in file(s) ['lambda_0.0000/simfile_snipped.dat', 'lambda_0.1000/simfile_snipped.dat', 'lambda_0.2000/simfile_snipped.dat', 'lambda_0.3000/simfile_snipped.dat', 'lambda_0.4000/simfile_snipped.dat', 'lambda_0.5000/simfile_snipped.dat', 'lambda_0.6000/simfile_snipped.dat', 'lambda_0.7000/simfile_snipped.dat', 'lambda_0.8000/simfile_snipped.dat', 'lambda_0.9000/simfile_snipped.dat', 'lambda_1.0000/simfile_snipped.dat']
#Overlap matrix
0.8114 0.1861 0.0025 0.0000 0.0000 0.0000 0.0000 0.0000 0.0000 0.0000 0.0000
0.1861 0.6547 0.1574 0.0018 0.0000 0.0000 0.0000 0.0000 0.0000 0.0000 0.0000
0.0025 0.1574 0.6963 0.1433 0.0005 0.0000 0.0000 0.0000 0.0000 0.0000 0.0000
0.0000 0.0018 0.1433 0.7258 0.1282 0.0009 0.0000 0.0000 0.0000 0.0000 0.0000
0.0000 0.0000 0.0005 0.1282 0.7156 0.1520 0.0037 0.0000 0.0000 0.0000 0.0000
0.0000 0.0000 0.0000 0.0009 0.1520 0.6694 0.1760 0.0017 0.0000 0.0000 0.0000
0.0000 0.0000 0.0000 0.0000 0.0037 0.1760 0.7772 0.0432 0.0000 0.0000 0.0000
0.0000 0.0000 0.0000 0.0000 0.0000 0.0017 0.0432 0.9364 0.0187 0.0000 0.0000
0.0000 0.0000 0.0000 0.0000 0.0000 0.0000 0.0000 0.0187 0.9608 0.0205 0.0000
0.0000 0.0000 0.0000 0.0000 0.0000 0.0000 0.0000 0.0000 0.0205 0.9589 0.0206
0.0000 0.0000 0.0000 0.0000 0.0000 0.0000 0.0000 0.0000 0.0000 0.0206 0.9794
#DG from neighbouring lambda in kcal/mol
0.0000 0.1000 -5.4676 0.0524
0.1000 0.2000 -6.9180 0.0590
0.2000 0.3000 -8.7519 0.0636
0.3000 0.4000 -11.6928 0.0689
0.4000 0.5000 -14.4091 0.0604
0.5000 0.6000 -14.8927 0.0540
0.6000 0.7000 -12.5522 0.1297
0.7000 0.8000 -11.4129 0.2067
0.8000 0.9000 -11.2593 0.1973
0.9000 1.0000 -9.2539 0.1965
#PMF from MBAR in kcal/mol
0.0000 0.0000 0.0000
0.1000 -5.4676 0.0524
0.2000 -12.3856 0.0880
0.3000 -21.1375 0.1155
0.4000 -32.8303 0.1403
0.5000 -47.2394 0.1579
0.6000 -62.1321 0.1712
0.7000 -74.6843 0.2178
0.8000 -86.0972 0.3030
0.9000 -97.3565 0.3639
1.0000 -106.6104 0.4156
#TI average gradients and standard deviation in kcal/mol
0.0000 -53.0825 13.9888
0.1000 -59.9382 14.5101
0.2000 -77.7868 13.5258
0.3000 -100.8510 16.8027
0.4000 -131.8810 15.6407
0.5000 -152.8982 13.4023
0.6000 -137.4622 18.0501
0.7000 -119.0500 26.1865
0.8000 -116.7683 28.3728
0.9000 -104.9005 28.0997
1.0000 -79.8791 31.4936
#PMF from TI in kcal/mol
0.0000 0.0000
0.1000 -5.6510
0.2000 -12.5373
0.3000 -21.4692
0.4000 -33.1058
0.5000 -47.3447
0.6000 -61.8627
0.7000 -74.6884
0.8000 -86.4793
0.9000 -97.5627
1.0000 -106.8017
#MBAR free energy difference in kcal/mol: 
-106.610416, 0.415561  #WARNING SUBSAMPLING DISABLED, CONSIDER RERUN WITH SUBSAMPLING OPTION
#TI free energy difference in kcal/mol: 
-106.801681  #WARNING SUBSAMPLING DISABLED, CONSIDER RERUN WITH SUBSAMPLING OPTION 
Starting /export/users/common/BioSimSpace/sire.app/bin/analyse_freenrg: number of threads equals 32
