# Analysing data contained in file(s) ['lambda_0.0000/simfile_snipped.dat', 'lambda_0.1000/simfile_snipped.dat', 'lambda_0.2000/simfile_snipped.dat', 'lambda_0.3000/simfile_snipped.dat', 'lambda_0.4000/simfile_snipped.dat', 'lambda_0.5000/simfile_snipped.dat', 'lambda_0.6000/simfile_snipped.dat', 'lambda_0.7000/simfile_snipped.dat', 'lambda_0.8000/simfile_snipped.dat', 'lambda_0.9000/simfile_snipped.dat', 'lambda_1.0000/simfile_snipped.dat']
#Overlap matrix
0.9123 0.0873 0.0004 0.0000 0.0000 0.0000 0.0000 0.0000 0.0000 0.0000 0.0000
0.0873 0.8105 0.1015 0.0008 0.0000 0.0000 0.0000 0.0000 0.0000 0.0000 0.0000
0.0004 0.1015 0.7787 0.1181 0.0013 0.0000 0.0000 0.0000 0.0000 0.0000 0.0000
0.0000 0.0008 0.1181 0.7514 0.1282 0.0015 0.0000 0.0000 0.0000 0.0000 0.0000
0.0000 0.0000 0.0013 0.1282 0.7408 0.1280 0.0017 0.0000 0.0000 0.0000 0.0000
0.0000 0.0000 0.0000 0.0015 0.1280 0.7356 0.1316 0.0033 0.0000 0.0000 0.0000
0.0000 0.0000 0.0000 0.0000 0.0017 0.1316 0.7039 0.1614 0.0014 0.0000 0.0000
0.0000 0.0000 0.0000 0.0000 0.0000 0.0033 0.1614 0.7356 0.0993 0.0005 0.0000
0.0000 0.0000 0.0000 0.0000 0.0000 0.0000 0.0014 0.0993 0.7657 0.1333 0.0003
0.0000 0.0000 0.0000 0.0000 0.0000 0.0000 0.0000 0.0005 0.1333 0.7977 0.0686
0.0000 0.0000 0.0000 0.0000 0.0000 0.0000 0.0000 0.0000 0.0003 0.0686 0.9311
#DG from neighbouring lambda in kcal/mol
0.0000 0.1000 -0.5263 0.0884
0.1000 0.2000 1.8355 0.0802
0.2000 0.3000 1.6364 0.0725
0.3000 0.4000 0.7423 0.0684
0.4000 0.5000 -0.4047 0.0683
0.5000 0.6000 -1.4286 0.0665
0.6000 0.7000 -2.0046 0.0578
0.7000 0.8000 -3.3344 0.0809
0.8000 0.9000 -5.0972 0.0673
0.9000 1.0000 -5.9008 0.1019
#PMF from MBAR in kcal/mol
0.0000 0.0000 0.0000
0.1000 -0.5263 0.0884
0.2000 1.3092 0.1258
0.3000 2.9456 0.1504
0.4000 3.6878 0.1698
0.5000 3.2831 0.1871
0.6000 1.8545 0.2024
0.7000 -0.1500 0.2138
0.8000 -3.4844 0.2319
0.9000 -8.5816 0.2448
1.0000 -14.4824 0.2682
#TI average gradients and standard deviation in kcal/mol
0.0000 -38.2727 21.9458
0.1000 13.9007 20.1850
0.2000 19.0218 19.6940
0.3000 12.8965 16.3665
0.4000 1.6861 17.2859
0.5000 -10.3019 18.2217
0.6000 -17.4053 15.6582
0.7000 -22.1910 15.3783
0.8000 -45.2173 17.8452
0.9000 -54.1252 17.3140
1.0000 -49.4653 19.6888
#PMF from TI in kcal/mol
0.0000 0.0000
0.1000 -1.2186
0.2000 0.4275
0.3000 2.0234
0.4000 2.7526
0.5000 2.3218
0.6000 0.9364
0.7000 -1.0434
0.8000 -4.4138
0.9000 -9.3809
1.0000 -14.5604
#MBAR free energy difference in kcal/mol: 
-14.482407, 0.268166  #WARNING SUBSAMPLING DISABLED, CONSIDER RERUN WITH SUBSAMPLING OPTION
#TI free energy difference in kcal/mol: 
-14.560447  #WARNING SUBSAMPLING DISABLED, CONSIDER RERUN WITH SUBSAMPLING OPTION 
Starting /export/users/common/BioSimSpace/sire.app/bin/analyse_freenrg: number of threads equals 32
