# Analysing data contained in file(s) ['lambda_0.0000/simfile_snipped.dat', 'lambda_0.1000/simfile_snipped.dat', 'lambda_0.2000/simfile_snipped.dat', 'lambda_0.3000/simfile_snipped.dat', 'lambda_0.4000/simfile_snipped.dat', 'lambda_0.5000/simfile_snipped.dat', 'lambda_0.6000/simfile_snipped.dat', 'lambda_0.7000/simfile_snipped.dat', 'lambda_0.8000/simfile_snipped.dat', 'lambda_0.9000/simfile_snipped.dat', 'lambda_1.0000/simfile_snipped.dat']
#Overlap matrix
0.9902 0.0098 0.0000 0.0000 0.0000 0.0000 0.0000 0.0000 0.0000 0.0000 0.0000
0.0098 0.9304 0.0598 0.0000 0.0000 0.0000 0.0000 0.0000 0.0000 0.0000 0.0000
0.0000 0.0598 0.8889 0.0513 0.0000 0.0000 0.0000 0.0000 0.0000 0.0000 0.0000
0.0000 0.0000 0.0513 0.8899 0.0588 0.0000 0.0000 0.0000 0.0000 0.0000 0.0000
0.0000 0.0000 0.0000 0.0588 0.8735 0.0677 0.0000 0.0000 0.0000 0.0000 0.0000
0.0000 0.0000 0.0000 0.0000 0.0677 0.8984 0.0339 0.0000 0.0000 0.0000 0.0000
0.0000 0.0000 0.0000 0.0000 0.0000 0.0339 0.9606 0.0055 0.0000 0.0000 0.0000
0.0000 0.0000 0.0000 0.0000 0.0000 0.0000 0.0055 0.9921 0.0024 0.0000 0.0000
0.0000 0.0000 0.0000 0.0000 0.0000 0.0000 0.0000 0.0024 0.9968 0.0007 0.0000
0.0000 0.0000 0.0000 0.0000 0.0000 0.0000 0.0000 0.0000 0.0007 0.9984 0.0008
0.0000 0.0000 0.0000 0.0000 0.0000 0.0000 0.0000 0.0000 0.0000 0.0008 0.9992
#DG from neighbouring lambda in kcal/mol
0.0000 0.1000 4.7616 0.2886
0.1000 0.2000 0.3402 0.1105
0.2000 0.3000 -4.4657 0.1206
0.3000 0.4000 -9.2023 0.1116
0.4000 0.5000 -12.3651 0.1029
0.5000 0.6000 -12.6804 0.1511
0.6000 0.7000 -10.4563 0.3877
0.7000 0.8000 -7.5440 0.5849
0.8000 0.9000 -3.6102 1.0574
0.9000 1.0000 -0.3107 1.0025
#PMF from MBAR in kcal/mol
0.0000 0.0000 0.0000
0.1000 4.7616 0.2886
0.2000 5.1018 0.3117
0.3000 0.6361 0.3367
0.4000 -8.5662 0.3570
0.5000 -20.9313 0.3738
0.6000 -33.6116 0.4052
0.7000 -44.0680 0.5623
0.8000 -51.6120 0.8124
0.9000 -55.2221 1.3341
1.0000 -55.5328 1.6693
#TI average gradients and standard deviation in kcal/mol
0.0000 75.0910 24.1049
0.1000 17.1842 20.6583
0.2000 -18.2520 24.3953
0.3000 -67.8150 21.7231
0.4000 -111.6898 20.5141
0.5000 -130.4876 22.7367
0.6000 -112.9173 28.9636
0.7000 -86.0974 33.0027
0.8000 -58.2627 38.0972
0.9000 -34.4917 39.3824
1.0000 37.0487 40.4837
#PMF from TI in kcal/mol
0.0000 0.0000
0.1000 4.6138
0.2000 4.5604
0.3000 0.2570
0.4000 -8.7182
0.5000 -20.8271
0.6000 -32.9973
0.7000 -42.9481
0.8000 -50.1661
0.9000 -54.8038
1.0000 -54.6759
#MBAR free energy difference in kcal/mol: 
-55.532829, 1.669257  #WARNING SUBSAMPLING DISABLED, CONSIDER RERUN WITH SUBSAMPLING OPTION
#TI free energy difference in kcal/mol: 
-54.675934  #WARNING SUBSAMPLING DISABLED, CONSIDER RERUN WITH SUBSAMPLING OPTION 
Starting /export/users/common/BioSimSpace/sire.app/bin/analyse_freenrg: number of threads equals 32
