# Analysing data contained in file(s) ['lambda_0.0000/simfile_snipped.dat', 'lambda_0.1000/simfile_snipped.dat', 'lambda_0.2000/simfile_snipped.dat', 'lambda_0.3000/simfile_snipped.dat', 'lambda_0.4000/simfile_snipped.dat', 'lambda_0.5000/simfile_snipped.dat', 'lambda_0.6000/simfile_snipped.dat', 'lambda_0.7000/simfile_snipped.dat', 'lambda_0.8000/simfile_snipped.dat', 'lambda_0.9000/simfile_snipped.dat', 'lambda_1.0000/simfile_snipped.dat']
#Overlap matrix
0.8984 0.1014 0.0001 0.0000 0.0000 0.0000 0.0000 0.0000 0.0000 0.0000 0.0000
0.1014 0.8155 0.0831 0.0000 0.0000 0.0000 0.0000 0.0000 0.0000 0.0000 0.0000
0.0001 0.0831 0.8508 0.0659 0.0000 0.0000 0.0000 0.0000 0.0000 0.0000 0.0000
0.0000 0.0000 0.0659 0.8378 0.0961 0.0001 0.0000 0.0000 0.0000 0.0000 0.0000
0.0000 0.0000 0.0000 0.0961 0.7948 0.1084 0.0007 0.0000 0.0000 0.0000 0.0000
0.0000 0.0000 0.0000 0.0001 0.1084 0.8300 0.0615 0.0000 0.0000 0.0000 0.0000
0.0000 0.0000 0.0000 0.0000 0.0007 0.0615 0.9378 0.0000 0.0000 0.0000 0.0000
0.0000 0.0000 0.0000 0.0000 0.0000 0.0000 0.0000 0.9973 0.0027 0.0000 0.0000
0.0000 0.0000 0.0000 0.0000 0.0000 0.0000 0.0000 0.0027 0.9951 0.0023 0.0000
0.0000 0.0000 0.0000 0.0000 0.0000 0.0000 0.0000 0.0000 0.0023 0.9977 0.0000
0.0000 0.0000 0.0000 0.0000 0.0000 0.0000 0.0000 0.0000 0.0000 0.0000 1.0000
#DG from neighbouring lambda in kcal/mol
0.0000 0.1000 6.2263 0.0807
0.1000 0.2000 5.3466 0.0912
0.2000 0.3000 1.9845 0.1045
0.3000 0.4000 -2.0153 0.0835
0.4000 0.5000 -4.5764 0.0771
0.5000 0.6000 1.9603 0.1081
0.6000 0.7000 13.5374 188.2445
0.7000 0.8000 1.0140 0.5572
0.8000 0.9000 -7.5008 0.6056
0.9000 1.0000 -39.5671 131.7731
#PMF from MBAR in kcal/mol
0.0000 0.0000 0.0000
0.1000 6.2263 0.0807
0.2000 11.5729 0.1283
0.3000 13.5574 0.1704
0.4000 11.5422 0.1940
0.5000 6.9657 0.2127
0.6000 8.9260 0.2417
0.7000 22.4634 188.2447
0.8000 23.4774 188.2455
0.9000 15.9766 188.2465
1.0000 -23.5905 56.4737
#TI average gradients and standard deviation in kcal/mol
0.0000 56.6320 20.6009
0.1000 61.1974 17.5837
0.2000 40.0781 21.1273
0.3000 -0.4673 20.0250
0.4000 -36.7169 17.9412
0.5000 -42.5171 16.5642
0.6000 113.8215 38.9023
0.7000 34.8107 44.0281
0.8000 -18.4429 35.8017
0.9000 -132.4868 45.0095
1.0000 -1135.5340 78.7824
#PMF from TI in kcal/mol
0.0000 0.0000
0.1000 5.8915
0.2000 10.9552
0.3000 12.9358
0.4000 11.0766
0.5000 7.1149
0.6000 10.6801
0.7000 18.1117
0.8000 18.9301
0.9000 11.3836
1.0000 -52.0174
#MBAR free energy difference in kcal/mol: 
-23.590523, 56.473726  #WARNING SUBSAMPLING DISABLED, CONSIDER RERUN WITH SUBSAMPLING OPTION
#TI free energy difference in kcal/mol: 
-52.017436  #WARNING SUBSAMPLING DISABLED, CONSIDER RERUN WITH SUBSAMPLING OPTION 
Starting /export/users/common/BioSimSpace/sire.app/bin/analyse_freenrg: number of threads equals 32
