# Analysing data contained in file(s) ['lambda_0.0000/simfile_snipped.dat', 'lambda_0.1000/simfile_snipped.dat', 'lambda_0.2000/simfile_snipped.dat', 'lambda_0.3000/simfile_snipped.dat', 'lambda_0.4000/simfile_snipped.dat', 'lambda_0.5000/simfile_snipped.dat', 'lambda_0.6000/simfile_snipped.dat', 'lambda_0.7000/simfile_snipped.dat', 'lambda_0.8000/simfile_snipped.dat', 'lambda_0.9000/simfile_snipped.dat', 'lambda_1.0000/simfile_snipped.dat']
#Overlap matrix
0.9983 0.0017 0.0000 0.0000 0.0000 0.0000 0.0000 0.0000 0.0000 0.0000 0.0000
0.0017 0.9979 0.0005 0.0000 0.0000 0.0000 0.0000 0.0000 0.0000 0.0000 0.0000
0.0000 0.0005 0.9995 0.0000 0.0000 0.0000 0.0000 0.0000 0.0000 0.0000 0.0000
0.0000 0.0000 0.0000 1.0000 0.0000 0.0000 0.0000 0.0000 0.0000 0.0000 0.0000
0.0000 0.0000 0.0000 0.0000 0.9939 0.0061 0.0000 0.0000 0.0000 0.0000 0.0000
0.0000 0.0000 0.0000 0.0000 0.0061 0.9715 0.0224 0.0000 0.0000 0.0000 0.0000
0.0000 0.0000 0.0000 0.0000 0.0000 0.0224 0.9358 0.0418 0.0000 0.0000 0.0000
0.0000 0.0000 0.0000 0.0000 0.0000 0.0000 0.0418 0.8859 0.0723 0.0000 0.0000
0.0000 0.0000 0.0000 0.0000 0.0000 0.0000 0.0000 0.0723 0.8932 0.0344 0.0000
0.0000 0.0000 0.0000 0.0000 0.0000 0.0000 0.0000 0.0000 0.0344 0.9075 0.0580
0.0000 0.0000 0.0000 0.0000 0.0000 0.0000 0.0000 0.0000 0.0000 0.0580 0.9420
#DG from neighbouring lambda in kcal/mol
0.0000 0.1000 -15.3622 0.7027
0.1000 0.2000 -13.2795 1.3280
0.2000 0.3000 -19.5700 77.7322
0.3000 0.4000 -29.9046 58.3043
0.4000 0.5000 -9.5898 0.3659
0.5000 0.6000 -2.2988 0.1881
0.6000 0.7000 -2.9304 0.1350
0.7000 0.8000 -6.4337 0.0991
0.8000 0.9000 -11.6949 0.1498
0.9000 1.0000 -16.7280 0.1125
#PMF from MBAR in kcal/mol
0.0000 0.0000 0.0000
0.1000 -15.3622 0.7027
0.2000 -28.6417 1.5030
0.3000 -48.2117 77.7468
0.4000 -78.1163 19.4549
0.5000 -87.7061 19.4524
0.6000 -90.0049 19.4520
0.7000 -92.9353 19.4519
0.8000 -99.3690 19.4519
0.9000 -111.0639 19.4522
1.0000 -127.7919 19.4525
#TI average gradients and standard deviation in kcal/mol
0.0000 -198.1090 36.9434
0.1000 -132.9181 36.2752
0.2000 -141.6333 41.5696
0.3000 -184.9975 47.0338
0.4000 -195.6898 42.7311
0.5000 -29.6480 28.2012
0.6000 -22.8780 23.4909
0.7000 -48.4994 22.9680
0.8000 -85.0251 22.9488
0.9000 -148.4607 23.0917
1.0000 -159.0864 22.7366
#PMF from TI in kcal/mol
0.0000 0.0000
0.1000 -16.5514
0.2000 -30.2789
0.3000 -46.6105
0.4000 -65.6448
0.5000 -76.9117
0.6000 -79.5380
0.7000 -83.1069
0.8000 -89.7831
0.9000 -101.4574
1.0000 -116.8348
#MBAR free energy difference in kcal/mol: 
-127.791887, 19.452470  #WARNING SUBSAMPLING DISABLED, CONSIDER RERUN WITH SUBSAMPLING OPTION
#TI free energy difference in kcal/mol: 
-116.834765  #WARNING SUBSAMPLING DISABLED, CONSIDER RERUN WITH SUBSAMPLING OPTION 
Starting /export/users/common/BioSimSpace/sire.app/bin/analyse_freenrg: number of threads equals 32
