# Analysing data contained in file(s) ['lambda_0.0000/simfile_snipped.dat', 'lambda_0.1000/simfile_snipped.dat', 'lambda_0.2000/simfile_snipped.dat', 'lambda_0.3000/simfile_snipped.dat', 'lambda_0.4000/simfile_snipped.dat', 'lambda_0.5000/simfile_snipped.dat', 'lambda_0.6000/simfile_snipped.dat', 'lambda_0.7000/simfile_snipped.dat', 'lambda_0.8000/simfile_snipped.dat', 'lambda_0.9000/simfile_snipped.dat', 'lambda_1.0000/simfile_snipped.dat']
#Overlap matrix
1.0000 0.0000 0.0000 0.0000 0.0000 0.0000 0.0000 0.0000 0.0000 0.0000 0.0000
0.0000 0.9953 0.0047 0.0000 0.0000 0.0000 0.0000 0.0000 0.0000 0.0000 0.0000
0.0000 0.0047 0.9540 0.0413 0.0000 0.0000 0.0000 0.0000 0.0000 0.0000 0.0000
0.0000 0.0000 0.0413 0.9005 0.0582 0.0000 0.0000 0.0000 0.0000 0.0000 0.0000
0.0000 0.0000 0.0000 0.0582 0.8782 0.0636 0.0000 0.0000 0.0000 0.0000 0.0000
0.0000 0.0000 0.0000 0.0000 0.0636 0.8717 0.0647 0.0000 0.0000 0.0000 0.0000
0.0000 0.0000 0.0000 0.0000 0.0000 0.0647 0.8819 0.0534 0.0000 0.0000 0.0000
0.0000 0.0000 0.0000 0.0000 0.0000 0.0000 0.0534 0.9082 0.0384 0.0000 0.0000
0.0000 0.0000 0.0000 0.0000 0.0000 0.0000 0.0000 0.0384 0.9579 0.0037 0.0000
0.0000 0.0000 0.0000 0.0000 0.0000 0.0000 0.0000 0.0000 0.0037 0.9963 0.0000
0.0000 0.0000 0.0000 0.0000 0.0000 0.0000 0.0000 0.0000 0.0000 0.0000 1.0000
#DG from neighbouring lambda in kcal/mol
0.0000 0.1000 49.6811 0.4116
0.1000 0.2000 0.2200 0.4182
0.2000 0.3000 -6.4384 0.1357
0.3000 0.4000 -9.2277 0.1123
0.4000 0.5000 -11.1990 0.1068
0.5000 0.6000 -13.0733 0.1057
0.6000 0.7000 -14.2773 0.1178
0.7000 0.8000 -17.1663 0.1413
0.8000 0.9000 -23.3053 0.4724
0.9000 1.0000 -62.3072 0.4563
#PMF from MBAR in kcal/mol
0.0000 0.0000 0.0000
0.1000 49.6811 0.4116
0.2000 49.9011 0.1791
0.3000 43.4627 0.1446
0.4000 34.2350 0.1271
0.5000 23.0361 0.1213
0.6000 9.9628 0.1270
0.7000 -4.3145 0.1460
0.8000 -21.4808 0.1825
0.9000 -44.7861 0.4563
1.0000 -107.0933 0.0000
#TI average gradients and standard deviation in kcal/mol
0.0000 7766.2399 222.6095
0.1000 65.4287 44.3757
0.2000 -50.1432 25.6171
0.3000 -81.2809 23.4140
0.4000 -103.3019 22.4942
0.5000 -121.1249 22.2476
0.6000 -136.6133 19.7782
0.7000 -154.1861 22.9917
0.8000 -191.1911 25.2676
0.9000 -303.7553 41.0522
1.0000 -11493.1615 596.4879
#PMF from TI in kcal/mol
0.0000 0.0000
0.1000 391.5834
0.2000 392.3477
0.3000 385.7765
0.4000 376.5474
0.5000 365.3260
0.6000 352.4391
0.7000 337.8991
0.8000 320.6303
0.9000 295.8830
1.0000 -293.9629
#MBAR free energy difference in kcal/mol: 
-107.093284, 0.000000  #WARNING SUBSAMPLING DISABLED, CONSIDER RERUN WITH SUBSAMPLING OPTION
#TI free energy difference in kcal/mol: 
-293.962886  #WARNING SUBSAMPLING DISABLED, CONSIDER RERUN WITH SUBSAMPLING OPTION 
Starting /export/users/common/BioSimSpace/sire.app/bin/analyse_freenrg: number of threads equals 32
