# Analysing data contained in file(s) ['lambda_0.0000/simfile_snipped.dat', 'lambda_0.1000/simfile_snipped.dat', 'lambda_0.2000/simfile_snipped.dat', 'lambda_0.3000/simfile_snipped.dat', 'lambda_0.4000/simfile_snipped.dat', 'lambda_0.5000/simfile_snipped.dat', 'lambda_0.6000/simfile_snipped.dat', 'lambda_0.7000/simfile_snipped.dat', 'lambda_0.8000/simfile_snipped.dat', 'lambda_0.9000/simfile_snipped.dat', 'lambda_1.0000/simfile_snipped.dat']
#Overlap matrix
0.9978 0.0022 0.0000 0.0000 0.0000 0.0000 0.0000 0.0000 0.0000 0.0000 0.0000
0.0022 0.9967 0.0011 0.0000 0.0000 0.0000 0.0000 0.0000 0.0000 0.0000 0.0000
0.0000 0.0011 0.9988 0.0000 0.0000 0.0000 0.0000 0.0000 0.0000 0.0000 0.0000
0.0000 0.0000 0.0000 1.0000 0.0000 0.0000 0.0000 0.0000 0.0000 0.0000 0.0000
0.0000 0.0000 0.0000 0.0000 0.9908 0.0092 0.0000 0.0000 0.0000 0.0000 0.0000
0.0000 0.0000 0.0000 0.0000 0.0092 0.9898 0.0010 0.0000 0.0000 0.0000 0.0000
0.0000 0.0000 0.0000 0.0000 0.0000 0.0010 0.9783 0.0207 0.0000 0.0000 0.0000
0.0000 0.0000 0.0000 0.0000 0.0000 0.0000 0.0207 0.9034 0.0758 0.0000 0.0000
0.0000 0.0000 0.0000 0.0000 0.0000 0.0000 0.0000 0.0758 0.8825 0.0417 0.0000
0.0000 0.0000 0.0000 0.0000 0.0000 0.0000 0.0000 0.0000 0.0417 0.9144 0.0439
0.0000 0.0000 0.0000 0.0000 0.0000 0.0000 0.0000 0.0000 0.0000 0.0439 0.9561
#DG from neighbouring lambda in kcal/mol
0.0000 0.1000 0.4324 0.6198
0.1000 0.2000 -2.2673 0.8585
0.2000 0.3000 -4.9071 5.4004
0.3000 0.4000 -17.1826 4.1365
0.4000 0.5000 4.4137 0.2981
0.5000 0.6000 8.3855 0.9000
0.6000 0.7000 10.7367 0.1960
0.7000 0.8000 10.1533 0.0964
0.8000 0.9000 5.6584 0.1351
0.9000 1.0000 1.0524 0.1314
#PMF from MBAR in kcal/mol
0.0000 0.0000 0.0000
0.1000 0.4324 0.6198
0.2000 -1.8348 1.0596
0.3000 -6.7420 5.5035
0.4000 -23.9246 1.6495
0.5000 -19.5109 1.6298
0.6000 -11.1254 1.5194
0.7000 -0.3887 1.5175
0.8000 9.7646 1.5180
0.9000 15.4230 1.5208
1.0000 16.4754 1.5252
#TI average gradients and standard deviation in kcal/mol
0.0000 -0.3121 33.5174
0.1000 -6.7728 39.1800
0.2000 -29.2810 43.1626
0.3000 -51.8846 48.6910
0.4000 -57.5669 41.4986
0.5000 102.7512 33.8913
0.6000 95.9513 24.8664
0.7000 112.7506 20.2078
0.8000 84.4290 21.3451
0.9000 29.4534 24.2356
1.0000 -42322853.7977 725949934.6975
#PMF from TI in kcal/mol
0.0000 0.0000
0.1000 -0.3542
0.2000 -2.1569
0.3000 -6.2152
0.4000 -11.6878
0.5000 -9.4286
0.6000 0.5066
0.7000 10.9416
0.8000 20.8006
0.9000 26.4947
1.0000 -2116114.7225
#MBAR free energy difference in kcal/mol: 
16.475395, 1.525236  #WARNING SUBSAMPLING DISABLED, CONSIDER RERUN WITH SUBSAMPLING OPTION
#TI free energy difference in kcal/mol: 
-2116114.722473  #WARNING SUBSAMPLING DISABLED, CONSIDER RERUN WITH SUBSAMPLING OPTION 
Starting /export/users/common/BioSimSpace/sire.app/bin/analyse_freenrg: number of threads equals 32
