# Analysing data contained in file(s) ['lambda_0.0000/simfile_snipped.dat', 'lambda_0.1000/simfile_snipped.dat', 'lambda_0.2000/simfile_snipped.dat', 'lambda_0.3000/simfile_snipped.dat', 'lambda_0.4000/simfile_snipped.dat', 'lambda_0.5000/simfile_snipped.dat', 'lambda_0.6000/simfile_snipped.dat', 'lambda_0.7000/simfile_snipped.dat', 'lambda_0.8000/simfile_snipped.dat', 'lambda_0.9000/simfile_snipped.dat', 'lambda_1.0000/simfile_snipped.dat']
#Overlap matrix
1.0000 0.0000 0.0000 0.0000 0.0000 0.0000 0.0000 0.0000 0.0000 0.0000 0.0000
0.0000 0.9676 0.0324 0.0000 0.0000 0.0000 0.0000 0.0000 0.0000 0.0000 0.0000
0.0000 0.0324 0.8948 0.0728 0.0000 0.0000 0.0000 0.0000 0.0000 0.0000 0.0000
0.0000 0.0000 0.0728 0.8352 0.0919 0.0001 0.0000 0.0000 0.0000 0.0000 0.0000
0.0000 0.0000 0.0000 0.0919 0.8077 0.1002 0.0002 0.0000 0.0000 0.0000 0.0000
0.0000 0.0000 0.0000 0.0001 0.1002 0.7883 0.1113 0.0002 0.0000 0.0000 0.0000
0.0000 0.0000 0.0000 0.0000 0.0002 0.1113 0.7723 0.1160 0.0002 0.0000 0.0000
0.0000 0.0000 0.0000 0.0000 0.0000 0.0002 0.1160 0.7836 0.1001 0.0000 0.0000
0.0000 0.0000 0.0000 0.0000 0.0000 0.0000 0.0002 0.1001 0.8076 0.0920 0.0000
0.0000 0.0000 0.0000 0.0000 0.0000 0.0000 0.0000 0.0000 0.0920 0.9079 0.0000
0.0000 0.0000 0.0000 0.0000 0.0000 0.0000 0.0000 0.0000 0.0000 0.0000 1.0000
#DG from neighbouring lambda in kcal/mol
0.0000 0.1000 33.8536 0.1891
0.1000 0.2000 11.2267 0.1549
0.2000 0.3000 8.7976 0.0987
0.3000 0.4000 7.0740 0.0858
0.4000 0.5000 5.4792 0.0813
0.5000 0.6000 4.0671 0.0760
0.6000 0.7000 2.6654 0.0740
0.7000 0.8000 1.4665 0.0813
0.8000 0.9000 -0.5205 0.0858
0.9000 1.0000 -76.4458 0.1426
#PMF from MBAR in kcal/mol
0.0000 0.0000 0.0000
0.1000 33.8536 0.1891
0.2000 45.0803 0.1257
0.3000 53.8779 0.0973
0.4000 60.9519 0.0804
0.5000 66.4311 0.0745
0.6000 70.4982 0.0799
0.7000 73.1635 0.0935
0.8000 74.6300 0.1154
0.9000 74.1095 0.1426
1.0000 -2.3363 0.0000
#TI average gradients and standard deviation in kcal/mol
0.0000 3531.5343 182.4310
0.1000 131.7720 26.3757
0.2000 96.6695 20.5232
0.3000 78.7150 19.1181
0.4000 63.6485 18.2063
0.5000 46.9265 17.9194
0.6000 33.4114 18.4634
0.7000 21.2160 17.4140
0.8000 4.9590 20.7075
0.9000 -14.8983 20.1926
1.0000 -4890.1219 402.6362
#PMF from TI in kcal/mol
0.0000 0.0000
0.1000 183.1653
0.2000 194.5874
0.3000 203.3566
0.4000 210.4748
0.5000 216.0035
0.6000 220.0204
0.7000 222.7518
0.8000 224.0605
0.9000 223.5636
1.0000 -21.6874
#MBAR free energy difference in kcal/mol: 
-2.336328, 0.000000  #WARNING SUBSAMPLING DISABLED, CONSIDER RERUN WITH SUBSAMPLING OPTION
#TI free energy difference in kcal/mol: 
-21.687424  #WARNING SUBSAMPLING DISABLED, CONSIDER RERUN WITH SUBSAMPLING OPTION 
Starting /export/users/common/BioSimSpace/sire.app/bin/analyse_freenrg: number of threads equals 32
