# Analysing data contained in file(s) ['lambda_0.0000/simfile_snipped.dat', 'lambda_0.1000/simfile_snipped.dat', 'lambda_0.2000/simfile_snipped.dat', 'lambda_0.3000/simfile_snipped.dat', 'lambda_0.4000/simfile_snipped.dat', 'lambda_0.5000/simfile_snipped.dat', 'lambda_0.6000/simfile_snipped.dat', 'lambda_0.7000/simfile_snipped.dat', 'lambda_0.8000/simfile_snipped.dat', 'lambda_0.9000/simfile_snipped.dat', 'lambda_1.0000/simfile_snipped.dat']
#Overlap matrix
0.8635 0.1362 0.0003 0.0000 0.0000 0.0000 0.0000 0.0000 0.0000 0.0000 0.0000
0.1362 0.6973 0.1593 0.0071 0.0001 0.0000 0.0000 0.0000 0.0000 0.0000 0.0000
0.0003 0.1593 0.6251 0.2057 0.0097 0.0000 0.0000 0.0000 0.0000 0.0000 0.0000
0.0000 0.0071 0.2057 0.6020 0.1853 0.0000 0.0000 0.0000 0.0000 0.0000 0.0000
0.0000 0.0001 0.0097 0.1853 0.8049 0.0000 0.0000 0.0000 0.0000 0.0000 0.0000
0.0000 0.0000 0.0000 0.0000 0.0000 0.9964 0.0036 0.0000 0.0000 0.0000 0.0000
0.0000 0.0000 0.0000 0.0000 0.0000 0.0036 0.9867 0.0097 0.0000 0.0000 0.0000
0.0000 0.0000 0.0000 0.0000 0.0000 0.0000 0.0097 0.9809 0.0094 0.0000 0.0000
0.0000 0.0000 0.0000 0.0000 0.0000 0.0000 0.0000 0.0094 0.9786 0.0120 0.0000
0.0000 0.0000 0.0000 0.0000 0.0000 0.0000 0.0000 0.0000 0.0120 0.9779 0.0101
0.0000 0.0000 0.0000 0.0000 0.0000 0.0000 0.0000 0.0000 0.0000 0.0101 0.9899
#DG from neighbouring lambda in kcal/mol
0.0000 0.1000 -1.8516 0.0665
0.1000 0.2000 -6.3587 0.0577
0.2000 0.3000 -8.6878 0.0457
0.3000 0.4000 -4.9711 0.0510
0.4000 0.5000 13.4194 112.2642
0.5000 0.6000 2.1050 0.4771
0.6000 0.7000 1.1700 0.2897
0.7000 0.8000 1.7406 0.2942
0.8000 0.9000 1.9194 0.2599
0.9000 1.0000 6.5716 0.2840
#PMF from MBAR in kcal/mol
0.0000 0.0000 0.0000
0.1000 -1.8516 0.0665
0.2000 -8.2103 0.0969
0.3000 -16.8981 0.1132
0.4000 -21.8692 0.1293
0.5000 -8.4498 112.2643
0.6000 -6.3449 112.2653
0.7000 -5.1749 112.2657
0.8000 -3.4343 112.2661
0.9000 -1.5149 112.2664
1.0000 5.0567 112.2667
#TI average gradients and standard deviation in kcal/mol
0.0000 -39.9798 12.3347
0.1000 -40.5008 19.9248
0.2000 -80.1040 11.8182
0.3000 -87.5303 12.7870
0.4000 27.8777 17.2797
0.5000 42.9006 42.3929
0.6000 11.9244 30.5671
0.7000 13.0759 28.4582
0.8000 14.5680 31.0104
0.9000 26.1490 31.8413
1.0000 137.3923 33.7368
#PMF from TI in kcal/mol
0.0000 0.0000
0.1000 -4.0240
0.2000 -10.0543
0.3000 -18.4360
0.4000 -21.4186
0.5000 -17.8797
0.6000 -15.1384
0.7000 -13.8884
0.8000 -12.5062
0.9000 -10.4704
1.0000 -2.2933
#MBAR free energy difference in kcal/mol: 
5.056668, 112.266731  #WARNING SUBSAMPLING DISABLED, CONSIDER RERUN WITH SUBSAMPLING OPTION
#TI free energy difference in kcal/mol: 
-2.293327  #WARNING SUBSAMPLING DISABLED, CONSIDER RERUN WITH SUBSAMPLING OPTION 
Starting /export/users/common/BioSimSpace/sire.app/bin/analyse_freenrg: number of threads equals 32
