# Analysing data contained in file(s) ['lambda_0.0000/simfile_snipped.dat', 'lambda_0.1000/simfile_snipped.dat', 'lambda_0.2000/simfile_snipped.dat', 'lambda_0.3000/simfile_snipped.dat', 'lambda_0.4000/simfile_snipped.dat', 'lambda_0.5000/simfile_snipped.dat', 'lambda_0.6000/simfile_snipped.dat', 'lambda_0.7000/simfile_snipped.dat', 'lambda_0.8000/simfile_snipped.dat', 'lambda_0.9000/simfile_snipped.dat', 'lambda_1.0000/simfile_snipped.dat']
#Overlap matrix
0.8326 0.1666 0.0008 0.0000 0.0000 0.0000 0.0000 0.0000 0.0000 0.0000 0.0000
0.1666 0.6908 0.1415 0.0011 0.0000 0.0000 0.0000 0.0000 0.0000 0.0000 0.0000
0.0008 0.1415 0.7146 0.1402 0.0029 0.0001 0.0000 0.0000 0.0000 0.0000 0.0000
0.0000 0.0011 0.1402 0.6858 0.1683 0.0046 0.0000 0.0000 0.0000 0.0000 0.0000
0.0000 0.0000 0.0029 0.1683 0.7730 0.0558 0.0001 0.0000 0.0000 0.0000 0.0000
0.0000 0.0000 0.0001 0.0046 0.0558 0.9144 0.0251 0.0000 0.0000 0.0000 0.0000
0.0000 0.0000 0.0000 0.0000 0.0001 0.0251 0.9748 0.0000 0.0000 0.0000 0.0000
0.0000 0.0000 0.0000 0.0000 0.0000 0.0000 0.0000 0.9983 0.0017 0.0000 0.0000
0.0000 0.0000 0.0000 0.0000 0.0000 0.0000 0.0000 0.0017 0.9969 0.0014 0.0000
0.0000 0.0000 0.0000 0.0000 0.0000 0.0000 0.0000 0.0000 0.0014 0.9792 0.0194
0.0000 0.0000 0.0000 0.0000 0.0000 0.0000 0.0000 0.0000 0.0000 0.0194 0.9806
#DG from neighbouring lambda in kcal/mol
0.0000 0.1000 -1.6282 0.0574
0.1000 0.2000 -5.8179 0.0643
0.2000 0.3000 -10.6699 0.0640
0.3000 0.4000 -14.3876 0.0554
0.4000 0.5000 -13.5642 0.1098
0.5000 0.6000 -0.8467 0.1767
0.6000 0.7000 29.8199 0.6801
0.7000 0.8000 2.5090 0.7026
0.8000 0.9000 1.0436 0.7699
0.9000 1.0000 0.5962 0.2030
#PMF from MBAR in kcal/mol
0.0000 0.0000 0.0000
0.1000 -1.6282 0.0574
0.2000 -7.4461 0.0951
0.3000 -18.1160 0.1213
0.4000 -32.5036 0.1387
0.5000 -46.0678 0.1795
0.6000 -46.9145 0.2550
0.7000 -17.0946 0.6630
0.8000 -14.5856 0.4380
0.9000 -13.5421 0.4380
1.0000 -12.9459 0.4618
#TI average gradients and standard deviation in kcal/mol
0.0000 -16.7328 13.2479
0.1000 -35.0098 16.8801
0.2000 -80.7569 15.4812
0.3000 -130.6093 15.0469
0.4000 -146.3857 15.8636
0.5000 -117.7925 20.4216
0.6000 147.0127 50.1569
0.7000 36.9431 46.1595
0.8000 21.5454 41.1429
0.9000 -9.6798 31.5145
1.0000 47.4487 27.3838
#PMF from TI in kcal/mol
0.0000 0.0000
0.1000 -2.5871
0.2000 -8.3755
0.3000 -18.9438
0.4000 -32.7935
0.5000 -46.0024
0.6000 -44.5414
0.7000 -35.3436
0.8000 -32.4192
0.9000 -31.8259
1.0000 -29.9375
#MBAR free energy difference in kcal/mol: 
-12.945900, 0.461817  #WARNING SUBSAMPLING DISABLED, CONSIDER RERUN WITH SUBSAMPLING OPTION
#TI free energy difference in kcal/mol: 
-29.937477  #WARNING SUBSAMPLING DISABLED, CONSIDER RERUN WITH SUBSAMPLING OPTION 
Starting /export/users/common/BioSimSpace/sire.app/bin/analyse_freenrg: number of threads equals 32
