# Analysing data contained in file(s) ['lambda_0.0000/simfile_snipped.dat', 'lambda_0.1000/simfile_snipped.dat', 'lambda_0.2000/simfile_snipped.dat', 'lambda_0.3000/simfile_snipped.dat', 'lambda_0.4000/simfile_snipped.dat', 'lambda_0.5000/simfile_snipped.dat', 'lambda_0.6000/simfile_snipped.dat', 'lambda_0.7000/simfile_snipped.dat', 'lambda_0.8000/simfile_snipped.dat', 'lambda_0.9000/simfile_snipped.dat', 'lambda_1.0000/simfile_snipped.dat']
#Overlap matrix
0.9499 0.0500 0.0000 0.0000 0.0000 0.0000 0.0000 0.0000 0.0000 0.0000 0.0000
0.0500 0.8897 0.0602 0.0001 0.0000 0.0000 0.0000 0.0000 0.0000 0.0000 0.0000
0.0000 0.0602 0.8514 0.0880 0.0003 0.0000 0.0000 0.0000 0.0000 0.0000 0.0000
0.0000 0.0001 0.0880 0.7875 0.1235 0.0009 0.0000 0.0000 0.0000 0.0000 0.0000
0.0000 0.0000 0.0003 0.1235 0.7519 0.1228 0.0014 0.0000 0.0000 0.0000 0.0000
0.0000 0.0000 0.0000 0.0009 0.1228 0.7173 0.1563 0.0027 0.0000 0.0000 0.0000
0.0000 0.0000 0.0000 0.0000 0.0014 0.1563 0.6680 0.1685 0.0059 0.0000 0.0000
0.0000 0.0000 0.0000 0.0000 0.0000 0.0027 0.1685 0.6278 0.1918 0.0092 0.0001
0.0000 0.0000 0.0000 0.0000 0.0000 0.0000 0.0059 0.1918 0.5735 0.2168 0.0121
0.0000 0.0000 0.0000 0.0000 0.0000 0.0000 0.0000 0.0092 0.2168 0.5544 0.2196
0.0000 0.0000 0.0000 0.0000 0.0000 0.0000 0.0000 0.0001 0.0121 0.2196 0.7683
#DG from neighbouring lambda in kcal/mol
0.0000 0.1000 -1.0447 0.1222
0.1000 0.2000 -0.0729 0.1101
0.2000 0.3000 0.3241 0.0879
0.3000 0.4000 0.6349 0.0707
0.4000 0.5000 0.7045 0.0706
0.5000 0.6000 0.7063 0.0593
0.6000 0.7000 0.7005 0.0551
0.7000 0.8000 0.7109 0.0486
0.8000 0.9000 0.5513 0.0429
0.9000 1.0000 0.3601 0.0440
#PMF from MBAR in kcal/mol
0.0000 0.0000 0.0000
0.1000 -1.0447 0.1222
0.2000 -1.1176 0.1694
0.3000 -0.7935 0.1951
0.4000 -0.1586 0.2113
0.5000 0.5459 0.2263
0.6000 1.2523 0.2372
0.7000 1.9527 0.2466
0.8000 2.6637 0.2541
0.9000 3.2149 0.2603
1.0000 3.5751 0.2665
#TI average gradients and standard deviation in kcal/mol
0.0000 -19.3064 23.1058
0.1000 -3.2592 21.6819
0.2000 2.1825 20.1856
0.3000 4.2628 18.8121
0.4000 7.8738 17.5481
0.5000 6.3580 17.6001
0.6000 7.4366 15.7885
0.7000 7.5705 12.7159
0.8000 5.6403 13.2032
0.9000 4.9831 12.9363
1.0000 12.6840 11.5965
#PMF from TI in kcal/mol
0.0000 0.0000
0.1000 -1.1283
0.2000 -1.1821
0.3000 -0.8598
0.4000 -0.2530
0.5000 0.4586
0.6000 1.1483
0.7000 1.8987
0.8000 2.5592
0.9000 3.0904
1.0000 3.9737
#MBAR free energy difference in kcal/mol: 
3.575055, 0.266470  #WARNING SUBSAMPLING DISABLED, CONSIDER RERUN WITH SUBSAMPLING OPTION
#TI free energy difference in kcal/mol: 
3.973716  #WARNING SUBSAMPLING DISABLED, CONSIDER RERUN WITH SUBSAMPLING OPTION 
Starting /export/users/common/BioSimSpace/sire.app/bin/analyse_freenrg: number of threads equals 32
