# Analysing data contained in file(s) ['lambda_0.0000/simfile_snipped.dat', 'lambda_0.1000/simfile_snipped.dat', 'lambda_0.2000/simfile_snipped.dat', 'lambda_0.3000/simfile_snipped.dat', 'lambda_0.4000/simfile_snipped.dat', 'lambda_0.5000/simfile_snipped.dat', 'lambda_0.6000/simfile_snipped.dat', 'lambda_0.7000/simfile_snipped.dat', 'lambda_0.8000/simfile_snipped.dat', 'lambda_0.9000/simfile_snipped.dat', 'lambda_1.0000/simfile_snipped.dat']
#Overlap matrix
1.0000 0.0000 0.0000 0.0000 0.0000 0.0000 0.0000 0.0000 0.0000 0.0000 0.0000
0.0000 0.9995 0.0005 0.0000 0.0000 0.0000 0.0000 0.0000 0.0000 0.0000 0.0000
0.0000 0.0005 0.9995 0.0000 0.0000 0.0000 0.0000 0.0000 0.0000 0.0000 0.0000
0.0000 0.0000 0.0000 0.9984 0.0016 0.0000 0.0000 0.0000 0.0000 0.0000 0.0000
0.0000 0.0000 0.0000 0.0016 0.9935 0.0049 0.0000 0.0000 0.0000 0.0000 0.0000
0.0000 0.0000 0.0000 0.0000 0.0049 0.9908 0.0044 0.0000 0.0000 0.0000 0.0000
0.0000 0.0000 0.0000 0.0000 0.0000 0.0044 0.9410 0.0532 0.0014 0.0000 0.0000
0.0000 0.0000 0.0000 0.0000 0.0000 0.0000 0.0532 0.8249 0.1215 0.0005 0.0000
0.0000 0.0000 0.0000 0.0000 0.0000 0.0000 0.0014 0.1215 0.7568 0.1200 0.0003
0.0000 0.0000 0.0000 0.0000 0.0000 0.0000 0.0000 0.0005 0.1200 0.7665 0.1131
0.0000 0.0000 0.0000 0.0000 0.0000 0.0000 0.0000 0.0000 0.0003 0.1131 0.8867
#DG from neighbouring lambda in kcal/mol
0.0000 0.1000 -27.4727 8.0273
0.1000 0.2000 -20.7352 1.3075
0.2000 0.3000 -23.1430 7.7250
0.3000 0.4000 -23.0023 0.7143
0.4000 0.5000 -19.7637 0.4117
0.5000 0.6000 -22.0573 0.4336
0.6000 0.7000 -23.8542 0.1164
0.7000 0.8000 -25.0380 0.0712
0.8000 0.9000 -30.9330 0.0722
0.9000 1.0000 -37.4764 0.0753
#PMF from MBAR in kcal/mol
0.0000 0.0000 0.0000
0.1000 -27.4727 8.0273
0.2000 -48.2079 8.1332
0.3000 -71.3509 11.2173
0.4000 -94.3532 11.2400
0.5000 -114.1169 11.2477
0.6000 -136.1742 11.2561
0.7000 -160.0284 11.2568
0.8000 -185.0664 11.2570
0.9000 -215.9993 11.2573
1.0000 -253.4758 11.2577
#TI average gradients and standard deviation in kcal/mol
0.0000 -325.8461 40.9943
0.1000 -207.8528 44.2036
0.2000 -204.2889 40.2486
0.3000 -240.7988 46.6176
0.4000 -206.1522 34.6743
0.5000 -204.0164 34.2955
0.6000 -237.2076 32.2384
0.7000 -234.1821 16.4815
0.8000 -275.1979 16.6236
0.9000 -343.0593 16.1387
1.0000 -354.3527 17.6529
#PMF from TI in kcal/mol
0.0000 0.0000
0.1000 -26.6849
0.2000 -47.2920
0.3000 -69.5464
0.4000 -91.8940
0.5000 -112.4024
0.6000 -134.4636
0.7000 -158.0331
0.8000 -183.5021
0.9000 -214.4149
1.0000 -249.2855
#MBAR free energy difference in kcal/mol: 
-253.475772, 11.257671  #WARNING SUBSAMPLING DISABLED, CONSIDER RERUN WITH SUBSAMPLING OPTION
#TI free energy difference in kcal/mol: 
-249.285541  #WARNING SUBSAMPLING DISABLED, CONSIDER RERUN WITH SUBSAMPLING OPTION 
Starting /export/users/common/BioSimSpace/sire.app/bin/analyse_freenrg: number of threads equals 32
