# Analysing data contained in file(s) ['lambda_0.0000/simfile_snipped.dat', 'lambda_0.1000/simfile_snipped.dat', 'lambda_0.2000/simfile_snipped.dat', 'lambda_0.3000/simfile_snipped.dat', 'lambda_0.4000/simfile_snipped.dat', 'lambda_0.5000/simfile_snipped.dat', 'lambda_0.6000/simfile_snipped.dat', 'lambda_0.7000/simfile_snipped.dat', 'lambda_0.8000/simfile_snipped.dat', 'lambda_0.9000/simfile_snipped.dat', 'lambda_1.0000/simfile_snipped.dat']
#Overlap matrix
0.8932 0.1067 0.0001 0.0000 0.0000 0.0000 0.0000 0.0000 0.0000 0.0000 0.0000
0.1067 0.7696 0.1215 0.0022 0.0000 0.0000 0.0000 0.0000 0.0000 0.0000 0.0000
0.0001 0.1215 0.6791 0.1925 0.0067 0.0001 0.0000 0.0000 0.0000 0.0000 0.0000
0.0000 0.0022 0.1925 0.6036 0.1916 0.0096 0.0006 0.0000 0.0000 0.0000 0.0000
0.0000 0.0000 0.0067 0.1916 0.5895 0.2070 0.0051 0.0000 0.0000 0.0000 0.0000
0.0000 0.0000 0.0001 0.0096 0.2070 0.7328 0.0506 0.0000 0.0000 0.0000 0.0000
0.0000 0.0000 0.0000 0.0006 0.0051 0.0506 0.9437 0.0000 0.0000 0.0000 0.0000
0.0000 0.0000 0.0000 0.0000 0.0000 0.0000 0.0000 0.9994 0.0006 0.0000 0.0000
0.0000 0.0000 0.0000 0.0000 0.0000 0.0000 0.0000 0.0006 0.9948 0.0046 0.0000
0.0000 0.0000 0.0000 0.0000 0.0000 0.0000 0.0000 0.0000 0.0046 0.9735 0.0220
0.0000 0.0000 0.0000 0.0000 0.0000 0.0000 0.0000 0.0000 0.0000 0.0220 0.9780
#DG from neighbouring lambda in kcal/mol
0.0000 0.1000 -0.1844 0.0782
0.1000 0.2000 -5.2146 0.0710
0.2000 0.3000 -9.5349 0.0497
0.3000 0.4000 -13.4452 0.0483
0.4000 0.5000 -14.8332 0.0457
0.5000 0.6000 -2.3407 0.1146
0.6000 0.7000 22.2346 0.9120
0.7000 0.8000 1.8634 1.1697
0.8000 0.9000 -1.6262 0.4240
0.9000 1.0000 -2.2967 0.1901
#PMF from MBAR in kcal/mol
0.0000 0.0000 0.0000
0.1000 -0.1844 0.0782
0.2000 -5.3989 0.1131
0.3000 -14.9338 0.1295
0.4000 -28.3791 0.1432
0.5000 -43.2123 0.1546
0.6000 -45.5529 0.1947
0.7000 -23.3183 0.9102
0.8000 -21.4548 0.3790
0.9000 -23.0811 0.3790
1.0000 -25.3778 0.4031
#TI average gradients and standard deviation in kcal/mol
0.0000 11.2005 19.8849
0.1000 -25.7324 18.5981
0.2000 -75.6353 14.0103
0.3000 -115.0211 13.3085
0.4000 -151.2925 12.7308
0.5000 -125.0458 15.0005
0.6000 133.4653 44.8392
0.7000 6.7101 40.4841
0.8000 6.2012 34.7614
0.9000 -23.5895 29.3649
1.0000 -14.6540 25.0988
#PMF from TI in kcal/mol
0.0000 0.0000
0.1000 -0.7266
0.2000 -5.7950
0.3000 -15.3278
0.4000 -28.6435
0.5000 -42.4604
0.6000 -42.0394
0.7000 -35.0307
0.8000 -34.3851
0.9000 -35.2545
1.0000 -37.1667
#MBAR free energy difference in kcal/mol: 
-25.377784, 0.403122  #WARNING SUBSAMPLING DISABLED, CONSIDER RERUN WITH SUBSAMPLING OPTION
#TI free energy difference in kcal/mol: 
-37.166687  #WARNING SUBSAMPLING DISABLED, CONSIDER RERUN WITH SUBSAMPLING OPTION 
Starting /export/users/common/BioSimSpace/sire.app/bin/analyse_freenrg: number of threads equals 32
