# Analysing data contained in file(s) ['lambda_0.0000/simfile_snipped.dat', 'lambda_0.1000/simfile_snipped.dat', 'lambda_0.2000/simfile_snipped.dat', 'lambda_0.3000/simfile_snipped.dat', 'lambda_0.4000/simfile_snipped.dat', 'lambda_0.5000/simfile_snipped.dat', 'lambda_0.6000/simfile_snipped.dat', 'lambda_0.7000/simfile_snipped.dat', 'lambda_0.8000/simfile_snipped.dat', 'lambda_0.9000/simfile_snipped.dat', 'lambda_1.0000/simfile_snipped.dat']
#Overlap matrix
0.9885 0.0115 0.0000 0.0000 0.0000 0.0000 0.0000 0.0000 0.0000 0.0000 0.0000
0.0115 0.9585 0.0300 0.0000 0.0000 0.0000 0.0000 0.0000 0.0000 0.0000 0.0000
0.0000 0.0300 0.9337 0.0363 0.0000 0.0000 0.0000 0.0000 0.0000 0.0000 0.0000
0.0000 0.0000 0.0363 0.9177 0.0460 0.0000 0.0000 0.0000 0.0000 0.0000 0.0000
0.0000 0.0000 0.0000 0.0460 0.9261 0.0279 0.0000 0.0000 0.0000 0.0000 0.0000
0.0000 0.0000 0.0000 0.0000 0.0279 0.9528 0.0193 0.0000 0.0000 0.0000 0.0000
0.0000 0.0000 0.0000 0.0000 0.0000 0.0193 0.9682 0.0125 0.0000 0.0000 0.0000
0.0000 0.0000 0.0000 0.0000 0.0000 0.0000 0.0125 0.9731 0.0144 0.0000 0.0000
0.0000 0.0000 0.0000 0.0000 0.0000 0.0000 0.0000 0.0144 0.9784 0.0072 0.0000
0.0000 0.0000 0.0000 0.0000 0.0000 0.0000 0.0000 0.0000 0.0072 0.9898 0.0030
0.0000 0.0000 0.0000 0.0000 0.0000 0.0000 0.0000 0.0000 0.0000 0.0030 0.9970
#DG from neighbouring lambda in kcal/mol
0.0000 0.1000 15.5662 0.2653
0.1000 0.2000 7.6896 0.1614
0.2000 0.3000 2.7650 0.1456
0.3000 0.4000 -0.9402 0.1280
0.4000 0.5000 -3.2099 0.1676
0.5000 0.6000 -6.4739 0.2033
0.6000 0.7000 -10.7166 0.2547
0.7000 0.8000 -16.2038 0.2367
0.8000 0.9000 -21.3717 0.3368
0.9000 1.0000 -26.0844 0.5221
#PMF from MBAR in kcal/mol
0.0000 0.0000 0.0000
0.1000 15.5662 0.2653
0.2000 23.2558 0.3132
0.3000 26.0208 0.3478
0.4000 25.0806 0.3728
0.5000 21.8707 0.4108
0.6000 15.3968 0.4602
0.7000 4.6802 0.5275
0.8000 -11.5236 0.5796
0.9000 -32.8953 0.6716
1.0000 -58.9796 0.8517
#TI average gradients and standard deviation in kcal/mol
0.0000 180.0462 31.8866
0.1000 107.5124 27.4725
0.2000 50.4570 24.0429
0.3000 7.5401 24.1788
0.4000 -18.3739 24.1723
0.5000 -46.3057 27.6029
0.6000 -86.3520 29.1701
0.7000 -137.9087 29.5010
0.8000 -190.9314 31.3187
0.9000 -242.2679 34.0165
1.0000 -263.8195 40.7855
#PMF from TI in kcal/mol
0.0000 0.0000
0.1000 14.3779
0.2000 22.2764
0.3000 25.1762
0.4000 24.6346
0.5000 21.4006
0.6000 14.7677
0.7000 3.5547
0.8000 -12.8873
0.9000 -34.5473
1.0000 -59.8517
#MBAR free energy difference in kcal/mol: 
-58.979612, 0.851663  #WARNING SUBSAMPLING DISABLED, CONSIDER RERUN WITH SUBSAMPLING OPTION
#TI free energy difference in kcal/mol: 
-59.851674  #WARNING SUBSAMPLING DISABLED, CONSIDER RERUN WITH SUBSAMPLING OPTION 
Starting /export/users/common/BioSimSpace/sire.app/bin/analyse_freenrg: number of threads equals 32
