# Analysing data contained in file(s) ['lambda_0.0000/simfile_snipped.dat', 'lambda_0.1000/simfile_snipped.dat', 'lambda_0.2000/simfile_snipped.dat', 'lambda_0.3000/simfile_snipped.dat', 'lambda_0.4000/simfile_snipped.dat', 'lambda_0.5000/simfile_snipped.dat', 'lambda_0.6000/simfile_snipped.dat', 'lambda_0.7000/simfile_snipped.dat', 'lambda_0.8000/simfile_snipped.dat', 'lambda_0.9000/simfile_snipped.dat', 'lambda_1.0000/simfile_snipped.dat']
#Overlap matrix
0.9912 0.0088 0.0000 0.0000 0.0000 0.0000 0.0000 0.0000 0.0000 0.0000 0.0000
0.0088 0.9788 0.0124 0.0000 0.0000 0.0000 0.0000 0.0000 0.0000 0.0000 0.0000
0.0000 0.0124 0.9742 0.0134 0.0000 0.0000 0.0000 0.0000 0.0000 0.0000 0.0000
0.0000 0.0000 0.0134 0.9689 0.0177 0.0000 0.0000 0.0000 0.0000 0.0000 0.0000
0.0000 0.0000 0.0000 0.0177 0.9738 0.0084 0.0000 0.0000 0.0000 0.0000 0.0000
0.0000 0.0000 0.0000 0.0000 0.0084 0.9915 0.0000 0.0000 0.0000 0.0000 0.0000
0.0000 0.0000 0.0000 0.0000 0.0000 0.0000 0.8181 0.1775 0.0044 0.0000 0.0000
0.0000 0.0000 0.0000 0.0000 0.0000 0.0000 0.1775 0.6502 0.1708 0.0015 0.0000
0.0000 0.0000 0.0000 0.0000 0.0000 0.0000 0.0044 0.1708 0.6872 0.1375 0.0001
0.0000 0.0000 0.0000 0.0000 0.0000 0.0000 0.0000 0.0015 0.1375 0.7788 0.0822
0.0000 0.0000 0.0000 0.0000 0.0000 0.0000 0.0000 0.0000 0.0001 0.0822 0.9177
#DG from neighbouring lambda in kcal/mol
0.0000 0.1000 -4.1786 0.3046
0.1000 0.2000 -0.0239 0.2560
0.2000 0.3000 -0.0697 0.2453
0.3000 0.4000 0.1387 0.2127
0.4000 0.5000 -0.0802 0.3109
0.5000 0.6000 -7.7315 13.0991
0.6000 0.7000 5.4482 0.0539
0.7000 0.8000 8.7359 0.0552
0.8000 0.9000 6.0218 0.0657
0.9000 1.0000 1.4932 0.0918
#PMF from MBAR in kcal/mol
0.0000 0.0000 0.0000
0.1000 -4.1786 0.3046
0.2000 -4.2025 0.3999
0.3000 -4.2722 0.4709
0.4000 -4.1334 0.5183
0.5000 -4.2137 0.6058
0.6000 -11.9452 13.1132
0.7000 -6.4970 13.1133
0.8000 2.2389 13.1135
0.9000 8.2607 13.1137
1.0000 9.7539 13.1141
#TI average gradients and standard deviation in kcal/mol
0.0000 -90.1968 34.6203
0.1000 -8.4868 30.1541
0.2000 4.1579 30.4101
0.3000 -2.7002 31.4520
0.4000 -1.3120 31.7603
0.5000 -26.8834 44.2157
0.6000 -19.8097 16.9000
0.7000 90.5979 14.0937
0.8000 77.5353 14.1943
0.9000 39.2952 19.4785
1.0000 27.1579 15.6457
#PMF from TI in kcal/mol
0.0000 0.0000
0.1000 -4.9342
0.2000 -5.1506
0.3000 -5.0777
0.4000 -5.2783
0.5000 -6.6881
0.6000 -9.0228
0.7000 -5.4834
0.8000 2.9233
0.9000 8.7648
1.0000 12.0875
#MBAR free energy difference in kcal/mol: 
9.753906, 13.114110  #WARNING SUBSAMPLING DISABLED, CONSIDER RERUN WITH SUBSAMPLING OPTION
#TI free energy difference in kcal/mol: 
12.087473  #WARNING SUBSAMPLING DISABLED, CONSIDER RERUN WITH SUBSAMPLING OPTION 
Starting /export/users/common/BioSimSpace/sire.app/bin/analyse_freenrg: number of threads equals 32
