# Analysing data contained in file(s) ['lambda_0.0000/simfile_snipped.dat', 'lambda_0.1000/simfile_snipped.dat', 'lambda_0.2000/simfile_snipped.dat', 'lambda_0.3000/simfile_snipped.dat', 'lambda_0.4000/simfile_snipped.dat', 'lambda_0.5000/simfile_snipped.dat', 'lambda_0.6000/simfile_snipped.dat', 'lambda_0.7000/simfile_snipped.dat', 'lambda_0.8000/simfile_snipped.dat', 'lambda_0.9000/simfile_snipped.dat', 'lambda_1.0000/simfile_snipped.dat']
#Overlap matrix
0.8183 0.1808 0.0009 0.0000 0.0000 0.0000 0.0000 0.0000 0.0000 0.0000 0.0000
0.1808 0.6813 0.1345 0.0032 0.0001 0.0002 0.0000 0.0000 0.0000 0.0000 0.0000
0.0009 0.1345 0.6452 0.1972 0.0217 0.0005 0.0000 0.0000 0.0000 0.0000 0.0000
0.0000 0.0032 0.1972 0.5420 0.2576 0.0001 0.0000 0.0000 0.0000 0.0000 0.0000
0.0000 0.0001 0.0217 0.2576 0.7195 0.0011 0.0000 0.0000 0.0000 0.0000 0.0000
0.0000 0.0002 0.0005 0.0001 0.0011 0.9680 0.0300 0.0000 0.0000 0.0000 0.0000
0.0000 0.0000 0.0000 0.0000 0.0000 0.0300 0.9372 0.0327 0.0000 0.0000 0.0000
0.0000 0.0000 0.0000 0.0000 0.0000 0.0000 0.0327 0.9270 0.0402 0.0000 0.0000
0.0000 0.0000 0.0000 0.0000 0.0000 0.0000 0.0000 0.0402 0.9171 0.0427 0.0000
0.0000 0.0000 0.0000 0.0000 0.0000 0.0000 0.0000 0.0000 0.0427 0.9162 0.0411
0.0000 0.0000 0.0000 0.0000 0.0000 0.0000 0.0000 0.0000 0.0000 0.0411 0.9589
#DG from neighbouring lambda in kcal/mol
0.0000 0.1000 14.2797 0.0539
0.1000 0.2000 8.6221 0.0658
0.2000 0.3000 3.5752 0.0458
0.3000 0.4000 4.0793 0.0365
0.4000 0.5000 10.9086 0.6559
0.5000 0.6000 3.7537 0.1612
0.6000 0.7000 2.9616 0.1538
0.7000 0.8000 0.6917 0.1377
0.8000 0.9000 -1.1009 0.1333
0.9000 1.0000 -2.1865 0.1362
#PMF from MBAR in kcal/mol
0.0000 0.0000 0.0000
0.1000 14.2797 0.0539
0.2000 22.9018 0.0940
0.3000 26.4770 0.1114
0.4000 30.5563 0.1217
0.5000 41.4649 0.6642
0.6000 45.2187 0.6847
0.7000 48.1803 0.7028
0.8000 48.8720 0.7174
0.9000 47.7710 0.7308
1.0000 45.5845 0.7444
#TI average gradients and standard deviation in kcal/mol
0.0000 152.1298 11.9534
0.1000 117.4866 16.5533
0.2000 57.6967 13.3964
0.3000 21.1201 9.9649
0.4000 95.6962 14.1149
0.5000 63.7314 38.4342
0.6000 30.2781 23.1651
0.7000 22.2695 29.3004
0.8000 -0.8034 24.1284
0.9000 -18.1960 23.0872
1.0000 -20.6784 23.0173
#PMF from TI in kcal/mol
0.0000 0.0000
0.1000 13.4808
0.2000 22.2400
0.3000 26.1808
0.4000 32.0216
0.5000 39.9930
0.6000 44.6935
0.7000 47.3209
0.8000 48.3942
0.9000 47.4442
1.0000 45.5005
#MBAR free energy difference in kcal/mol: 
45.584545, 0.744439  #WARNING SUBSAMPLING DISABLED, CONSIDER RERUN WITH SUBSAMPLING OPTION
#TI free energy difference in kcal/mol: 
45.500492  #WARNING SUBSAMPLING DISABLED, CONSIDER RERUN WITH SUBSAMPLING OPTION 
Starting /export/users/common/BioSimSpace/sire.app/bin/analyse_freenrg: number of threads equals 32
