# Analysing data contained in file(s) ['lambda_0.0000/simfile_snipped.dat', 'lambda_0.1000/simfile_snipped.dat', 'lambda_0.2000/simfile_snipped.dat', 'lambda_0.3000/simfile_snipped.dat', 'lambda_0.4000/simfile_snipped.dat', 'lambda_0.5000/simfile_snipped.dat', 'lambda_0.6000/simfile_snipped.dat', 'lambda_0.7000/simfile_snipped.dat', 'lambda_0.8000/simfile_snipped.dat', 'lambda_0.9000/simfile_snipped.dat', 'lambda_1.0000/simfile_snipped.dat']
#Overlap matrix
0.9783 0.0217 0.0000 0.0000 0.0000 0.0000 0.0000 0.0000 0.0000 0.0000 0.0000
0.0217 0.9587 0.0196 0.0000 0.0000 0.0000 0.0000 0.0000 0.0000 0.0000 0.0000
0.0000 0.0196 0.9136 0.0667 0.0001 0.0000 0.0000 0.0000 0.0000 0.0000 0.0000
0.0000 0.0000 0.0667 0.8609 0.0723 0.0000 0.0000 0.0000 0.0000 0.0000 0.0000
0.0000 0.0000 0.0001 0.0723 0.9260 0.0016 0.0000 0.0000 0.0000 0.0000 0.0000
0.0000 0.0000 0.0000 0.0000 0.0016 0.9970 0.0014 0.0000 0.0000 0.0000 0.0000
0.0000 0.0000 0.0000 0.0000 0.0000 0.0014 0.9986 0.0000 0.0000 0.0000 0.0000
0.0000 0.0000 0.0000 0.0000 0.0000 0.0000 0.0000 1.0000 0.0000 0.0000 0.0000
0.0000 0.0000 0.0000 0.0000 0.0000 0.0000 0.0000 0.0000 1.0000 0.0000 0.0000
0.0000 0.0000 0.0000 0.0000 0.0000 0.0000 0.0000 0.0000 0.0000 1.0000 0.0000
0.0000 0.0000 0.0000 0.0000 0.0000 0.0000 0.0000 0.0000 0.0000 0.0000 1.0000
#DG from neighbouring lambda in kcal/mol
0.0000 0.1000 4.5818 0.1914
0.1000 0.2000 -6.3939 0.2015
0.2000 0.3000 -17.4263 0.1038
0.3000 0.4000 -23.3249 0.0990
0.4000 0.5000 -22.3760 0.7293
0.5000 0.6000 -3.2914 0.7680
0.6000 0.7000 45.9609 0.8464
0.7000 0.8000 20.5403 1222.7837
0.8000 0.9000 12.0423 1834.1726
0.9000 1.0000 17.1167 5.1726
#PMF from MBAR in kcal/mol
0.0000 0.0000 0.0000
0.1000 4.5818 0.1914
0.2000 -1.8121 0.2809
0.3000 -19.2384 0.3022
0.4000 -42.5633 0.3206
0.5000 -64.9393 0.7977
0.6000 -68.2307 1.1081
0.7000 -22.2699 0.3330
0.8000 -1.7296 1222.7734
0.9000 10.3127 611.4030
1.0000 27.4294 611.4103
#TI average gradients and standard deviation in kcal/mol
0.0000 60.3940 26.0166
0.1000 -3.2319 24.8731
0.2000 -127.3255 23.9214
0.3000 -215.9576 20.2879
0.4000 -228.9627 24.7995
0.5000 -211.3717 31.9705
0.6000 268.0513 61.2431
0.7000 174.5867 69.9460
0.8000 108.2121 61.7825
0.9000 70.7291 45.7290
1.0000 316.3244 53.0735
#PMF from TI in kcal/mol
0.0000 0.0000
0.1000 2.8581
0.2000 -3.6698
0.3000 -20.8339
0.4000 -43.0799
0.5000 -65.0967
0.6000 -62.2627
0.7000 -40.1308
0.8000 -25.9908
0.9000 -17.0438
1.0000 2.3089
#MBAR free energy difference in kcal/mol: 
27.429380, 611.410304  #WARNING SUBSAMPLING DISABLED, CONSIDER RERUN WITH SUBSAMPLING OPTION
#TI free energy difference in kcal/mol: 
2.308902  #WARNING SUBSAMPLING DISABLED, CONSIDER RERUN WITH SUBSAMPLING OPTION 
Starting /export/users/common/BioSimSpace/sire.app/bin/analyse_freenrg: number of threads equals 32
