# Analysing data contained in file(s) ['lambda_0.0000/simfile_snipped.dat', 'lambda_0.1000/simfile_snipped.dat', 'lambda_0.2000/simfile_snipped.dat', 'lambda_0.3000/simfile_snipped.dat', 'lambda_0.4000/simfile_snipped.dat', 'lambda_0.5000/simfile_snipped.dat', 'lambda_0.6000/simfile_snipped.dat', 'lambda_0.7000/simfile_snipped.dat', 'lambda_0.8000/simfile_snipped.dat', 'lambda_0.9000/simfile_snipped.dat', 'lambda_1.0000/simfile_snipped.dat']
#Overlap matrix
0.9970 0.0030 0.0000 0.0000 0.0000 0.0000 0.0000 0.0000 0.0000 0.0000 0.0000
0.0030 0.9959 0.0012 0.0000 0.0000 0.0000 0.0000 0.0000 0.0000 0.0000 0.0000
0.0000 0.0012 0.9980 0.0008 0.0000 0.0000 0.0000 0.0000 0.0000 0.0000 0.0000
0.0000 0.0000 0.0008 0.9992 0.0000 0.0000 0.0000 0.0000 0.0000 0.0000 0.0000
0.0000 0.0000 0.0000 0.0000 0.9878 0.0122 0.0000 0.0000 0.0000 0.0000 0.0000
0.0000 0.0000 0.0000 0.0000 0.0122 0.9759 0.0119 0.0000 0.0000 0.0000 0.0000
0.0000 0.0000 0.0000 0.0000 0.0000 0.0119 0.9167 0.0714 0.0000 0.0000 0.0000
0.0000 0.0000 0.0000 0.0000 0.0000 0.0000 0.0714 0.8794 0.0492 0.0000 0.0000
0.0000 0.0000 0.0000 0.0000 0.0000 0.0000 0.0000 0.0492 0.8647 0.0860 0.0001
0.0000 0.0000 0.0000 0.0000 0.0000 0.0000 0.0000 0.0000 0.0860 0.8296 0.0844
0.0000 0.0000 0.0000 0.0000 0.0000 0.0000 0.0000 0.0000 0.0001 0.0844 0.9154
#DG from neighbouring lambda in kcal/mol
0.0000 0.1000 4.5060 0.5290
0.1000 0.2000 5.9391 0.8314
0.2000 0.3000 4.6667 1.0162
0.3000 0.4000 -5.2900 368.6684
0.4000 0.5000 4.4014 0.2579
0.5000 0.6000 8.3664 0.2610
0.6000 0.7000 7.1598 0.0998
0.7000 0.8000 2.3688 0.1234
0.8000 0.9000 -4.4996 0.0893
0.9000 1.0000 -8.8577 0.0903
#PMF from MBAR in kcal/mol
0.0000 0.0000 0.0000
0.1000 4.5060 0.5290
0.2000 10.4451 0.9862
0.3000 15.1118 1.4167
0.4000 9.8218 368.6711
0.5000 14.2233 368.6712
0.6000 22.5897 368.6713
0.7000 29.7495 368.6713
0.8000 32.1183 368.6714
0.9000 27.6186 368.6714
1.0000 18.7609 368.6714
#TI average gradients and standard deviation in kcal/mol
0.0000 -12.0266 34.3433
0.1000 71.4907 35.7363
0.2000 55.7586 36.6864
0.3000 38.6424 38.6249
0.4000 -50.6172 42.2761
0.5000 93.3957 29.7408
0.6000 75.1920 24.9088
0.7000 57.1934 21.5277
0.8000 -14.6339 22.8927
0.9000 -66.7919 16.6949
1.0000 -91.1298 19.1499
#PMF from TI in kcal/mol
0.0000 0.0000
0.1000 2.9732
0.2000 9.3357
0.3000 14.0557
0.4000 13.4570
0.5000 15.5959
0.6000 24.0253
0.7000 30.6446
0.8000 32.7726
0.9000 28.7013
1.0000 20.8052
#MBAR free energy difference in kcal/mol: 
18.760921, 368.671380  #WARNING SUBSAMPLING DISABLED, CONSIDER RERUN WITH SUBSAMPLING OPTION
#TI free energy difference in kcal/mol: 
20.805181  #WARNING SUBSAMPLING DISABLED, CONSIDER RERUN WITH SUBSAMPLING OPTION 
Starting /export/users/common/BioSimSpace/sire.app/bin/analyse_freenrg: number of threads equals 32
