# Analysing data contained in file(s) ['lambda_0.0000/simfile_snipped.dat', 'lambda_0.1000/simfile_snipped.dat', 'lambda_0.2000/simfile_snipped.dat', 'lambda_0.3000/simfile_snipped.dat', 'lambda_0.4000/simfile_snipped.dat', 'lambda_0.5000/simfile_snipped.dat', 'lambda_0.6000/simfile_snipped.dat', 'lambda_0.7000/simfile_snipped.dat', 'lambda_0.8000/simfile_snipped.dat', 'lambda_0.9000/simfile_snipped.dat', 'lambda_1.0000/simfile_snipped.dat']
#Overlap matrix
0.9907 0.0093 0.0000 0.0000 0.0000 0.0000 0.0000 0.0000 0.0000 0.0000 0.0000
0.0093 0.9862 0.0045 0.0000 0.0000 0.0000 0.0000 0.0000 0.0000 0.0000 0.0000
0.0000 0.0045 0.9915 0.0040 0.0000 0.0000 0.0000 0.0000 0.0000 0.0000 0.0000
0.0000 0.0000 0.0040 0.9960 0.0000 0.0000 0.0000 0.0000 0.0000 0.0000 0.0000
0.0000 0.0000 0.0000 0.0000 0.9087 0.0910 0.0002 0.0000 0.0000 0.0000 0.0000
0.0000 0.0000 0.0000 0.0000 0.0910 0.8202 0.0888 0.0000 0.0000 0.0000 0.0000
0.0000 0.0000 0.0000 0.0000 0.0002 0.0888 0.8461 0.0649 0.0000 0.0000 0.0000
0.0000 0.0000 0.0000 0.0000 0.0000 0.0000 0.0649 0.8410 0.0939 0.0002 0.0000
0.0000 0.0000 0.0000 0.0000 0.0000 0.0000 0.0000 0.0939 0.8262 0.0798 0.0000
0.0000 0.0000 0.0000 0.0000 0.0000 0.0000 0.0000 0.0002 0.0798 0.8559 0.0642
0.0000 0.0000 0.0000 0.0000 0.0000 0.0000 0.0000 0.0000 0.0000 0.0642 0.9358
#DG from neighbouring lambda in kcal/mol
0.0000 0.1000 -3.6573 0.2965
0.1000 0.2000 -4.7699 0.4270
0.2000 0.3000 -4.6201 0.4557
0.3000 0.4000 -7.7412 21.4977
0.4000 0.5000 4.2900 0.0862
0.5000 0.6000 6.4067 0.0876
0.6000 0.7000 2.5735 0.1055
0.7000 0.8000 -0.4855 0.0846
0.8000 0.9000 -0.9596 0.0934
0.9000 1.0000 -0.5848 0.1062
#PMF from MBAR in kcal/mol
0.0000 0.0000 0.0000
0.1000 -3.6573 0.2965
0.2000 -8.4271 0.5214
0.3000 -13.0472 0.6937
0.4000 -20.7884 21.5089
0.5000 -16.4985 21.5091
0.6000 -10.0918 21.5093
0.7000 -7.5183 21.5096
0.8000 -8.0038 21.5098
0.9000 -8.9633 21.5100
1.0000 -9.5481 21.5103
#TI average gradients and standard deviation in kcal/mol
0.0000 -39.5560 28.6708
0.1000 -41.7826 33.4359
0.2000 -49.1693 35.6940
0.3000 -33.9921 31.3925
0.4000 -18.3547 25.8661
0.5000 72.1336 18.9088
0.6000 48.1982 20.4548
0.7000 5.6808 19.7883
0.8000 -8.4588 17.3275
0.9000 -11.8693 19.4257
1.0000 -11.8451 370.9069
#PMF from TI in kcal/mol
0.0000 0.0000
0.1000 -4.0669
0.2000 -8.6145
0.3000 -12.7726
0.4000 -15.3899
0.5000 -12.7010
0.6000 -6.6844
0.7000 -3.9905
0.8000 -4.1293
0.9000 -5.1458
1.0000 -6.3315
#MBAR free energy difference in kcal/mol: 
-9.548139, 21.510343  #WARNING SUBSAMPLING DISABLED, CONSIDER RERUN WITH SUBSAMPLING OPTION
#TI free energy difference in kcal/mol: 
-6.331470  #WARNING SUBSAMPLING DISABLED, CONSIDER RERUN WITH SUBSAMPLING OPTION 
Starting /export/users/common/BioSimSpace/sire.app/bin/analyse_freenrg: number of threads equals 32
