# Analysing data contained in file(s) ['lambda_0.0000/simfile_snipped.dat', 'lambda_0.1000/simfile_snipped.dat', 'lambda_0.2000/simfile_snipped.dat', 'lambda_0.3000/simfile_snipped.dat', 'lambda_0.4000/simfile_snipped.dat', 'lambda_0.5000/simfile_snipped.dat', 'lambda_0.6000/simfile_snipped.dat', 'lambda_0.7000/simfile_snipped.dat', 'lambda_0.8000/simfile_snipped.dat', 'lambda_0.9000/simfile_snipped.dat', 'lambda_1.0000/simfile_snipped.dat']
#Overlap matrix
1.0000 0.0000 0.0000 0.0000 0.0000 0.0000 0.0000 0.0000 0.0000 0.0000 0.0000
0.0000 0.8774 0.1217 0.0009 0.0000 0.0000 0.0000 0.0000 0.0000 0.0000 0.0000
0.0000 0.1217 0.7117 0.1649 0.0017 0.0000 0.0000 0.0000 0.0000 0.0000 0.0000
0.0000 0.0009 0.1649 0.6888 0.1446 0.0008 0.0000 0.0000 0.0000 0.0000 0.0000
0.0000 0.0000 0.0017 0.1446 0.7115 0.1415 0.0006 0.0000 0.0000 0.0000 0.0000
0.0000 0.0000 0.0000 0.0008 0.1415 0.7361 0.1212 0.0003 0.0000 0.0000 0.0000
0.0000 0.0000 0.0000 0.0000 0.0006 0.1212 0.7766 0.1016 0.0000 0.0000 0.0000
0.0000 0.0000 0.0000 0.0000 0.0000 0.0003 0.1016 0.8421 0.0560 0.0000 0.0000
0.0000 0.0000 0.0000 0.0000 0.0000 0.0000 0.0000 0.0560 0.9358 0.0081 0.0000
0.0000 0.0000 0.0000 0.0000 0.0000 0.0000 0.0000 0.0000 0.0081 0.9919 0.0000
0.0000 0.0000 0.0000 0.0000 0.0000 0.0000 0.0000 0.0000 0.0000 0.0000 1.0000
#DG from neighbouring lambda in kcal/mol
0.0000 0.1000 29.5229 0.1265
0.1000 0.2000 7.9311 0.0715
0.2000 0.3000 6.9138 0.0574
0.3000 0.4000 6.0260 0.0631
0.4000 0.5000 4.6044 0.0644
0.5000 0.6000 2.9872 0.0717
0.6000 0.7000 0.9807 0.0806
0.7000 0.8000 -2.2656 0.1147
0.8000 0.9000 -9.4662 0.3169
0.9000 1.0000 -148.5355 0.3109
#PMF from MBAR in kcal/mol
0.0000 0.0000 0.0000
0.1000 29.5229 0.1265
0.2000 37.4540 0.1039
0.3000 44.3678 0.0900
0.4000 50.3938 0.0789
0.5000 54.9983 0.0748
0.6000 57.9854 0.0796
0.7000 58.9661 0.0950
0.8000 56.7005 0.1314
0.9000 47.2343 0.3109
1.0000 -101.3012 0.0000
#TI average gradients and standard deviation in kcal/mol
0.0000 3078.2672 329.4575
0.1000 88.1693 19.7313
0.2000 72.3592 16.2260
0.3000 66.2526 15.3980
0.4000 53.7407 16.1509
0.5000 39.1647 15.4533
0.6000 20.5022 16.5284
0.7000 -3.3629 19.0884
0.8000 -46.5866 23.1838
0.9000 -166.7758 41.1615
1.0000 -3082.9317 326.0981
#PMF from TI in kcal/mol
0.0000 0.0000
0.1000 158.3218
0.2000 166.3482
0.3000 173.2788
0.4000 179.2785
0.5000 183.9238
0.6000 186.9071
0.7000 187.7641
0.8000 185.2666
0.9000 174.5985
1.0000 12.1131
#MBAR free energy difference in kcal/mol: 
-101.301201, 0.000000  #WARNING SUBSAMPLING DISABLED, CONSIDER RERUN WITH SUBSAMPLING OPTION
#TI free energy difference in kcal/mol: 
12.113103  #WARNING SUBSAMPLING DISABLED, CONSIDER RERUN WITH SUBSAMPLING OPTION 
Starting /export/users/common/BioSimSpace/sire.app/bin/analyse_freenrg: number of threads equals 32
