# Analysing data contained in file(s) ['lambda_0.0000/simfile_snipped.dat', 'lambda_0.1000/simfile_snipped.dat', 'lambda_0.2000/simfile_snipped.dat', 'lambda_0.3000/simfile_snipped.dat', 'lambda_0.4000/simfile_snipped.dat', 'lambda_0.5000/simfile_snipped.dat', 'lambda_0.6000/simfile_snipped.dat', 'lambda_0.7000/simfile_snipped.dat', 'lambda_0.8000/simfile_snipped.dat', 'lambda_0.9000/simfile_snipped.dat', 'lambda_1.0000/simfile_snipped.dat']
#Overlap matrix
1.0000 0.0000 0.0000 0.0000 0.0000 0.0000 0.0000 0.0000 0.0000 0.0000 0.0000
0.0000 1.0000 0.0000 0.0000 0.0000 0.0000 0.0000 0.0000 0.0000 0.0000 0.0000
0.0000 0.0000 1.0000 0.0000 0.0000 0.0000 0.0000 0.0000 0.0000 0.0000 0.0000
0.0000 0.0000 0.0000 1.0000 0.0000 0.0000 0.0000 0.0000 0.0000 0.0000 0.0000
0.0000 0.0000 0.0000 0.0000 1.0000 0.0000 0.0000 0.0000 0.0000 0.0000 0.0000
0.0000 0.0000 0.0000 0.0000 0.0000 0.9999 0.0001 0.0000 0.0000 0.0000 0.0000
0.0000 0.0000 0.0000 0.0000 0.0000 0.0001 0.9956 0.0043 0.0000 0.0000 0.0000
0.0000 0.0000 0.0000 0.0000 0.0000 0.0000 0.0043 0.9867 0.0090 0.0000 0.0000
0.0000 0.0000 0.0000 0.0000 0.0000 0.0000 0.0000 0.0090 0.8966 0.0943 0.0000
0.0000 0.0000 0.0000 0.0000 0.0000 0.0000 0.0000 0.0000 0.0943 0.9057 0.0000
0.0000 0.0000 0.0000 0.0000 0.0000 0.0000 0.0000 0.0000 0.0000 0.0000 1.0000
#DG from neighbouring lambda in kcal/mol
0.0000 0.1000 -3.3328 0.0000
0.1000 0.2000 5.3686 0.0000
0.2000 0.3000 -1.2565 0.0000
0.3000 0.4000 -128.1781 77.5903
0.4000 0.5000 9.5518 86.7880
0.5000 0.6000 72.5021 2.4344
0.6000 0.7000 66.1078 0.4401
0.7000 0.8000 42.1936 0.3005
0.8000 0.9000 33.4743 0.0845
0.9000 1.0000 17.4404 153.8925
#PMF from MBAR in kcal/mol
0.0000 0.0000 0.0000
0.1000 -3.3328 0.0000
0.2000 2.0358 0.0000
0.3000 0.7793 0.0000
0.4000 -127.3988 77.5903
0.5000 -117.8471 25.3011
0.6000 -45.3450 25.2509
0.7000 20.7629 25.2503
0.8000 62.9564 25.2506
0.9000 96.4307 25.2507
1.0000 113.8711 132.4914
#TI average gradients and standard deviation in kcal/mol
0.0000 -180.3950 81.5807
0.1000 -7.4731 73.0262
0.2000 83.8448 80.4090
0.3000 112.3335 88.6301
0.4000 -727.0921 130.6855
0.5000 647.0931 39.2895
0.6000 722.5021 34.5130
0.7000 552.5595 69.1916
0.8000 357.1024 30.8185
0.9000 311.5705 29.9847
1.0000 93.4606 30.5638
#PMF from TI in kcal/mol
0.0000 0.0000
0.1000 -9.3934
0.2000 -5.5748
0.3000 4.2341
0.4000 -26.5038
0.5000 -30.5038
0.6000 37.9760
0.7000 101.7291
0.8000 147.2122
0.9000 180.6458
1.0000 200.8974
#MBAR free energy difference in kcal/mol: 
113.871143, 132.491362  #WARNING SUBSAMPLING DISABLED, CONSIDER RERUN WITH SUBSAMPLING OPTION
#TI free energy difference in kcal/mol: 
200.897358  #WARNING SUBSAMPLING DISABLED, CONSIDER RERUN WITH SUBSAMPLING OPTION 
Starting /export/users/common/BioSimSpace/sire.app/bin/analyse_freenrg: number of threads equals 32
