# Analysing data contained in file(s) ['lambda_0.0000/simfile_snipped.dat', 'lambda_0.1000/simfile_snipped.dat', 'lambda_0.2000/simfile_snipped.dat', 'lambda_0.3000/simfile_snipped.dat', 'lambda_0.4000/simfile_snipped.dat', 'lambda_0.5000/simfile_snipped.dat', 'lambda_0.6000/simfile_snipped.dat', 'lambda_0.7000/simfile_snipped.dat', 'lambda_0.8000/simfile_snipped.dat', 'lambda_0.9000/simfile_snipped.dat', 'lambda_1.0000/simfile_snipped.dat']
#Overlap matrix
0.9635 0.0365 0.0000 0.0000 0.0000 0.0000 0.0000 0.0000 0.0000 0.0000 0.0000
0.0365 0.9048 0.0588 0.0000 0.0000 0.0000 0.0000 0.0000 0.0000 0.0000 0.0000
0.0000 0.0588 0.8619 0.0793 0.0000 0.0000 0.0000 0.0000 0.0000 0.0000 0.0000
0.0000 0.0000 0.0793 0.8838 0.0369 0.0000 0.0000 0.0000 0.0000 0.0000 0.0000
0.0000 0.0000 0.0000 0.0369 0.9631 0.0000 0.0000 0.0000 0.0000 0.0000 0.0000
0.0000 0.0000 0.0000 0.0000 0.0000 0.9983 0.0017 0.0000 0.0000 0.0000 0.0000
0.0000 0.0000 0.0000 0.0000 0.0000 0.0017 0.9983 0.0000 0.0000 0.0000 0.0000
0.0000 0.0000 0.0000 0.0000 0.0000 0.0000 0.0000 0.9998 0.0002 0.0000 0.0000
0.0000 0.0000 0.0000 0.0000 0.0000 0.0000 0.0000 0.0002 0.9982 0.0016 0.0000
0.0000 0.0000 0.0000 0.0000 0.0000 0.0000 0.0000 0.0000 0.0016 0.9946 0.0038
0.0000 0.0000 0.0000 0.0000 0.0000 0.0000 0.0000 0.0000 0.0000 0.0038 0.9962
#DG from neighbouring lambda in kcal/mol
0.0000 0.1000 25.8809 0.1453
0.1000 0.2000 16.7500 0.1116
0.2000 0.3000 9.6703 0.0939
0.3000 0.4000 6.5937 0.1443
0.4000 0.5000 15.0167 31.1862
0.5000 0.6000 16.1425 0.7043
0.6000 0.7000 28.2215 22.3347
0.7000 0.8000 9.2127 1.9328
0.8000 0.9000 3.0820 0.7257
0.9000 1.0000 1.5364 0.4657
#PMF from MBAR in kcal/mol
0.0000 0.0000 0.0000
0.1000 25.8809 0.1453
0.2000 42.6310 0.1877
0.3000 52.3013 0.2138
0.4000 58.8950 0.2611
0.5000 73.9117 31.1873
0.6000 90.0542 31.1953
0.7000 118.2757 9.0378
0.8000 127.4884 8.9339
0.9000 130.5704 8.9339
1.0000 132.1068 8.9400
#TI average gradients and standard deviation in kcal/mol
0.0000 263.8934 19.2059
0.1000 211.7572 25.1863
0.2000 129.3211 20.0799
0.3000 70.4387 18.4086
0.4000 90.8037 23.8833
0.5000 112.1272 44.0981
0.6000 272.1568 55.2216
0.7000 126.2388 49.1185
0.8000 57.0675 41.2538
0.9000 14.7118 33.4255
1.0000 25.9191 33.6812
#PMF from TI in kcal/mol
0.0000 0.0000
0.1000 23.7825
0.2000 40.8364
0.3000 50.8244
0.4000 58.8866
0.5000 69.0331
0.6000 88.2473
0.7000 108.1671
0.8000 117.3324
0.9000 120.9213
1.0000 122.9529
#MBAR free energy difference in kcal/mol: 
132.106775, 8.939974  #WARNING SUBSAMPLING DISABLED, CONSIDER RERUN WITH SUBSAMPLING OPTION
#TI free energy difference in kcal/mol: 
122.952891  #WARNING SUBSAMPLING DISABLED, CONSIDER RERUN WITH SUBSAMPLING OPTION 
Starting /export/users/common/BioSimSpace/sire.app/bin/analyse_freenrg: number of threads equals 32
