# Analysing data contained in file(s) ['lambda_0.0000/simfile_snipped.dat', 'lambda_0.1000/simfile_snipped.dat', 'lambda_0.2000/simfile_snipped.dat', 'lambda_0.3000/simfile_snipped.dat', 'lambda_0.4000/simfile_snipped.dat', 'lambda_0.5000/simfile_snipped.dat', 'lambda_0.6000/simfile_snipped.dat', 'lambda_0.7000/simfile_snipped.dat', 'lambda_0.8000/simfile_snipped.dat', 'lambda_0.9000/simfile_snipped.dat', 'lambda_1.0000/simfile_snipped.dat']
#Overlap matrix
0.9996 0.0004 0.0000 0.0000 0.0000 0.0000 0.0000 0.0000 0.0000 0.0000 0.0000
0.0004 0.9978 0.0018 0.0000 0.0000 0.0000 0.0000 0.0000 0.0000 0.0000 0.0000
0.0000 0.0018 0.9979 0.0003 0.0000 0.0000 0.0000 0.0000 0.0000 0.0000 0.0000
0.0000 0.0000 0.0003 0.9991 0.0006 0.0000 0.0000 0.0000 0.0000 0.0000 0.0000
0.0000 0.0000 0.0000 0.0006 0.9993 0.0001 0.0000 0.0000 0.0000 0.0000 0.0000
0.0000 0.0000 0.0000 0.0000 0.0001 0.9999 0.0000 0.0000 0.0000 0.0000 0.0000
0.0000 0.0000 0.0000 0.0000 0.0000 0.0000 0.9420 0.0580 0.0000 0.0000 0.0000
0.0000 0.0000 0.0000 0.0000 0.0000 0.0000 0.0580 0.8652 0.0768 0.0000 0.0000
0.0000 0.0000 0.0000 0.0000 0.0000 0.0000 0.0000 0.0768 0.8633 0.0599 0.0000
0.0000 0.0000 0.0000 0.0000 0.0000 0.0000 0.0000 0.0000 0.0599 0.8974 0.0426
0.0000 0.0000 0.0000 0.0000 0.0000 0.0000 0.0000 0.0000 0.0000 0.0426 0.9574
#DG from neighbouring lambda in kcal/mol
0.0000 0.1000 -20.2078 1.4258
0.1000 0.2000 -8.8163 0.6856
0.2000 0.3000 -7.4766 1.6616
0.3000 0.4000 -5.2362 1.1487
0.4000 0.5000 -5.4775 4.0292
0.5000 0.6000 -17.1672 3.5604
0.6000 0.7000 8.6156 0.1125
0.7000 0.8000 11.6663 0.0956
0.8000 0.9000 6.8773 0.1104
0.9000 1.0000 -0.0916 0.1335
#PMF from MBAR in kcal/mol
0.0000 0.0000 0.0000
0.1000 -20.2078 1.4258
0.2000 -29.0241 1.5826
0.3000 -36.5007 2.2950
0.4000 -41.7368 2.5668
0.5000 -47.2144 4.7775
0.6000 -64.3816 1.7105
0.7000 -55.7660 1.7080
0.8000 -44.0996 1.7073
0.9000 -37.2223 1.7081
1.0000 -37.3139 1.7116
#TI average gradients and standard deviation in kcal/mol
0.0000 -319.6779 40.7147
0.1000 -101.2228 34.2283
0.2000 -71.3331 38.7943
0.3000 -61.4108 38.8887
0.4000 -35.7247 39.0914
0.5000 -48.4476 50.6116
0.6000 -15.5073 23.3438
0.7000 128.0027 20.1739
0.8000 97.5330 18.2390
0.9000 34.3440 24.5646
1.0000 5.3342 23.7648
#PMF from TI in kcal/mol
0.0000 0.0000
0.1000 -21.0450
0.2000 -29.6728
0.3000 -36.3100
0.4000 -41.1668
0.5000 -45.3754
0.6000 -48.5732
0.7000 -42.9484
0.8000 -31.6716
0.9000 -25.0778
1.0000 -23.0938
#MBAR free energy difference in kcal/mol: 
-37.313923, 1.711564  #WARNING SUBSAMPLING DISABLED, CONSIDER RERUN WITH SUBSAMPLING OPTION
#TI free energy difference in kcal/mol: 
-23.093845  #WARNING SUBSAMPLING DISABLED, CONSIDER RERUN WITH SUBSAMPLING OPTION 
Starting /export/users/common/BioSimSpace/sire.app/bin/analyse_freenrg: number of threads equals 32
