# Analysing data contained in file(s) ['lambda_0.0000/simfile_snipped.dat', 'lambda_0.1000/simfile_snipped.dat', 'lambda_0.2000/simfile_snipped.dat', 'lambda_0.3000/simfile_snipped.dat', 'lambda_0.4000/simfile_snipped.dat', 'lambda_0.5000/simfile_snipped.dat', 'lambda_0.6000/simfile_snipped.dat', 'lambda_0.7000/simfile_snipped.dat', 'lambda_0.8000/simfile_snipped.dat', 'lambda_0.9000/simfile_snipped.dat', 'lambda_1.0000/simfile_snipped.dat']
#Overlap matrix
0.9999 0.0001 0.0000 0.0000 0.0000 0.0000 0.0000 0.0000 0.0000 0.0000 0.0000
0.0001 0.9955 0.0044 0.0000 0.0000 0.0000 0.0000 0.0000 0.0000 0.0000 0.0000
0.0000 0.0044 0.9914 0.0042 0.0000 0.0000 0.0000 0.0000 0.0000 0.0000 0.0000
0.0000 0.0000 0.0042 0.9769 0.0189 0.0000 0.0000 0.0000 0.0000 0.0000 0.0000
0.0000 0.0000 0.0000 0.0189 0.9432 0.0378 0.0000 0.0000 0.0000 0.0000 0.0000
0.0000 0.0000 0.0000 0.0000 0.0378 0.9223 0.0399 0.0000 0.0000 0.0000 0.0000
0.0000 0.0000 0.0000 0.0000 0.0000 0.0399 0.8939 0.0662 0.0000 0.0000 0.0000
0.0000 0.0000 0.0000 0.0000 0.0000 0.0000 0.0662 0.9139 0.0198 0.0000 0.0000
0.0000 0.0000 0.0000 0.0000 0.0000 0.0000 0.0000 0.0198 0.9695 0.0107 0.0000
0.0000 0.0000 0.0000 0.0000 0.0000 0.0000 0.0000 0.0000 0.0107 0.9631 0.0262
0.0000 0.0000 0.0000 0.0000 0.0000 0.0000 0.0000 0.0000 0.0000 0.0262 0.9738
#DG from neighbouring lambda in kcal/mol
0.0000 0.1000 41.3547 2.9934
0.1000 0.2000 29.9799 0.4316
0.2000 0.3000 17.6538 0.4428
0.3000 0.4000 3.9705 0.2055
0.4000 0.5000 -2.5874 0.1424
0.5000 0.6000 -6.6388 0.1384
0.6000 0.7000 -9.2796 0.1043
0.7000 0.8000 -16.0645 0.2007
0.8000 0.9000 -27.4538 0.2760
0.9000 1.0000 -37.0156 0.1732
#PMF from MBAR in kcal/mol
0.0000 0.0000 0.0000
0.1000 41.3547 2.9934
0.2000 71.3346 3.0246
0.3000 88.9884 3.0571
0.4000 92.9589 3.0643
0.5000 90.3715 3.0679
0.6000 83.7327 3.0713
0.7000 74.4531 3.0733
0.8000 58.3886 3.0801
0.9000 30.9348 3.0927
1.0000 -6.0808 3.0978
#TI average gradients and standard deviation in kcal/mol
0.0000 466.3663 42.7206
0.1000 345.9077 36.5394
0.2000 242.0428 32.9900
0.3000 91.1252 40.9173
0.4000 -0.2589 26.0262
0.5000 -47.4067 24.9507
0.6000 -79.8809 22.2519
0.7000 -112.6434 25.1530
0.8000 -212.0291 28.7663
0.9000 -329.1812 23.8904
1.0000 -395.8427 29.3019
#PMF from TI in kcal/mol
0.0000 0.0000
0.1000 40.6137
0.2000 70.0112
0.3000 86.6696
0.4000 91.2129
0.5000 88.8297
0.6000 82.4653
0.7000 72.8391
0.8000 56.6054
0.9000 29.5449
1.0000 -6.7063
#MBAR free energy difference in kcal/mol: 
-6.080811, 3.097847  #WARNING SUBSAMPLING DISABLED, CONSIDER RERUN WITH SUBSAMPLING OPTION
#TI free energy difference in kcal/mol: 
-6.706263  #WARNING SUBSAMPLING DISABLED, CONSIDER RERUN WITH SUBSAMPLING OPTION 
Starting /export/users/common/BioSimSpace/sire.app/bin/analyse_freenrg: number of threads equals 32
