# Analysing data contained in file(s) ['lambda_0.0000/simfile_snipped.dat', 'lambda_0.1000/simfile_snipped.dat', 'lambda_0.2000/simfile_snipped.dat', 'lambda_0.3000/simfile_snipped.dat', 'lambda_0.4000/simfile_snipped.dat', 'lambda_0.5000/simfile_snipped.dat', 'lambda_0.6000/simfile_snipped.dat', 'lambda_0.7000/simfile_snipped.dat', 'lambda_0.8000/simfile_snipped.dat', 'lambda_0.9000/simfile_snipped.dat', 'lambda_1.0000/simfile_snipped.dat']
#Overlap matrix
1.0000 0.0000 0.0000 0.0000 0.0000 0.0000 0.0000 0.0000 0.0000 0.0000 0.0000
0.0000 0.9972 0.0028 0.0000 0.0000 0.0000 0.0000 0.0000 0.0000 0.0000 0.0000
0.0000 0.0028 0.9828 0.0144 0.0000 0.0000 0.0000 0.0000 0.0000 0.0000 0.0000
0.0000 0.0000 0.0144 0.9186 0.0670 0.0000 0.0000 0.0000 0.0000 0.0000 0.0000
0.0000 0.0000 0.0000 0.0670 0.9043 0.0287 0.0000 0.0000 0.0000 0.0000 0.0000
0.0000 0.0000 0.0000 0.0000 0.0287 0.9008 0.0705 0.0000 0.0000 0.0000 0.0000
0.0000 0.0000 0.0000 0.0000 0.0000 0.0705 0.8992 0.0303 0.0000 0.0000 0.0000
0.0000 0.0000 0.0000 0.0000 0.0000 0.0000 0.0303 0.9250 0.0448 0.0000 0.0000
0.0000 0.0000 0.0000 0.0000 0.0000 0.0000 0.0000 0.0448 0.8917 0.0635 0.0000
0.0000 0.0000 0.0000 0.0000 0.0000 0.0000 0.0000 0.0000 0.0635 0.8723 0.0641
0.0000 0.0000 0.0000 0.0000 0.0000 0.0000 0.0000 0.0000 0.0000 0.0641 0.9359
#DG from neighbouring lambda in kcal/mol
0.0000 0.1000 46.3515 299.8160
0.1000 0.2000 23.5955 0.5424
0.2000 0.3000 16.3424 0.2366
0.3000 0.4000 14.7854 0.1036
0.4000 0.5000 12.5247 0.1651
0.5000 0.6000 7.5109 0.1006
0.6000 0.7000 1.4048 0.1605
0.7000 0.8000 -5.6340 0.1300
0.8000 0.9000 -10.4104 0.1068
0.9000 1.0000 -14.5381 0.1062
#PMF from MBAR in kcal/mol
0.0000 0.0000 0.0000
0.1000 46.3515 299.8160
0.2000 69.9469 299.8165
0.3000 86.2893 299.8166
0.4000 101.0747 299.8166
0.5000 113.5994 299.8167
0.6000 121.1103 299.8167
0.7000 122.5151 299.8167
0.8000 116.8811 299.8168
0.9000 106.4707 299.8168
1.0000 91.9326 299.8168
#TI average gradients and standard deviation in kcal/mol
0.0000 655.4691 62.2004
0.1000 308.0007 41.7575
0.2000 190.2766 30.1518
0.3000 148.6984 25.9986
0.4000 149.3943 19.0567
0.5000 97.2186 18.8593
0.6000 50.4777 22.0590
0.7000 -23.7934 24.7917
0.8000 -82.9770 21.1229
0.9000 -123.7440 21.8803
1.0000 -162.2657 23.1726
#PMF from TI in kcal/mol
0.0000 0.0000
0.1000 48.1735
0.2000 73.0874
0.3000 90.0361
0.4000 104.9407
0.5000 117.2714
0.6000 124.6562
0.7000 125.9904
0.8000 120.6519
0.9000 110.3159
1.0000 96.0154
#MBAR free energy difference in kcal/mol: 
91.932622, 299.816823  #WARNING SUBSAMPLING DISABLED, CONSIDER RERUN WITH SUBSAMPLING OPTION
#TI free energy difference in kcal/mol: 
96.015366  #WARNING SUBSAMPLING DISABLED, CONSIDER RERUN WITH SUBSAMPLING OPTION 
Starting /export/users/common/BioSimSpace/sire.app/bin/analyse_freenrg: number of threads equals 32
