# Analysing data contained in file(s) ['lambda_0.0000/simfile_snipped.dat', 'lambda_0.1000/simfile_snipped.dat', 'lambda_0.2000/simfile_snipped.dat', 'lambda_0.3000/simfile_snipped.dat', 'lambda_0.4000/simfile_snipped.dat', 'lambda_0.5000/simfile_snipped.dat', 'lambda_0.6000/simfile_snipped.dat', 'lambda_0.7000/simfile_snipped.dat', 'lambda_0.8000/simfile_snipped.dat', 'lambda_0.9000/simfile_snipped.dat', 'lambda_1.0000/simfile_snipped.dat']
#Overlap matrix
0.9999 0.0001 0.0000 0.0000 0.0000 0.0000 0.0000 0.0000 0.0000 0.0000 0.0000
0.0001 0.8563 0.1436 0.0000 0.0000 0.0000 0.0000 0.0000 0.0000 0.0000 0.0000
0.0000 0.1436 0.8476 0.0088 0.0000 0.0000 0.0000 0.0000 0.0000 0.0000 0.0000
0.0000 0.0000 0.0088 0.8408 0.1483 0.0021 0.0000 0.0000 0.0000 0.0000 0.0000
0.0000 0.0000 0.0000 0.1483 0.6903 0.1614 0.0000 0.0000 0.0000 0.0000 0.0000
0.0000 0.0000 0.0000 0.0021 0.1614 0.8356 0.0009 0.0000 0.0000 0.0000 0.0000
0.0000 0.0000 0.0000 0.0000 0.0000 0.0009 0.8320 0.1666 0.0005 0.0000 0.0000
0.0000 0.0000 0.0000 0.0000 0.0000 0.0000 0.1666 0.7879 0.0455 0.0000 0.0000
0.0000 0.0000 0.0000 0.0000 0.0000 0.0000 0.0005 0.0455 0.9536 0.0004 0.0000
0.0000 0.0000 0.0000 0.0000 0.0000 0.0000 0.0000 0.0000 0.0004 0.9801 0.0195
0.0000 0.0000 0.0000 0.0000 0.0000 0.0000 0.0000 0.0000 0.0000 0.0195 0.9805
#DG from neighbouring lambda in kcal/mol
0.0000 0.1000 2.7386 3.6584
0.1000 0.2000 0.4999 0.0642
0.2000 0.3000 1.0498 0.3050
0.3000 0.4000 1.2017 0.0621
0.4000 0.5000 5.5141 0.0585
0.5000 0.6000 4.1837 0.9354
0.6000 0.7000 4.1096 0.0575
0.7000 0.8000 9.3698 0.1281
0.8000 0.9000 7.2716 1.4367
0.9000 1.0000 6.0137 0.2025
#PMF from MBAR in kcal/mol
0.0000 0.0000 0.0000
0.1000 2.7386 3.6584
0.2000 3.2385 3.6592
0.3000 4.2883 3.6722
0.4000 5.4899 3.6729
0.5000 11.0040 3.6736
0.6000 15.1877 3.7910
0.7000 19.2973 3.7917
0.8000 28.6671 3.7940
0.9000 35.9387 4.0571
1.0000 41.9524 4.0624
#TI average gradients and standard deviation in kcal/mol
0.0000 78.2050 23.7602
0.1000 -56.4555 22.3561
0.2000 68.9319 21.5063
0.3000 -47.3031 20.5823
0.4000 75.4174 21.7139
0.5000 80.3607 22.6460
0.6000 -18.2300 21.0880
0.7000 98.0096 23.3450
0.8000 105.3523 25.4818
0.9000 48.5703 26.7281
1.0000 67.2791 25.7463
#PMF from TI in kcal/mol
0.0000 0.0000
0.1000 1.0875
0.2000 1.7113
0.3000 2.7927
0.4000 4.1984
0.5000 11.9873
0.6000 15.0939
0.7000 19.0829
0.8000 29.2510
0.9000 36.9471
1.0000 42.7395
#MBAR free energy difference in kcal/mol: 
41.952354, 4.062392  #WARNING SUBSAMPLING DISABLED, CONSIDER RERUN WITH SUBSAMPLING OPTION
#TI free energy difference in kcal/mol: 
42.739548  #WARNING SUBSAMPLING DISABLED, CONSIDER RERUN WITH SUBSAMPLING OPTION 
Starting /export/users/common/BioSimSpace/sire.app/bin/analyse_freenrg: number of threads equals 32
