# Analysing data contained in file(s) ['lambda_0.0000/simfile_snipped.dat', 'lambda_0.1000/simfile_snipped.dat', 'lambda_0.2000/simfile_snipped.dat', 'lambda_0.3000/simfile_snipped.dat', 'lambda_0.4000/simfile_snipped.dat', 'lambda_0.5000/simfile_snipped.dat', 'lambda_0.6000/simfile_snipped.dat', 'lambda_0.7000/simfile_snipped.dat', 'lambda_0.8000/simfile_snipped.dat', 'lambda_0.9000/simfile_snipped.dat', 'lambda_1.0000/simfile_snipped.dat']
#Overlap matrix
0.9375 0.0625 0.0000 0.0000 0.0000 0.0000 0.0000 0.0000 0.0000 0.0000 0.0000
0.0625 0.8662 0.0712 0.0001 0.0000 0.0000 0.0000 0.0000 0.0000 0.0000 0.0000
0.0000 0.0712 0.8121 0.1164 0.0003 0.0000 0.0000 0.0000 0.0000 0.0000 0.0000
0.0000 0.0001 0.1164 0.7961 0.0872 0.0003 0.0000 0.0000 0.0000 0.0000 0.0000
0.0000 0.0000 0.0003 0.0872 0.8097 0.1024 0.0004 0.0000 0.0000 0.0000 0.0000
0.0000 0.0000 0.0000 0.0003 0.1024 0.7902 0.1068 0.0003 0.0000 0.0000 0.0000
0.0000 0.0000 0.0000 0.0000 0.0004 0.1068 0.8166 0.0758 0.0003 0.0000 0.0000
0.0000 0.0000 0.0000 0.0000 0.0000 0.0003 0.0758 0.8819 0.0420 0.0000 0.0000
0.0000 0.0000 0.0000 0.0000 0.0000 0.0000 0.0003 0.0420 0.9577 0.0000 0.0000
0.0000 0.0000 0.0000 0.0000 0.0000 0.0000 0.0000 0.0000 0.0000 1.0000 0.0000
0.0000 0.0000 0.0000 0.0000 0.0000 0.0000 0.0000 0.0000 0.0000 0.0000 1.0000
#DG from neighbouring lambda in kcal/mol
0.0000 0.1000 -10.8163 0.1078
0.1000 0.2000 -11.6964 0.0999
0.2000 0.3000 -10.4327 0.0738
0.3000 0.4000 -8.2963 0.0884
0.4000 0.5000 -7.0089 0.0800
0.5000 0.6000 -5.1192 0.0778
0.6000 0.7000 -1.8013 0.0959
0.7000 0.8000 6.1166 0.1341
0.8000 0.9000 7.5425 290.1914
0.9000 1.0000 -13.4773 261.1726
#PMF from MBAR in kcal/mol
0.0000 0.0000 0.0000
0.1000 -10.8163 0.1078
0.2000 -22.5128 0.1525
0.3000 -32.9455 0.1742
0.4000 -41.2418 0.1994
0.5000 -48.2507 0.2186
0.6000 -53.3699 0.2354
0.7000 -55.1711 0.2573
0.8000 -49.0545 0.2928
0.9000 -41.5120 290.1916
1.0000 -54.9893 29.0194
#TI average gradients and standard deviation in kcal/mol
0.0000 -103.8649 23.7868
0.1000 -112.4170 20.5230
0.2000 -117.9944 17.4580
0.3000 -93.5949 21.2732
0.4000 -78.9650 19.4884
0.5000 -63.0957 18.3618
0.6000 -37.5067 19.5485
0.7000 7.8839 22.8592
0.8000 118.6162 41.3210
0.9000 -11.0756 54.3418
1.0000 -5660.1042 1650.5368
#PMF from TI in kcal/mol
0.0000 0.0000
0.1000 -10.8141
0.2000 -22.3347
0.3000 -32.9141
0.4000 -41.5421
0.5000 -48.6452
0.6000 -53.6753
0.7000 -55.1564
0.8000 -48.8314
0.9000 -43.4544
1.0000 -327.0134
#MBAR free energy difference in kcal/mol: 
-54.989341, 29.019400  #WARNING SUBSAMPLING DISABLED, CONSIDER RERUN WITH SUBSAMPLING OPTION
#TI free energy difference in kcal/mol: 
-327.013367  #WARNING SUBSAMPLING DISABLED, CONSIDER RERUN WITH SUBSAMPLING OPTION 
Starting /export/users/common/BioSimSpace/sire.app/bin/analyse_freenrg: number of threads equals 32
