# Analysing data contained in file(s) ['lambda_0.0000/simfile_snipped.dat', 'lambda_0.1000/simfile_snipped.dat', 'lambda_0.2000/simfile_snipped.dat', 'lambda_0.3000/simfile_snipped.dat', 'lambda_0.4000/simfile_snipped.dat', 'lambda_0.5000/simfile_snipped.dat', 'lambda_0.6000/simfile_snipped.dat', 'lambda_0.7000/simfile_snipped.dat', 'lambda_0.8000/simfile_snipped.dat', 'lambda_0.9000/simfile_snipped.dat', 'lambda_1.0000/simfile_snipped.dat']
#Overlap matrix
0.7746 0.2160 0.0091 0.0002 0.0000 0.0000 0.0000 0.0000 0.0000 0.0000 0.0000
0.2160 0.6763 0.0953 0.0122 0.0001 0.0000 0.0000 0.0000 0.0000 0.0000 0.0000
0.0091 0.0953 0.6236 0.2681 0.0038 0.0000 0.0000 0.0000 0.0000 0.0000 0.0000
0.0002 0.0122 0.2681 0.6431 0.0756 0.0008 0.0000 0.0000 0.0000 0.0000 0.0000
0.0000 0.0001 0.0038 0.0756 0.7258 0.1822 0.0125 0.0000 0.0000 0.0000 0.0000
0.0000 0.0000 0.0000 0.0008 0.1822 0.5538 0.2623 0.0009 0.0000 0.0000 0.0000
0.0000 0.0000 0.0000 0.0000 0.0125 0.2623 0.6931 0.0309 0.0011 0.0001 0.0000
0.0000 0.0000 0.0000 0.0000 0.0000 0.0009 0.0309 0.6479 0.2725 0.0469 0.0009
0.0000 0.0000 0.0000 0.0000 0.0000 0.0000 0.0011 0.2725 0.4518 0.2574 0.0172
0.0000 0.0000 0.0000 0.0000 0.0000 0.0000 0.0001 0.0469 0.2574 0.5072 0.1884
0.0000 0.0000 0.0000 0.0000 0.0000 0.0000 0.0000 0.0009 0.0172 0.1884 0.7935
#DG from neighbouring lambda in kcal/mol
0.0000 0.1000 10.7662 0.0451
0.1000 0.2000 11.0663 0.0741
0.2000 0.3000 11.3374 0.0357
0.3000 0.4000 10.5177 0.0932
0.4000 0.5000 8.2824 0.0510
0.5000 0.6000 7.9244 0.0369
0.6000 0.7000 5.8476 0.1534
0.7000 0.8000 3.9692 0.0313
0.8000 0.9000 4.5944 0.0314
0.9000 1.0000 4.7544 0.0488
#PMF from MBAR in kcal/mol
0.0000 0.0000 0.0000
0.1000 10.7662 0.0451
0.2000 21.8325 0.0927
0.3000 33.1699 0.1045
0.4000 43.6876 0.1450
0.5000 51.9700 0.1587
0.6000 59.8944 0.1668
0.7000 65.7420 0.2299
0.8000 69.7111 0.2352
0.9000 74.3056 0.2392
1.0000 79.0600 0.2466
#TI average gradients and standard deviation in kcal/mol
0.0000 8.6105 11.7763
0.1000 141.0478 16.6181
0.2000 5.5714 10.2336
0.3000 160.7253 11.2086
0.4000 159.1492 11.0605
0.5000 158.0819 10.5990
0.6000 18.3164 9.3508
0.7000 23.3936 8.8212
0.8000 29.4717 8.8173
0.9000 156.5276 11.3435
1.0000 45.3197 9.9724
#PMF from TI in kcal/mol
0.0000 0.0000
0.1000 7.4829
0.2000 14.8139
0.3000 23.1287
0.4000 39.1224
0.5000 54.9840
0.6000 63.8039
0.7000 65.8894
0.8000 68.5327
0.9000 77.8326
1.0000 87.9250
#MBAR free energy difference in kcal/mol: 
79.059954, 0.246634  #WARNING SUBSAMPLING DISABLED, CONSIDER RERUN WITH SUBSAMPLING OPTION
#TI free energy difference in kcal/mol: 
87.925001  #WARNING SUBSAMPLING DISABLED, CONSIDER RERUN WITH SUBSAMPLING OPTION 
Starting /export/users/common/BioSimSpace/sire.app/bin/analyse_freenrg: number of threads equals 32
