# Analysing data contained in file(s) ['lambda_0.0000/simfile_snipped.dat', 'lambda_0.1000/simfile_snipped.dat', 'lambda_0.2000/simfile_snipped.dat', 'lambda_0.3000/simfile_snipped.dat', 'lambda_0.4000/simfile_snipped.dat', 'lambda_0.5000/simfile_snipped.dat', 'lambda_0.6000/simfile_snipped.dat', 'lambda_0.7000/simfile_snipped.dat', 'lambda_0.8000/simfile_snipped.dat', 'lambda_0.9000/simfile_snipped.dat', 'lambda_1.0000/simfile_snipped.dat']
#Overlap matrix
0.9462 0.0537 0.0000 0.0000 0.0000 0.0000 0.0000 0.0000 0.0000 0.0000 0.0000
0.0537 0.8913 0.0549 0.0000 0.0000 0.0000 0.0000 0.0000 0.0000 0.0000 0.0000
0.0000 0.0549 0.9365 0.0086 0.0000 0.0000 0.0000 0.0000 0.0000 0.0000 0.0000
0.0000 0.0000 0.0086 0.9914 0.0000 0.0000 0.0000 0.0000 0.0000 0.0000 0.0000
0.0000 0.0000 0.0000 0.0000 1.0000 0.0000 0.0000 0.0000 0.0000 0.0000 0.0000
0.0000 0.0000 0.0000 0.0000 0.0000 0.8886 0.1114 0.0000 0.0000 0.0000 0.0000
0.0000 0.0000 0.0000 0.0000 0.0000 0.1114 0.8326 0.0559 0.0001 0.0000 0.0000
0.0000 0.0000 0.0000 0.0000 0.0000 0.0000 0.0559 0.8060 0.1379 0.0002 0.0000
0.0000 0.0000 0.0000 0.0000 0.0000 0.0000 0.0001 0.1379 0.7952 0.0668 0.0000
0.0000 0.0000 0.0000 0.0000 0.0000 0.0000 0.0000 0.0002 0.0668 0.9304 0.0026
0.0000 0.0000 0.0000 0.0000 0.0000 0.0000 0.0000 0.0000 0.0000 0.0026 0.9974
#DG from neighbouring lambda in kcal/mol
0.0000 0.1000 -2.2264 0.1174
0.1000 0.2000 0.5258 0.1160
0.2000 0.3000 -0.4380 0.3081
0.3000 0.4000 -13.7670 1444.0280
0.4000 0.5000 -14.5896 31.3334
0.5000 0.6000 14.7546 0.0761
0.6000 0.7000 14.8374 0.1147
0.7000 0.8000 11.2587 0.0660
0.8000 0.9000 8.4758 0.1036
0.9000 1.0000 -2.2621 0.5658
#PMF from MBAR in kcal/mol
0.0000 0.0000 0.0000
0.1000 -2.2264 0.1174
0.2000 -1.7006 0.1700
0.3000 -2.1386 0.3542
0.4000 -15.9056 1444.0281
0.5000 -30.4952 1444.3680
0.6000 -15.7406 1444.3680
0.7000 -0.9032 1444.3680
0.8000 10.3555 1444.3680
0.9000 18.8314 1444.3680
1.0000 16.5693 1444.3681
#TI average gradients and standard deviation in kcal/mol
0.0000 -52.3423 31.8922
0.1000 0.4392 19.1943
0.2000 8.1069 24.4514
0.3000 -18.1983 40.4040
0.4000 -173.5406 86.4212
0.5000 82.6346 16.2973
0.6000 169.5336 18.7862
0.7000 125.8331 17.4254
0.8000 101.6069 16.5175
0.9000 55.5413 31.4996
1.0000 -54.7577 21.8955
#PMF from TI in kcal/mol
0.0000 0.0000
0.1000 -2.5952
0.2000 -2.1679
0.3000 -2.6724
0.4000 -12.2594
0.5000 -16.8047
0.6000 -4.1963
0.7000 10.5721
0.8000 21.9441
0.9000 29.8015
1.0000 29.8407
#MBAR free energy difference in kcal/mol: 
16.569267, 1444.368088  #WARNING SUBSAMPLING DISABLED, CONSIDER RERUN WITH SUBSAMPLING OPTION
#TI free energy difference in kcal/mol: 
29.840681  #WARNING SUBSAMPLING DISABLED, CONSIDER RERUN WITH SUBSAMPLING OPTION 
Starting /export/users/common/BioSimSpace/sire.app/bin/analyse_freenrg: number of threads equals 32
