# Analysing data contained in file(s) ['lambda_0.0000/simfile_snipped.dat', 'lambda_0.1000/simfile_snipped.dat', 'lambda_0.2000/simfile_snipped.dat', 'lambda_0.3000/simfile_snipped.dat', 'lambda_0.4000/simfile_snipped.dat', 'lambda_0.5000/simfile_snipped.dat', 'lambda_0.6000/simfile_snipped.dat', 'lambda_0.7000/simfile_snipped.dat', 'lambda_0.8000/simfile_snipped.dat', 'lambda_0.9000/simfile_snipped.dat', 'lambda_1.0000/simfile_snipped.dat']
#Overlap matrix
0.8487 0.1504 0.0010 0.0000 0.0000 0.0000 0.0000 0.0000 0.0000 0.0000 0.0000
0.1504 0.7054 0.1430 0.0012 0.0000 0.0000 0.0000 0.0000 0.0000 0.0000 0.0000
0.0010 0.1430 0.7139 0.1408 0.0013 0.0000 0.0000 0.0000 0.0000 0.0000 0.0000
0.0000 0.0012 0.1408 0.6942 0.1617 0.0022 0.0000 0.0000 0.0000 0.0000 0.0000
0.0000 0.0000 0.0013 0.1617 0.6702 0.1645 0.0023 0.0000 0.0000 0.0000 0.0000
0.0000 0.0000 0.0000 0.0022 0.1645 0.6617 0.1676 0.0040 0.0000 0.0000 0.0000
0.0000 0.0000 0.0000 0.0000 0.0023 0.1676 0.6504 0.1757 0.0040 0.0000 0.0000
0.0000 0.0000 0.0000 0.0000 0.0000 0.0040 0.1757 0.6312 0.1847 0.0044 0.0000
0.0000 0.0000 0.0000 0.0000 0.0000 0.0000 0.0040 0.1847 0.6290 0.1803 0.0020
0.0000 0.0000 0.0000 0.0000 0.0000 0.0000 0.0000 0.0044 0.1803 0.6838 0.1315
0.0000 0.0000 0.0000 0.0000 0.0000 0.0000 0.0000 0.0000 0.0020 0.1315 0.8665
#DG from neighbouring lambda in kcal/mol
0.0000 0.1000 27.3462 0.0619
0.1000 0.2000 26.0130 0.0637
0.2000 0.3000 22.9969 0.0643
0.3000 0.4000 19.4612 0.0580
0.4000 0.5000 15.9342 0.0571
0.5000 0.6000 12.2166 0.0558
0.6000 0.7000 8.6165 0.0535
0.7000 0.8000 4.8034 0.0514
0.8000 0.9000 0.7934 0.0528
0.9000 1.0000 -3.9500 0.0675
#PMF from MBAR in kcal/mol
0.0000 0.0000 0.0000
0.1000 27.3462 0.0619
0.2000 53.3592 0.0973
0.3000 76.3561 0.1232
0.4000 95.8173 0.1418
0.5000 111.7516 0.1578
0.6000 123.9682 0.1719
0.7000 132.5847 0.1840
0.8000 137.3880 0.1949
0.9000 138.1815 0.2055
1.0000 134.2315 0.2198
#TI average gradients and standard deviation in kcal/mol
0.0000 264.2551 15.2395
0.1000 272.6662 15.9957
0.2000 246.4300 15.0872
0.3000 212.5804 14.6039
0.4000 177.2720 13.2121
0.5000 140.2167 14.3518
0.6000 104.2917 13.9025
0.7000 67.6727 13.4260
0.8000 28.4178 13.2502
0.9000 -13.3242 13.4729
1.0000 -64.9164 14.8027
#PMF from TI in kcal/mol
0.0000 0.0000
0.1000 26.8461
0.2000 52.8009
0.3000 75.7514
0.4000 95.2440
0.5000 111.1185
0.6000 123.3439
0.7000 131.9421
0.8000 136.7466
0.9000 137.5013
1.0000 133.5893
#MBAR free energy difference in kcal/mol: 
134.231471, 0.219849  #WARNING SUBSAMPLING DISABLED, CONSIDER RERUN WITH SUBSAMPLING OPTION
#TI free energy difference in kcal/mol: 
133.589281  #WARNING SUBSAMPLING DISABLED, CONSIDER RERUN WITH SUBSAMPLING OPTION 
Starting /export/users/common/BioSimSpace/sire.app/bin/analyse_freenrg: number of threads equals 32
