# Analysing data contained in file(s) ['lambda_0.0000/simfile_snipped.dat', 'lambda_0.1000/simfile_snipped.dat', 'lambda_0.2000/simfile_snipped.dat', 'lambda_0.3000/simfile_snipped.dat', 'lambda_0.4000/simfile_snipped.dat', 'lambda_0.5000/simfile_snipped.dat', 'lambda_0.6000/simfile_snipped.dat', 'lambda_0.7000/simfile_snipped.dat', 'lambda_0.8000/simfile_snipped.dat', 'lambda_0.9000/simfile_snipped.dat', 'lambda_1.0000/simfile_snipped.dat']
#Overlap matrix
0.9886 0.0114 0.0000 0.0000 0.0000 0.0000 0.0000 0.0000 0.0000 0.0000 0.0000
0.0114 0.8810 0.1073 0.0003 0.0000 0.0000 0.0000 0.0000 0.0000 0.0000 0.0000
0.0000 0.1073 0.7595 0.1322 0.0010 0.0000 0.0000 0.0000 0.0000 0.0000 0.0000
0.0000 0.0003 0.1322 0.7090 0.1569 0.0016 0.0000 0.0000 0.0000 0.0000 0.0000
0.0000 0.0000 0.0010 0.1569 0.6850 0.1557 0.0014 0.0000 0.0000 0.0000 0.0000
0.0000 0.0000 0.0000 0.0016 0.1557 0.6909 0.1501 0.0018 0.0000 0.0000 0.0000
0.0000 0.0000 0.0000 0.0000 0.0014 0.1501 0.6901 0.1566 0.0019 0.0000 0.0000
0.0000 0.0000 0.0000 0.0000 0.0000 0.0018 0.1566 0.6774 0.1625 0.0017 0.0000
0.0000 0.0000 0.0000 0.0000 0.0000 0.0000 0.0019 0.1625 0.6762 0.1586 0.0009
0.0000 0.0000 0.0000 0.0000 0.0000 0.0000 0.0000 0.0017 0.1586 0.7106 0.1291
0.0000 0.0000 0.0000 0.0000 0.0000 0.0000 0.0000 0.0000 0.0009 0.1291 0.8701
#DG from neighbouring lambda in kcal/mol
0.0000 0.1000 8.6822 0.2672
0.1000 0.2000 3.8527 0.0778
0.2000 0.3000 1.4333 0.0675
0.3000 0.4000 -0.5257 0.0595
0.4000 0.5000 -2.3307 0.0598
0.5000 0.6000 -4.3774 0.0613
0.6000 0.7000 -6.3318 0.0594
0.7000 0.8000 -8.2683 0.0578
0.8000 0.9000 -10.1554 0.0591
0.9000 1.0000 -11.9894 0.0688
#PMF from MBAR in kcal/mol
0.0000 0.0000 0.0000
0.1000 8.6822 0.2672
0.2000 12.5349 0.2813
0.3000 13.9682 0.2921
0.4000 13.4424 0.3007
0.5000 11.1118 0.3091
0.6000 6.7343 0.3176
0.7000 0.4026 0.3255
0.8000 -7.8658 0.3329
0.9000 -18.0212 0.3404
1.0000 -30.0106 0.3496
#TI average gradients and standard deviation in kcal/mol
0.0000 180.6610 54.6832
0.1000 51.8016 19.7672
0.2000 26.0920 17.8727
0.3000 3.8325 15.4740
0.4000 -14.1328 14.9209
0.5000 -32.9573 15.0025
0.6000 -53.6749 13.8623
0.7000 -73.5900 14.6638
0.8000 -92.0967 14.9716
0.9000 -111.0672 16.1001
1.0000 -127.5696 18.2665
#PMF from TI in kcal/mol
0.0000 0.0000
0.1000 11.6231
0.2000 15.5178
0.3000 17.0140
0.4000 16.4990
0.5000 14.1445
0.6000 9.8129
0.7000 3.4497
0.8000 -4.8347
0.9000 -14.9929
1.0000 -26.9247
#MBAR free energy difference in kcal/mol: 
-30.010575, 0.349604  #WARNING SUBSAMPLING DISABLED, CONSIDER RERUN WITH SUBSAMPLING OPTION
#TI free energy difference in kcal/mol: 
-26.924719  #WARNING SUBSAMPLING DISABLED, CONSIDER RERUN WITH SUBSAMPLING OPTION 
Starting /export/users/common/BioSimSpace/sire.app/bin/analyse_freenrg: number of threads equals 32
