# Analysing data contained in file(s) ['lambda_0.0000/simfile_snipped.dat', 'lambda_0.1000/simfile_snipped.dat', 'lambda_0.2000/simfile_snipped.dat', 'lambda_0.3000/simfile_snipped.dat', 'lambda_0.4000/simfile_snipped.dat', 'lambda_0.5000/simfile_snipped.dat', 'lambda_0.6000/simfile_snipped.dat', 'lambda_0.7000/simfile_snipped.dat', 'lambda_0.8000/simfile_snipped.dat', 'lambda_0.9000/simfile_snipped.dat', 'lambda_1.0000/simfile_snipped.dat']
#Overlap matrix
0.7854 0.2055 0.0090 0.0000 0.0000 0.0000 0.0000 0.0000 0.0000 0.0000 0.0000
0.2055 0.5783 0.2073 0.0088 0.0000 0.0000 0.0000 0.0000 0.0000 0.0000 0.0000
0.0090 0.2073 0.5798 0.1959 0.0079 0.0000 0.0000 0.0000 0.0000 0.0000 0.0000
0.0000 0.0088 0.1959 0.5863 0.2016 0.0073 0.0000 0.0000 0.0000 0.0000 0.0000
0.0000 0.0000 0.0079 0.2016 0.5961 0.1889 0.0054 0.0000 0.0000 0.0000 0.0000
0.0000 0.0000 0.0000 0.0073 0.1889 0.6110 0.1879 0.0049 0.0000 0.0000 0.0000
0.0000 0.0000 0.0000 0.0000 0.0054 0.1879 0.6214 0.1819 0.0034 0.0000 0.0000
0.0000 0.0000 0.0000 0.0000 0.0000 0.0049 0.1819 0.6337 0.1762 0.0033 0.0000
0.0000 0.0000 0.0000 0.0000 0.0000 0.0000 0.0034 0.1762 0.6485 0.1695 0.0025
0.0000 0.0000 0.0000 0.0000 0.0000 0.0000 0.0000 0.0033 0.1695 0.6652 0.1620
0.0000 0.0000 0.0000 0.0000 0.0000 0.0000 0.0000 0.0000 0.0025 0.1620 0.8355
#DG from neighbouring lambda in kcal/mol
0.0000 0.1000 1.3699 0.0471
0.1000 0.2000 2.0248 0.0451
0.2000 0.3000 2.3540 0.0475
0.3000 0.4000 2.6079 0.0467
0.4000 0.5000 2.9137 0.0497
0.5000 0.6000 3.1786 0.0503
0.6000 0.7000 3.5435 0.0520
0.7000 0.8000 3.8501 0.0537
0.8000 0.9000 4.2899 0.0555
0.9000 1.0000 4.7187 0.0582
#PMF from MBAR in kcal/mol
0.0000 0.0000 0.0000
0.1000 1.3699 0.0471
0.2000 3.3947 0.0748
0.3000 5.7487 0.0960
0.4000 8.3566 0.1130
0.5000 11.2703 0.1290
0.6000 14.4489 0.1436
0.7000 17.9924 0.1574
0.8000 21.8425 0.1707
0.9000 26.1324 0.1837
1.0000 30.8511 0.1966
#TI average gradients and standard deviation in kcal/mol
0.0000 9.0990 12.4931
0.1000 17.5032 11.7461
0.2000 22.5342 11.8716
0.3000 24.3141 12.5302
0.4000 28.1259 12.3175
0.5000 29.9045 12.9934
0.6000 33.5674 13.4067
0.7000 37.2021 13.7534
0.8000 40.3706 13.6436
0.9000 44.9851 14.4156
1.0000 49.8394 15.3245
#PMF from TI in kcal/mol
0.0000 0.0000
0.1000 1.3301
0.2000 3.3320
0.3000 5.6744
0.4000 8.2964
0.5000 11.1979
0.6000 14.3715
0.7000 17.9100
0.8000 21.7886
0.9000 26.0564
1.0000 30.7976
#MBAR free energy difference in kcal/mol: 
30.851103, 0.196564  #WARNING SUBSAMPLING DISABLED, CONSIDER RERUN WITH SUBSAMPLING OPTION
#TI free energy difference in kcal/mol: 
30.797627  #WARNING SUBSAMPLING DISABLED, CONSIDER RERUN WITH SUBSAMPLING OPTION 
Starting /export/users/common/BioSimSpace/sire.app/bin/analyse_freenrg: number of threads equals 32
