# Analysing data contained in file(s) ['lambda_0.0000/simfile_snipped.dat', 'lambda_0.1000/simfile_snipped.dat', 'lambda_0.2000/simfile_snipped.dat', 'lambda_0.3000/simfile_snipped.dat', 'lambda_0.4000/simfile_snipped.dat', 'lambda_0.5000/simfile_snipped.dat', 'lambda_0.6000/simfile_snipped.dat', 'lambda_0.7000/simfile_snipped.dat', 'lambda_0.8000/simfile_snipped.dat', 'lambda_0.9000/simfile_snipped.dat', 'lambda_1.0000/simfile_snipped.dat']
#Overlap matrix
1.0000 0.0000 0.0000 0.0000 0.0000 0.0000 0.0000 0.0000 0.0000 0.0000 0.0000
0.0000 0.9999 0.0001 0.0000 0.0000 0.0000 0.0000 0.0000 0.0000 0.0000 0.0000
0.0000 0.0001 0.9784 0.0215 0.0000 0.0000 0.0000 0.0000 0.0000 0.0000 0.0000
0.0000 0.0000 0.0215 0.9157 0.0626 0.0002 0.0000 0.0000 0.0000 0.0000 0.0000
0.0000 0.0000 0.0000 0.0626 0.7460 0.1908 0.0006 0.0000 0.0000 0.0000 0.0000
0.0000 0.0000 0.0000 0.0002 0.1908 0.7294 0.0796 0.0000 0.0000 0.0000 0.0000
0.0000 0.0000 0.0000 0.0000 0.0006 0.0796 0.9198 0.0000 0.0000 0.0000 0.0000
0.0000 0.0000 0.0000 0.0000 0.0000 0.0000 0.0000 0.9999 0.0001 0.0000 0.0000
0.0000 0.0000 0.0000 0.0000 0.0000 0.0000 0.0000 0.0001 0.9999 0.0000 0.0000
0.0000 0.0000 0.0000 0.0000 0.0000 0.0000 0.0000 0.0000 0.0000 1.0000 0.0000
0.0000 0.0000 0.0000 0.0000 0.0000 0.0000 0.0000 0.0000 0.0000 0.0000 1.0000
#DG from neighbouring lambda in kcal/mol
0.0000 0.1000 72.1584 6.5890
0.1000 0.2000 18.3363 3.6428
0.2000 0.3000 0.0019 0.1923
0.3000 0.4000 -3.6231 0.1075
0.4000 0.5000 -3.3325 0.0517
0.5000 0.6000 -2.2855 0.0933
0.6000 0.7000 -9.1255 22.9966
0.7000 0.8000 -30.6561 3.3167
0.8000 0.9000 -81.1520 17.4962
0.9000 1.0000 -198.8813 0.0000
#PMF from MBAR in kcal/mol
0.0000 0.0000 0.0000
0.1000 72.1584 6.5890
0.2000 90.4948 5.7845
0.3000 90.4966 5.7829
0.4000 86.8735 5.7826
0.5000 83.5410 5.7826
0.6000 81.2555 5.7828
0.7000 72.1300 17.2587
0.8000 41.4740 17.4962
0.9000 -39.6780 0.0000
1.0000 -238.5593 0.0000
#TI average gradients and standard deviation in kcal/mol
0.0000 1475.8598 54.8146
0.1000 369.1538 84.9111
0.2000 38.9344 31.6794
0.3000 -25.9395 22.2387
0.4000 -47.2373 19.9386
0.5000 -18.2439 19.6799
0.6000 -22.5281 17.9590
0.7000 -212.6494 32.7092
0.8000 -412.2568 45.6224
0.9000 -1202.7770 75.4597
1.0000 -2490.2068 111.3826
#PMF from TI in kcal/mol
0.0000 0.0000
0.1000 92.2507
0.2000 112.6551
0.3000 113.3048
0.4000 109.6460
0.5000 106.3719
0.6000 104.3333
0.7000 92.5745
0.8000 61.3291
0.9000 -19.4225
1.0000 -204.0717
#MBAR free energy difference in kcal/mol: 
-238.559341, 0.000000  #WARNING SUBSAMPLING DISABLED, CONSIDER RERUN WITH SUBSAMPLING OPTION
#TI free energy difference in kcal/mol: 
-204.071729  #WARNING SUBSAMPLING DISABLED, CONSIDER RERUN WITH SUBSAMPLING OPTION 
Starting /export/users/common/BioSimSpace/sire.app/bin/analyse_freenrg: number of threads equals 32
