# Analysing data contained in file(s) ['lambda_0.0000/simfile_snipped.dat', 'lambda_0.1000/simfile_snipped.dat', 'lambda_0.2000/simfile_snipped.dat', 'lambda_0.3000/simfile_snipped.dat', 'lambda_0.4000/simfile_snipped.dat', 'lambda_0.5000/simfile_snipped.dat', 'lambda_0.6000/simfile_snipped.dat', 'lambda_0.7000/simfile_snipped.dat', 'lambda_0.8000/simfile_snipped.dat', 'lambda_0.9000/simfile_snipped.dat', 'lambda_1.0000/simfile_snipped.dat']
#Overlap matrix
0.8150 0.1727 0.0119 0.0004 0.0000 0.0000 0.0000 0.0000 0.0000 0.0000 0.0000
0.1727 0.6154 0.1975 0.0143 0.0001 0.0000 0.0000 0.0000 0.0000 0.0000 0.0000
0.0119 0.1975 0.6147 0.1728 0.0030 0.0000 0.0000 0.0000 0.0000 0.0000 0.0000
0.0004 0.0143 0.1728 0.7146 0.0954 0.0006 0.0002 0.0009 0.0007 0.0000 0.0000
0.0000 0.0001 0.0030 0.0954 0.8195 0.0645 0.0066 0.0079 0.0029 0.0001 0.0000
0.0000 0.0000 0.0000 0.0006 0.0645 0.6958 0.1978 0.0383 0.0030 0.0001 0.0000
0.0000 0.0000 0.0000 0.0002 0.0066 0.1978 0.5533 0.2218 0.0198 0.0005 0.0000
0.0000 0.0000 0.0000 0.0009 0.0079 0.0383 0.2218 0.4980 0.2149 0.0177 0.0005
0.0000 0.0000 0.0000 0.0007 0.0029 0.0030 0.0198 0.2149 0.5178 0.2142 0.0267
0.0000 0.0000 0.0000 0.0000 0.0001 0.0001 0.0005 0.0177 0.2142 0.4957 0.2718
0.0000 0.0000 0.0000 0.0000 0.0000 0.0000 0.0000 0.0005 0.0267 0.2718 0.7010
#DG from neighbouring lambda in kcal/mol
0.0000 0.1000 -5.7738 0.0533
0.1000 0.2000 -2.0260 0.0456
0.2000 0.3000 -1.2976 0.0521
0.3000 0.4000 -1.6722 0.0810
0.4000 0.5000 -1.6606 0.0916
0.5000 0.6000 1.4765 0.0415
0.6000 0.7000 3.9852 0.0359
0.7000 0.8000 4.3385 0.0398
0.8000 0.9000 4.1855 0.0398
0.9000 1.0000 4.1674 0.0338
#PMF from MBAR in kcal/mol
0.0000 0.0000 0.0000
0.1000 -5.7738 0.0533
0.2000 -7.7998 0.0780
0.3000 -9.0974 0.0995
0.4000 -10.7696 0.1336
0.5000 -12.4302 0.1656
0.6000 -10.9537 0.1714
0.7000 -6.9685 0.1747
0.8000 -2.6300 0.1815
0.9000 1.5554 0.1891
1.0000 5.7229 0.1949
#TI average gradients and standard deviation in kcal/mol
0.0000 -104.0430 19.6483
0.1000 -28.5026 12.5781
0.2000 -14.4749 13.4604
0.3000 -13.8860 15.4553
0.4000 -19.0033 21.8466
0.5000 -5.1074 15.6276
0.6000 32.3840 10.0906
0.7000 42.1236 11.0779
0.8000 43.3718 12.1769
0.9000 41.4672 11.1904
1.0000 50.1591 13.9735
#PMF from TI in kcal/mol
0.0000 0.0000
0.1000 -6.6273
0.2000 -8.7762
0.3000 -10.1942
0.4000 -11.8387
0.5000 -13.0442
0.6000 -11.6804
0.7000 -7.9550
0.8000 -3.6802
0.9000 0.5617
1.0000 5.1430
#MBAR free energy difference in kcal/mol: 
5.722850, 0.194922  #WARNING SUBSAMPLING DISABLED, CONSIDER RERUN WITH SUBSAMPLING OPTION
#TI free energy difference in kcal/mol: 
5.143033  #WARNING SUBSAMPLING DISABLED, CONSIDER RERUN WITH SUBSAMPLING OPTION 
Starting /export/users/common/BioSimSpace/sire.app/bin/analyse_freenrg: number of threads equals 32
