# Analysing data contained in file(s) ['lambda_0.0000/simfile_snipped.dat', 'lambda_0.1000/simfile_snipped.dat', 'lambda_0.2000/simfile_snipped.dat', 'lambda_0.3000/simfile_snipped.dat', 'lambda_0.4000/simfile_snipped.dat', 'lambda_0.5000/simfile_snipped.dat', 'lambda_0.6000/simfile_snipped.dat', 'lambda_0.7000/simfile_snipped.dat', 'lambda_0.8000/simfile_snipped.dat', 'lambda_0.9000/simfile_snipped.dat', 'lambda_1.0000/simfile_snipped.dat']
#Overlap matrix
1.0000 0.0000 0.0000 0.0000 0.0000 0.0000 0.0000 0.0000 0.0000 0.0000 0.0000
0.0000 0.9663 0.0337 0.0000 0.0000 0.0000 0.0000 0.0000 0.0000 0.0000 0.0000
0.0000 0.0337 0.9188 0.0475 0.0000 0.0000 0.0000 0.0000 0.0000 0.0000 0.0000
0.0000 0.0000 0.0475 0.9015 0.0510 0.0000 0.0000 0.0000 0.0000 0.0000 0.0000
0.0000 0.0000 0.0000 0.0510 0.8970 0.0519 0.0000 0.0000 0.0000 0.0000 0.0000
0.0000 0.0000 0.0000 0.0000 0.0519 0.8897 0.0584 0.0000 0.0000 0.0000 0.0000
0.0000 0.0000 0.0000 0.0000 0.0000 0.0584 0.8918 0.0498 0.0000 0.0000 0.0000
0.0000 0.0000 0.0000 0.0000 0.0000 0.0000 0.0498 0.9014 0.0488 0.0000 0.0000
0.0000 0.0000 0.0000 0.0000 0.0000 0.0000 0.0000 0.0488 0.9115 0.0397 0.0000
0.0000 0.0000 0.0000 0.0000 0.0000 0.0000 0.0000 0.0000 0.0397 0.9555 0.0048
0.0000 0.0000 0.0000 0.0000 0.0000 0.0000 0.0000 0.0000 0.0000 0.0048 0.9952
#DG from neighbouring lambda in kcal/mol
0.0000 0.1000 17.0393 0.2333
0.1000 0.2000 1.9646 0.1516
0.2000 0.3000 0.0859 0.1258
0.3000 0.4000 -2.0494 0.1209
0.4000 0.5000 -4.3655 0.1197
0.5000 0.6000 -6.8852 0.1121
0.6000 0.7000 -9.0082 0.1225
0.7000 0.8000 -11.5817 0.1239
0.8000 0.9000 -13.7686 0.1388
0.9000 1.0000 -19.6436 0.4133
#PMF from MBAR in kcal/mol
0.0000 0.0000 0.0000
0.1000 17.0393 0.2333
0.2000 19.0039 0.1864
0.3000 19.0898 0.1557
0.4000 17.0405 0.1332
0.5000 12.6750 0.1206
0.6000 5.7897 0.1206
0.7000 -3.2185 0.1337
0.8000 -14.8001 0.1571
0.9000 -28.5688 0.1930
1.0000 -48.2124 0.4186
#TI average gradients and standard deviation in kcal/mol
0.0000 1076.2932 509.6303
0.1000 28.3987 24.0825
0.2000 11.5176 21.4917
0.3000 -10.9802 21.4063
0.4000 -31.7622 22.6299
0.5000 -56.3176 22.7031
0.6000 -78.7469 22.0376
0.7000 -102.9793 22.5147
0.8000 -124.0755 22.2671
0.9000 -153.9155 26.6444
1.0000 -301.3186 85.7359
#PMF from TI in kcal/mol
0.0000 0.0000
0.1000 55.2346
0.2000 57.2304
0.3000 57.2573
0.4000 55.1202
0.5000 50.7162
0.6000 43.9629
0.7000 34.8766
0.8000 23.5239
0.9000 9.6243
1.0000 -13.1374
#MBAR free energy difference in kcal/mol: 
-48.212376, 0.418579  #WARNING SUBSAMPLING DISABLED, CONSIDER RERUN WITH SUBSAMPLING OPTION
#TI free energy difference in kcal/mol: 
-13.137358  #WARNING SUBSAMPLING DISABLED, CONSIDER RERUN WITH SUBSAMPLING OPTION 
Starting /export/users/common/BioSimSpace/sire.app/bin/analyse_freenrg: number of threads equals 32
