# Analysing data contained in file(s) ['lambda_0.0000/simfile_snipped.dat', 'lambda_0.1000/simfile_snipped.dat', 'lambda_0.2000/simfile_snipped.dat', 'lambda_0.3000/simfile_snipped.dat', 'lambda_0.4000/simfile_snipped.dat', 'lambda_0.5000/simfile_snipped.dat', 'lambda_0.6000/simfile_snipped.dat', 'lambda_0.7000/simfile_snipped.dat', 'lambda_0.8000/simfile_snipped.dat', 'lambda_0.9000/simfile_snipped.dat', 'lambda_1.0000/simfile_snipped.dat']
#Overlap matrix
0.9590 0.0410 0.0000 0.0000 0.0000 0.0000 0.0000 0.0000 0.0000 0.0000 0.0000
0.0410 0.8400 0.1186 0.0004 0.0000 0.0000 0.0000 0.0000 0.0000 0.0000 0.0000
0.0000 0.1186 0.7548 0.1258 0.0007 0.0000 0.0000 0.0000 0.0000 0.0000 0.0000
0.0000 0.0004 0.1258 0.7307 0.1425 0.0006 0.0000 0.0000 0.0000 0.0000 0.0000
0.0000 0.0000 0.0007 0.1425 0.7348 0.1217 0.0002 0.0000 0.0000 0.0000 0.0000
0.0000 0.0000 0.0000 0.0006 0.1217 0.7773 0.1002 0.0002 0.0000 0.0000 0.0000
0.0000 0.0000 0.0000 0.0000 0.0002 0.1002 0.8045 0.0951 0.0000 0.0000 0.0000
0.0000 0.0000 0.0000 0.0000 0.0000 0.0002 0.0951 0.8910 0.0138 0.0000 0.0000
0.0000 0.0000 0.0000 0.0000 0.0000 0.0000 0.0000 0.0138 0.9862 0.0000 0.0000
0.0000 0.0000 0.0000 0.0000 0.0000 0.0000 0.0000 0.0000 0.0000 1.0000 0.0000
0.0000 0.0000 0.0000 0.0000 0.0000 0.0000 0.0000 0.0000 0.0000 0.0000 1.0000
#DG from neighbouring lambda in kcal/mol
0.0000 0.1000 9.0558 0.1363
0.1000 0.2000 6.4486 0.0729
0.2000 0.3000 5.2404 0.0699
0.3000 0.4000 4.3633 0.0641
0.4000 0.5000 3.4063 0.0715
0.5000 0.6000 1.9867 0.0812
0.6000 0.7000 2.0923 0.0840
0.7000 0.8000 6.4435 0.2419
0.8000 0.9000 1.9619 19.6669
0.9000 1.0000 -52.5259 17.7017
#PMF from MBAR in kcal/mol
0.0000 0.0000 0.0000
0.1000 9.0558 0.1363
0.2000 15.5044 0.1598
0.3000 20.7448 0.1790
0.4000 25.1081 0.1943
0.5000 28.5143 0.2109
0.6000 30.5010 0.2296
0.7000 32.5933 0.2478
0.8000 39.0368 0.3487
0.9000 40.9988 19.6701
1.0000 -11.5271 1.9747
#TI average gradients and standard deviation in kcal/mol
0.0000 122.4397 29.5339
0.1000 71.4579 17.4345
0.2000 57.9659 16.6397
0.3000 47.7206 15.6154
0.4000 39.2579 15.7169
0.5000 27.5339 17.9649
0.6000 15.4478 16.8667
0.7000 33.9060 20.9908
0.8000 93.9517 42.1074
0.9000 -73.3805 49.3658
1.0000 -6097.4993 1748.2085
#PMF from TI in kcal/mol
0.0000 0.0000
0.1000 9.6949
0.2000 16.1661
0.3000 21.4504
0.4000 25.7993
0.5000 29.1389
0.6000 31.2880
0.7000 33.7557
0.8000 40.1486
0.9000 41.1771
1.0000 -267.3669
#MBAR free energy difference in kcal/mol: 
-11.527126, 1.974697  #WARNING SUBSAMPLING DISABLED, CONSIDER RERUN WITH SUBSAMPLING OPTION
#TI free energy difference in kcal/mol: 
-267.366876  #WARNING SUBSAMPLING DISABLED, CONSIDER RERUN WITH SUBSAMPLING OPTION 
Starting /export/users/common/BioSimSpace/sire.app/bin/analyse_freenrg: number of threads equals 32
