# Analysing data contained in file(s) ['lambda_0.0000/simfile_snipped.dat', 'lambda_0.1000/simfile_snipped.dat', 'lambda_0.2000/simfile_snipped.dat', 'lambda_0.3000/simfile_snipped.dat', 'lambda_0.4000/simfile_snipped.dat', 'lambda_0.5000/simfile_snipped.dat', 'lambda_0.6000/simfile_snipped.dat', 'lambda_0.7000/simfile_snipped.dat', 'lambda_0.8000/simfile_snipped.dat', 'lambda_0.9000/simfile_snipped.dat', 'lambda_1.0000/simfile_snipped.dat']
#Overlap matrix
1.0000 0.0000 0.0000 0.0000 0.0000 0.0000 0.0000 0.0000 0.0000 0.0000 0.0000
0.0000 0.9961 0.0039 0.0000 0.0000 0.0000 0.0000 0.0000 0.0000 0.0000 0.0000
0.0000 0.0039 0.9587 0.0374 0.0000 0.0000 0.0000 0.0000 0.0000 0.0000 0.0000
0.0000 0.0000 0.0374 0.8682 0.0940 0.0004 0.0000 0.0000 0.0000 0.0000 0.0000
0.0000 0.0000 0.0000 0.0940 0.7787 0.1262 0.0012 0.0000 0.0000 0.0000 0.0000
0.0000 0.0000 0.0000 0.0004 0.1262 0.7193 0.1534 0.0008 0.0000 0.0000 0.0000
0.0000 0.0000 0.0000 0.0000 0.0012 0.1534 0.7314 0.1140 0.0001 0.0000 0.0000
0.0000 0.0000 0.0000 0.0000 0.0000 0.0008 0.1140 0.8151 0.0701 0.0000 0.0000
0.0000 0.0000 0.0000 0.0000 0.0000 0.0000 0.0001 0.0701 0.9223 0.0075 0.0000
0.0000 0.0000 0.0000 0.0000 0.0000 0.0000 0.0000 0.0000 0.0075 0.9925 0.0000
0.0000 0.0000 0.0000 0.0000 0.0000 0.0000 0.0000 0.0000 0.0000 0.0000 1.0000
#DG from neighbouring lambda in kcal/mol
0.0000 0.1000 62.2359 0.4388
0.1000 0.2000 26.5133 0.4623
0.2000 0.3000 17.5371 0.1432
0.3000 0.4000 12.5690 0.0845
0.4000 0.5000 8.3958 0.0696
0.5000 0.6000 4.3642 0.0607
0.6000 0.7000 -0.5298 0.0747
0.7000 0.8000 -7.2950 0.1008
0.8000 0.9000 -18.7939 0.3300
0.9000 1.0000 -84.8873 0.3234
#PMF from MBAR in kcal/mol
0.0000 0.0000 0.0000
0.1000 62.2359 0.4388
0.2000 88.7492 0.1581
0.3000 106.2863 0.1126
0.4000 118.8553 0.0989
0.5000 127.2511 0.0953
0.6000 131.6153 0.0983
0.7000 131.0855 0.1097
0.8000 123.7905 0.1364
0.9000 104.9967 0.3234
1.0000 20.1093 0.0000
#TI average gradients and standard deviation in kcal/mol
0.0000 1500.7390 184.1182
0.1000 346.4691 43.2286
0.2000 208.1559 26.3204
0.3000 147.7482 20.3431
0.4000 104.9365 17.0252
0.5000 64.5037 14.6137
0.6000 21.3716 14.4124
0.7000 -36.5478 18.3397
0.8000 -115.7698 24.2547
0.9000 -295.0405 42.5573
1.0000 -1365.9903 49.8185
#PMF from TI in kcal/mol
0.0000 0.0000
0.1000 92.3604
0.2000 120.0917
0.3000 137.8869
0.4000 150.5211
0.5000 158.9931
0.6000 163.2869
0.7000 162.5281
0.8000 154.9122
0.9000 134.3717
1.0000 51.3201
#MBAR free energy difference in kcal/mol: 
20.109336, 0.000000  #WARNING SUBSAMPLING DISABLED, CONSIDER RERUN WITH SUBSAMPLING OPTION
#TI free energy difference in kcal/mol: 
51.320131  #WARNING SUBSAMPLING DISABLED, CONSIDER RERUN WITH SUBSAMPLING OPTION 
Starting /export/users/common/BioSimSpace/sire.app/bin/analyse_freenrg: number of threads equals 32
