# Analysing data contained in file(s) ['lambda_0.0000/simfile_snipped.dat', 'lambda_0.1000/simfile_snipped.dat', 'lambda_0.2000/simfile_snipped.dat', 'lambda_0.3000/simfile_snipped.dat', 'lambda_0.4000/simfile_snipped.dat', 'lambda_0.5000/simfile_snipped.dat', 'lambda_0.6000/simfile_snipped.dat', 'lambda_0.7000/simfile_snipped.dat', 'lambda_0.8000/simfile_snipped.dat', 'lambda_0.9000/simfile_snipped.dat', 'lambda_1.0000/simfile_snipped.dat']
#Overlap matrix
0.9963 0.0037 0.0000 0.0000 0.0000 0.0000 0.0000 0.0000 0.0000 0.0000 0.0000
0.0037 0.8988 0.0974 0.0000 0.0000 0.0000 0.0000 0.0000 0.0000 0.0000 0.0000
0.0000 0.0974 0.8865 0.0161 0.0000 0.0000 0.0000 0.0000 0.0000 0.0000 0.0000
0.0000 0.0000 0.0161 0.8465 0.1370 0.0005 0.0000 0.0000 0.0000 0.0000 0.0000
0.0000 0.0000 0.0000 0.1370 0.7403 0.1221 0.0006 0.0000 0.0000 0.0000 0.0000
0.0000 0.0000 0.0000 0.0005 0.1221 0.7486 0.1286 0.0002 0.0000 0.0000 0.0000
0.0000 0.0000 0.0000 0.0000 0.0006 0.1286 0.7906 0.0803 0.0000 0.0000 0.0000
0.0000 0.0000 0.0000 0.0000 0.0000 0.0002 0.0803 0.8818 0.0378 0.0000 0.0000
0.0000 0.0000 0.0000 0.0000 0.0000 0.0000 0.0000 0.0378 0.9485 0.0137 0.0000
0.0000 0.0000 0.0000 0.0000 0.0000 0.0000 0.0000 0.0000 0.0137 0.9863 0.0000
0.0000 0.0000 0.0000 0.0000 0.0000 0.0000 0.0000 0.0000 0.0000 0.0000 1.0000
#DG from neighbouring lambda in kcal/mol
0.0000 0.1000 13.5897 0.4691
0.1000 0.2000 5.0972 0.0828
0.2000 0.3000 0.4254 0.2233
0.3000 0.4000 -3.9390 0.0662
0.4000 0.5000 -5.6404 0.0713
0.5000 0.6000 -6.9171 0.0690
0.6000 0.7000 -8.5063 0.0931
0.7000 0.8000 -11.9300 0.1425
0.8000 0.9000 -18.9156 0.2430
0.9000 1.0000 -46.1008 0.2823
#PMF from MBAR in kcal/mol
0.0000 0.0000 0.0000
0.1000 13.5897 0.4691
0.2000 18.6869 0.4781
0.3000 19.1123 0.5293
0.4000 15.1733 0.5349
0.5000 9.5329 0.5412
0.6000 2.6158 0.5470
0.7000 -5.8905 0.5563
0.8000 -17.8205 0.5758
0.9000 -36.7361 0.6263
1.0000 -82.8369 0.4657
#TI average gradients and standard deviation in kcal/mol
0.0000 524.9903 295.5946
0.1000 72.4582 25.9191
0.2000 38.7773 16.5395
0.3000 -29.9959 16.7198
0.4000 -47.4160 16.4837
0.5000 -63.8368 15.6894
0.6000 -74.8922 17.6884
0.7000 -97.7511 21.2661
0.8000 -146.7052 24.9631
0.9000 -239.2340 26.7283
1.0000 -3339.8559 1153.7297
#PMF from TI in kcal/mol
0.0000 0.0000
0.1000 29.8724
0.2000 35.4342
0.3000 35.8733
0.4000 32.0027
0.5000 26.4400
0.6000 19.5036
0.7000 10.8714
0.8000 -1.3514
0.9000 -20.6484
1.0000 -199.6029
#MBAR free energy difference in kcal/mol: 
-82.836875, 0.465659  #WARNING SUBSAMPLING DISABLED, CONSIDER RERUN WITH SUBSAMPLING OPTION
#TI free energy difference in kcal/mol: 
-199.602857  #WARNING SUBSAMPLING DISABLED, CONSIDER RERUN WITH SUBSAMPLING OPTION 
Starting /export/users/common/BioSimSpace/sire.app/bin/analyse_freenrg: number of threads equals 32
