# Analysing data contained in file(s) ['lambda_0.0000/simfile_snipped.dat', 'lambda_0.1000/simfile_snipped.dat', 'lambda_0.2000/simfile_snipped.dat', 'lambda_0.3000/simfile_snipped.dat', 'lambda_0.4000/simfile_snipped.dat', 'lambda_0.5000/simfile_snipped.dat', 'lambda_0.6000/simfile_snipped.dat', 'lambda_0.7000/simfile_snipped.dat', 'lambda_0.8000/simfile_snipped.dat', 'lambda_0.9000/simfile_snipped.dat', 'lambda_1.0000/simfile_snipped.dat']
#Overlap matrix
0.7778 0.2106 0.0114 0.0002 0.0000 0.0000 0.0000 0.0000 0.0000 0.0000 0.0000
0.2106 0.5576 0.2123 0.0191 0.0004 0.0000 0.0000 0.0000 0.0000 0.0000 0.0000
0.0114 0.2123 0.5196 0.2346 0.0216 0.0005 0.0000 0.0000 0.0000 0.0000 0.0000
0.0002 0.0191 0.2346 0.4970 0.2265 0.0221 0.0005 0.0000 0.0000 0.0000 0.0000
0.0000 0.0004 0.0216 0.2265 0.4990 0.2273 0.0246 0.0007 0.0000 0.0000 0.0000
0.0000 0.0000 0.0005 0.0221 0.2273 0.4892 0.2353 0.0249 0.0008 0.0000 0.0000
0.0000 0.0000 0.0000 0.0005 0.0246 0.2353 0.4779 0.2301 0.0306 0.0010 0.0000
0.0000 0.0000 0.0000 0.0000 0.0007 0.0249 0.2301 0.4748 0.2404 0.0287 0.0006
0.0000 0.0000 0.0000 0.0000 0.0000 0.0008 0.0306 0.2404 0.4768 0.2336 0.0178
0.0000 0.0000 0.0000 0.0000 0.0000 0.0000 0.0010 0.0287 0.2336 0.5325 0.2042
0.0000 0.0000 0.0000 0.0000 0.0000 0.0000 0.0000 0.0006 0.0178 0.2042 0.7774
#DG from neighbouring lambda in kcal/mol
0.0000 0.1000 6.9354 0.0457
0.1000 0.2000 5.6496 0.0422
0.2000 0.3000 4.4142 0.0372
0.3000 0.4000 3.0519 0.0380
0.4000 0.5000 1.6014 0.0374
0.5000 0.6000 0.1683 0.0358
0.6000 0.7000 -1.2944 0.0358
0.7000 0.8000 -2.5894 0.0339
0.8000 0.9000 -3.7143 0.0366
0.9000 1.0000 -4.4920 0.0457
#PMF from MBAR in kcal/mol
0.0000 0.0000 0.0000
0.1000 6.9354 0.0457
0.2000 12.5850 0.0719
0.3000 16.9992 0.0880
0.4000 20.0510 0.1018
0.5000 21.6525 0.1137
0.6000 21.8208 0.1239
0.7000 20.5264 0.1334
0.8000 17.9370 0.1415
0.9000 14.2227 0.1498
1.0000 9.7307 0.1604
#TI average gradients and standard deviation in kcal/mol
0.0000 73.9248 12.2667
0.1000 63.7062 11.9685
0.2000 50.2759 10.7523
0.3000 37.3649 11.1722
0.4000 23.6104 10.7898
0.5000 8.6558 10.2088
0.6000 -5.5847 10.4471
0.7000 -19.8129 9.5340
0.8000 -31.9031 9.0809
0.9000 -41.7719 10.7083
1.0000 -48.4001 12.2521
#PMF from TI in kcal/mol
0.0000 0.0000
0.1000 6.8815
0.2000 12.5807
0.3000 16.9627
0.4000 20.0115
0.5000 21.6248
0.6000 21.7783
0.7000 20.5085
0.8000 17.9227
0.9000 14.2389
1.0000 9.7303
#MBAR free energy difference in kcal/mol: 
9.730655, 0.160434  #WARNING SUBSAMPLING DISABLED, CONSIDER RERUN WITH SUBSAMPLING OPTION
#TI free energy difference in kcal/mol: 
9.730302  #WARNING SUBSAMPLING DISABLED, CONSIDER RERUN WITH SUBSAMPLING OPTION 
Starting /export/users/common/BioSimSpace/sire.app/bin/analyse_freenrg: number of threads equals 32
