# Analysing data contained in file(s) ['lambda_0.0000/simfile_snipped.dat', 'lambda_0.1000/simfile_snipped.dat', 'lambda_0.2000/simfile_snipped.dat', 'lambda_0.3000/simfile_snipped.dat', 'lambda_0.4000/simfile_snipped.dat', 'lambda_0.5000/simfile_snipped.dat', 'lambda_0.6000/simfile_snipped.dat', 'lambda_0.7000/simfile_snipped.dat', 'lambda_0.8000/simfile_snipped.dat', 'lambda_0.9000/simfile_snipped.dat', 'lambda_1.0000/simfile_snipped.dat']
#Overlap matrix
0.8124 0.1836 0.0039 0.0000 0.0000 0.0000 0.0000 0.0000 0.0000 0.0000 0.0000
0.1836 0.6233 0.1860 0.0071 0.0000 0.0000 0.0000 0.0000 0.0000 0.0000 0.0000
0.0039 0.1860 0.6059 0.1984 0.0058 0.0000 0.0000 0.0000 0.0000 0.0000 0.0000
0.0000 0.0071 0.1984 0.5880 0.1985 0.0079 0.0000 0.0000 0.0000 0.0000 0.0000
0.0000 0.0000 0.0058 0.1985 0.5840 0.2017 0.0099 0.0001 0.0000 0.0000 0.0000
0.0000 0.0000 0.0000 0.0079 0.2017 0.5739 0.2073 0.0090 0.0001 0.0000 0.0000
0.0000 0.0000 0.0000 0.0000 0.0099 0.2073 0.5661 0.2029 0.0136 0.0001 0.0000
0.0000 0.0000 0.0000 0.0000 0.0001 0.0090 0.2029 0.5588 0.2185 0.0106 0.0001
0.0000 0.0000 0.0000 0.0000 0.0000 0.0001 0.0136 0.2185 0.5465 0.2105 0.0107
0.0000 0.0000 0.0000 0.0000 0.0000 0.0000 0.0001 0.0106 0.2105 0.5769 0.2019
0.0000 0.0000 0.0000 0.0000 0.0000 0.0000 0.0000 0.0001 0.0107 0.2019 0.7873
#DG from neighbouring lambda in kcal/mol
0.0000 0.1000 0.9130 0.0526
0.1000 0.2000 0.7578 0.0506
0.2000 0.3000 0.8523 0.0477
0.3000 0.4000 0.7306 0.0475
0.4000 0.5000 0.6836 0.0462
0.5000 0.6000 0.6792 0.0449
0.6000 0.7000 0.5453 0.0451
0.7000 0.8000 0.6516 0.0421
0.8000 0.9000 0.7711 0.0440
0.9000 1.0000 1.3763 0.0475
#PMF from MBAR in kcal/mol
0.0000 0.0000 0.0000
0.1000 0.9130 0.0526
0.2000 1.6708 0.0825
0.3000 2.5231 0.1023
0.4000 3.2537 0.1191
0.5000 3.9373 0.1330
0.6000 4.6165 0.1451
0.7000 5.1618 0.1564
0.8000 5.8134 0.1658
0.9000 6.5845 0.1754
1.0000 7.9607 0.1853
#TI average gradients and standard deviation in kcal/mol
0.0000 8.1170 13.9463
0.1000 8.5731 13.9059
0.2000 7.6460 12.5062
0.3000 8.3803 13.1758
0.4000 6.5563 12.4313
0.5000 7.2745 12.4580
0.6000 6.3246 12.0716
0.7000 5.3544 11.1488
0.8000 6.8547 11.9585
0.9000 10.1980 11.4018
1.0000 17.8312 12.9565
#PMF from TI in kcal/mol
0.0000 0.0000
0.1000 0.8345
0.2000 1.6455
0.3000 2.4468
0.4000 3.1936
0.5000 3.8851
0.6000 4.5651
0.7000 5.1490
0.8000 5.7595
0.9000 6.6121
1.0000 8.0136
#MBAR free energy difference in kcal/mol: 
7.960745, 0.185294  #WARNING SUBSAMPLING DISABLED, CONSIDER RERUN WITH SUBSAMPLING OPTION
#TI free energy difference in kcal/mol: 
8.013598  #WARNING SUBSAMPLING DISABLED, CONSIDER RERUN WITH SUBSAMPLING OPTION 
Starting /export/users/common/BioSimSpace/sire.app/bin/analyse_freenrg: number of threads equals 32
