# Analysing data contained in file(s) ['lambda_0.0000/simfile_snipped.dat', 'lambda_0.1000/simfile_snipped.dat', 'lambda_0.2000/simfile_snipped.dat', 'lambda_0.3000/simfile_snipped.dat', 'lambda_0.4000/simfile_snipped.dat', 'lambda_0.5000/simfile_snipped.dat', 'lambda_0.6000/simfile_snipped.dat', 'lambda_0.7000/simfile_snipped.dat', 'lambda_0.8000/simfile_snipped.dat', 'lambda_0.9000/simfile_snipped.dat', 'lambda_1.0000/simfile_snipped.dat']
#Overlap matrix
0.9369 0.0629 0.0001 0.0000 0.0000 0.0000 0.0000 0.0000 0.0000 0.0000 0.0000
0.0629 0.8002 0.1360 0.0009 0.0000 0.0000 0.0000 0.0000 0.0000 0.0000 0.0000
0.0001 0.1360 0.7150 0.1468 0.0020 0.0000 0.0000 0.0000 0.0000 0.0000 0.0000
0.0000 0.0009 0.1468 0.6864 0.1629 0.0029 0.0000 0.0000 0.0000 0.0000 0.0000
0.0000 0.0000 0.0020 0.1629 0.6459 0.1853 0.0039 0.0000 0.0000 0.0000 0.0000
0.0000 0.0000 0.0000 0.0029 0.1853 0.6372 0.1703 0.0041 0.0000 0.0000 0.0000
0.0000 0.0000 0.0000 0.0000 0.0039 0.1703 0.6287 0.1918 0.0052 0.0000 0.0000
0.0000 0.0000 0.0000 0.0000 0.0000 0.0041 0.1918 0.6126 0.1851 0.0064 0.0000
0.0000 0.0000 0.0000 0.0000 0.0000 0.0000 0.0052 0.1851 0.6082 0.1961 0.0053
0.0000 0.0000 0.0000 0.0000 0.0000 0.0000 0.0000 0.0064 0.1961 0.6199 0.1776
0.0000 0.0000 0.0000 0.0000 0.0000 0.0000 0.0000 0.0000 0.0053 0.1776 0.8170
#DG from neighbouring lambda in kcal/mol
0.0000 0.1000 11.6240 0.1073
0.1000 0.2000 9.0775 0.0663
0.2000 0.3000 7.6237 0.0624
0.3000 0.4000 6.6368 0.0573
0.4000 0.5000 5.8886 0.0516
0.5000 0.6000 5.2840 0.0547
0.6000 0.7000 4.6960 0.0497
0.7000 0.8000 4.3044 0.0507
0.8000 0.9000 4.3050 0.0484
0.9000 1.0000 5.4126 0.0537
#PMF from MBAR in kcal/mol
0.0000 0.0000 0.0000
0.1000 11.6240 0.1073
0.2000 20.7015 0.1324
0.3000 28.3252 0.1517
0.4000 34.9620 0.1669
0.5000 40.8506 0.1789
0.6000 46.1346 0.1910
0.7000 50.8305 0.2011
0.8000 55.1350 0.2108
0.9000 59.4400 0.2195
1.0000 64.8526 0.2291
#TI average gradients and standard deviation in kcal/mol
0.0000 140.3651 22.1967
0.1000 99.2988 16.0015
0.2000 82.9941 15.5101
0.3000 70.6717 13.5732
0.4000 62.0126 13.9736
0.5000 56.0699 13.0517
0.6000 49.2077 13.9122
0.7000 44.7955 13.1618
0.8000 42.1405 12.9157
0.9000 45.5790 12.6532
1.0000 68.4453 15.0812
#PMF from TI in kcal/mol
0.0000 0.0000
0.1000 11.9832
0.2000 21.0978
0.3000 28.7811
0.4000 35.4153
0.5000 41.3195
0.6000 46.5833
0.7000 51.2835
0.8000 55.6303
0.9000 60.0163
1.0000 65.7175
#MBAR free energy difference in kcal/mol: 
64.852618, 0.229134  #WARNING SUBSAMPLING DISABLED, CONSIDER RERUN WITH SUBSAMPLING OPTION
#TI free energy difference in kcal/mol: 
65.717487  #WARNING SUBSAMPLING DISABLED, CONSIDER RERUN WITH SUBSAMPLING OPTION 
Starting /export/users/common/BioSimSpace/sire.app/bin/analyse_freenrg: number of threads equals 32
