# Analysing data contained in file(s) ['lambda_0.0000/simfile_snipped.dat', 'lambda_0.1000/simfile_snipped.dat', 'lambda_0.2000/simfile_snipped.dat', 'lambda_0.3000/simfile_snipped.dat', 'lambda_0.4000/simfile_snipped.dat', 'lambda_0.5000/simfile_snipped.dat', 'lambda_0.6000/simfile_snipped.dat', 'lambda_0.7000/simfile_snipped.dat', 'lambda_0.8000/simfile_snipped.dat', 'lambda_0.9000/simfile_snipped.dat', 'lambda_1.0000/simfile_snipped.dat']
#Overlap matrix
0.8548 0.1443 0.0009 0.0000 0.0000 0.0000 0.0000 0.0000 0.0000 0.0000 0.0000
0.1443 0.7105 0.1438 0.0014 0.0000 0.0000 0.0000 0.0000 0.0000 0.0000 0.0000
0.0009 0.1438 0.7045 0.1492 0.0016 0.0000 0.0000 0.0000 0.0000 0.0000 0.0000
0.0000 0.0014 0.1492 0.6893 0.1581 0.0021 0.0000 0.0000 0.0000 0.0000 0.0000
0.0000 0.0000 0.0016 0.1581 0.6710 0.1675 0.0017 0.0000 0.0000 0.0000 0.0000
0.0000 0.0000 0.0000 0.0021 0.1675 0.6772 0.1509 0.0023 0.0000 0.0000 0.0000
0.0000 0.0000 0.0000 0.0000 0.0017 0.1509 0.6862 0.1593 0.0019 0.0000 0.0000
0.0000 0.0000 0.0000 0.0000 0.0000 0.0023 0.1593 0.6765 0.1604 0.0016 0.0000
0.0000 0.0000 0.0000 0.0000 0.0000 0.0000 0.0019 0.1604 0.6949 0.1420 0.0008
0.0000 0.0000 0.0000 0.0000 0.0000 0.0000 0.0000 0.0016 0.1420 0.7253 0.1311
0.0000 0.0000 0.0000 0.0000 0.0000 0.0000 0.0000 0.0000 0.0008 0.1311 0.8681
#DG from neighbouring lambda in kcal/mol
0.0000 0.1000 13.2395 0.0637
0.1000 0.2000 9.7598 0.0634
0.2000 0.3000 6.1820 0.0616
0.3000 0.4000 2.6558 0.0589
0.4000 0.5000 -0.6934 0.0564
0.5000 0.6000 -4.0414 0.0608
0.6000 0.7000 -7.1737 0.0585
0.7000 0.8000 -10.2286 0.0584
0.8000 0.9000 -13.0175 0.0640
0.9000 1.0000 -15.4137 0.0681
#PMF from MBAR in kcal/mol
0.0000 0.0000 0.0000
0.1000 13.2395 0.0637
0.2000 22.9993 0.0984
0.3000 29.1813 0.1226
0.4000 31.8371 0.1416
0.5000 31.1438 0.1574
0.6000 27.1023 0.1733
0.7000 19.9286 0.1870
0.8000 9.7000 0.1998
0.9000 -3.3175 0.2134
1.0000 -18.7312 0.2276
#TI average gradients and standard deviation in kcal/mol
0.0000 145.0822 16.9171
0.1000 116.0996 15.5558
0.2000 80.1326 13.7660
0.3000 43.4008 14.3822
0.4000 9.4902 14.2263
0.5000 -22.8398 14.3348
0.6000 -56.4779 12.9636
0.7000 -87.1762 13.3134
0.8000 -116.7083 13.9586
0.9000 -143.9616 14.9962
1.0000 -160.5226 16.7143
#PMF from TI in kcal/mol
0.0000 0.0000
0.1000 13.0591
0.2000 22.8707
0.3000 29.0474
0.4000 31.6919
0.5000 31.0244
0.6000 27.0586
0.7000 19.8759
0.8000 9.6816
0.9000 -3.3519
1.0000 -18.5761
#MBAR free energy difference in kcal/mol: 
-18.731182, 0.227571  #WARNING SUBSAMPLING DISABLED, CONSIDER RERUN WITH SUBSAMPLING OPTION
#TI free energy difference in kcal/mol: 
-18.576067  #WARNING SUBSAMPLING DISABLED, CONSIDER RERUN WITH SUBSAMPLING OPTION 
Starting /export/users/common/BioSimSpace/sire.app/bin/analyse_freenrg: number of threads equals 32
