# Analysing data contained in file(s) ['lambda_0.0000/simfile_snipped.dat', 'lambda_0.1000/simfile_snipped.dat', 'lambda_0.2000/simfile_snipped.dat', 'lambda_0.3000/simfile_snipped.dat', 'lambda_0.4000/simfile_snipped.dat', 'lambda_0.5000/simfile_snipped.dat', 'lambda_0.6000/simfile_snipped.dat', 'lambda_0.7000/simfile_snipped.dat', 'lambda_0.8000/simfile_snipped.dat', 'lambda_0.9000/simfile_snipped.dat', 'lambda_1.0000/simfile_snipped.dat']
#Overlap matrix
1.0000 0.0000 0.0000 0.0000 0.0000 0.0000 0.0000 0.0000 0.0000 0.0000 0.0000
0.0000 0.9910 0.0090 0.0000 0.0000 0.0000 0.0000 0.0000 0.0000 0.0000 0.0000
0.0000 0.0090 0.9208 0.0702 0.0000 0.0000 0.0000 0.0000 0.0000 0.0000 0.0000
0.0000 0.0000 0.0702 0.8565 0.0733 0.0001 0.0000 0.0000 0.0000 0.0000 0.0000
0.0000 0.0000 0.0000 0.0733 0.8201 0.1065 0.0001 0.0000 0.0000 0.0000 0.0000
0.0000 0.0000 0.0000 0.0001 0.1065 0.7901 0.1031 0.0002 0.0000 0.0000 0.0000
0.0000 0.0000 0.0000 0.0000 0.0001 0.1031 0.7892 0.1075 0.0001 0.0000 0.0000
0.0000 0.0000 0.0000 0.0000 0.0000 0.0002 0.1075 0.7989 0.0934 0.0000 0.0000
0.0000 0.0000 0.0000 0.0000 0.0000 0.0000 0.0001 0.0934 0.8489 0.0577 0.0000
0.0000 0.0000 0.0000 0.0000 0.0000 0.0000 0.0000 0.0000 0.0577 0.9423 0.0000
0.0000 0.0000 0.0000 0.0000 0.0000 0.0000 0.0000 0.0000 0.0000 0.0000 1.0000
#DG from neighbouring lambda in kcal/mol
0.0000 0.1000 23.2447 nan
0.1000 0.2000 -1.4852 0.2688
0.2000 0.3000 -4.3980 0.0817
0.3000 0.4000 -4.7007 0.0961
0.4000 0.5000 -5.0587 0.0780
0.5000 0.6000 -5.0982 0.0625
0.6000 0.7000 -4.8875 0.0766
0.7000 0.8000 -5.2935 0.0847
0.8000 0.9000 -6.5071 0.1042
0.9000 1.0000 -25.7020 nan
#PMF from MBAR in kcal/mol
0.0000 0.0000 0.0000
0.1000 23.2447 nan
0.2000 21.7595 nan
0.3000 17.3615 nan
0.4000 12.6608 nan
0.5000 7.6020 nan
0.6000 2.5039 nan
0.7000 -2.3836 nan
0.8000 -7.6772 nan
0.9000 -14.1843 nan
1.0000 -39.8863 nan
#TI average gradients and standard deviation in kcal/mol
0.0000 3455.0187 117.3521
0.1000 29.4509 38.9836
0.2000 -40.0280 22.6547
0.3000 -43.9988 17.0826
0.4000 -51.7505 18.1520
0.5000 -50.1657 18.6068
0.6000 -49.6430 16.5259
0.7000 -50.4714 18.3544
0.8000 -55.7759 18.9030
0.9000 -84.3380 26.6562
1.0000 -3711.8467 147.4046
#PMF from TI in kcal/mol
0.0000 0.0000
0.1000 174.2235
0.2000 173.6946
0.3000 169.4933
0.4000 164.7058
0.5000 159.6100
0.6000 154.6196
0.7000 149.6139
0.8000 144.3015
0.9000 137.2958
1.0000 -52.5134
#MBAR free energy difference in kcal/mol: 
-39.886284, nan  #WARNING SUBSAMPLING DISABLED, CONSIDER RERUN WITH SUBSAMPLING OPTION
#TI free energy difference in kcal/mol: 
-52.513432  #WARNING SUBSAMPLING DISABLED, CONSIDER RERUN WITH SUBSAMPLING OPTION 
Starting /export/users/common/BioSimSpace/sire.app/bin/analyse_freenrg: number of threads equals 32
