# Analysing data contained in file(s) ['lambda_0.0000/simfile_snipped.dat', 'lambda_0.1000/simfile_snipped.dat', 'lambda_0.2000/simfile_snipped.dat', 'lambda_0.3000/simfile_snipped.dat', 'lambda_0.4000/simfile_snipped.dat', 'lambda_0.5000/simfile_snipped.dat', 'lambda_0.6000/simfile_snipped.dat', 'lambda_0.7000/simfile_snipped.dat', 'lambda_0.8000/simfile_snipped.dat', 'lambda_0.9000/simfile_snipped.dat', 'lambda_1.0000/simfile_snipped.dat']
#Overlap matrix
0.9977 0.0023 0.0000 0.0000 0.0000 0.0000 0.0000 0.0000 0.0000 0.0000 0.0000
0.0023 0.9866 0.0112 0.0000 0.0000 0.0000 0.0000 0.0000 0.0000 0.0000 0.0000
0.0000 0.0112 0.9853 0.0035 0.0000 0.0000 0.0000 0.0000 0.0000 0.0000 0.0000
0.0000 0.0000 0.0035 0.9965 0.0000 0.0000 0.0000 0.0000 0.0000 0.0000 0.0000
0.0000 0.0000 0.0000 0.0000 0.9980 0.0010 0.0006 0.0004 0.0000 0.0000 0.0000
0.0000 0.0000 0.0000 0.0000 0.0010 0.8916 0.1073 0.0002 0.0000 0.0000 0.0000
0.0000 0.0000 0.0000 0.0000 0.0006 0.1073 0.7782 0.1132 0.0007 0.0000 0.0000
0.0000 0.0000 0.0000 0.0000 0.0004 0.0002 0.1132 0.7282 0.1580 0.0000 0.0000
0.0000 0.0000 0.0000 0.0000 0.0000 0.0000 0.0007 0.1580 0.8296 0.0116 0.0000
0.0000 0.0000 0.0000 0.0000 0.0000 0.0000 0.0000 0.0000 0.0116 0.9497 0.0387
0.0000 0.0000 0.0000 0.0000 0.0000 0.0000 0.0000 0.0000 0.0000 0.0387 0.9613
#DG from neighbouring lambda in kcal/mol
0.0000 0.1000 8.7298 0.6059
0.1000 0.2000 10.3719 0.2696
0.2000 0.3000 15.0448 0.4843
0.3000 0.4000 9.8874 1057.3588
0.4000 0.5000 -1.3194 0.6422
0.5000 0.6000 24.1530 0.0777
0.6000 0.7000 23.6461 0.0748
0.7000 0.8000 19.7247 0.0597
0.8000 0.9000 13.6733 0.2638
0.9000 1.0000 1.3057 0.1407
#PMF from MBAR in kcal/mol
0.0000 0.0000 0.0000
0.1000 8.7298 0.6059
0.2000 19.1017 0.6644
0.3000 34.1465 0.8231
0.4000 44.0339 1057.3591
0.5000 42.7145 1057.3593
0.6000 66.8675 1057.3593
0.7000 90.5136 1057.3593
0.8000 110.2383 1057.3593
0.9000 123.9116 1057.3593
1.0000 125.2173 1057.3593
#TI average gradients and standard deviation in kcal/mol
0.0000 70.6700 28.8770
0.1000 78.9069 35.5934
0.2000 120.5958 70.5949
0.3000 176.8493 43.9367
0.4000 -13.4523 77.5721
0.5000 136.7299 19.5262
0.6000 206.5207 15.3022
0.7000 179.3658 14.6066
0.8000 293.9018 16.9765
0.9000 50.0141 28.0266
1.0000 -12.0361 17.0765
#PMF from TI in kcal/mol
0.0000 0.0000
0.1000 7.4788
0.2000 17.4540
0.3000 32.3262
0.4000 40.4961
0.5000 46.6600
0.6000 63.8225
0.7000 83.1168
0.8000 106.7802
0.9000 123.9760
1.0000 125.8749
#MBAR free energy difference in kcal/mol: 
125.217274, 1057.359330  #WARNING SUBSAMPLING DISABLED, CONSIDER RERUN WITH SUBSAMPLING OPTION
#TI free energy difference in kcal/mol: 
125.874907  #WARNING SUBSAMPLING DISABLED, CONSIDER RERUN WITH SUBSAMPLING OPTION 
Starting /export/users/common/BioSimSpace/sire.app/bin/analyse_freenrg: number of threads equals 32
