# Analysing data contained in file(s) ['lambda_0.0000/simfile_snipped.dat', 'lambda_0.1000/simfile_snipped.dat', 'lambda_0.2000/simfile_snipped.dat', 'lambda_0.3000/simfile_snipped.dat', 'lambda_0.4000/simfile_snipped.dat', 'lambda_0.5000/simfile_snipped.dat', 'lambda_0.6000/simfile_snipped.dat', 'lambda_0.7000/simfile_snipped.dat', 'lambda_0.8000/simfile_snipped.dat', 'lambda_0.9000/simfile_snipped.dat', 'lambda_1.0000/simfile_snipped.dat']
#Overlap matrix
0.6581 0.2848 0.0525 0.0044 0.0002 0.0000 0.0000 0.0000 0.0000 0.0000 0.0000
0.2848 0.4171 0.2392 0.0538 0.0049 0.0002 0.0000 0.0000 0.0000 0.0000 0.0000
0.0525 0.2392 0.4054 0.2425 0.0546 0.0054 0.0003 0.0000 0.0000 0.0000 0.0000
0.0044 0.0538 0.2425 0.3923 0.2399 0.0598 0.0068 0.0004 0.0000 0.0000 0.0000
0.0002 0.0049 0.0546 0.2399 0.3866 0.2395 0.0655 0.0084 0.0004 0.0000 0.0000
0.0000 0.0002 0.0054 0.0598 0.2395 0.3713 0.2459 0.0703 0.0072 0.0003 0.0000
0.0000 0.0000 0.0003 0.0068 0.0655 0.2459 0.3753 0.2425 0.0581 0.0053 0.0002
0.0000 0.0000 0.0000 0.0004 0.0084 0.0703 0.2425 0.3810 0.2367 0.0549 0.0056
0.0000 0.0000 0.0000 0.0000 0.0004 0.0072 0.0581 0.2367 0.3930 0.2420 0.0625
0.0000 0.0000 0.0000 0.0000 0.0000 0.0003 0.0053 0.0549 0.2420 0.4077 0.2898
0.0000 0.0000 0.0000 0.0000 0.0000 0.0000 0.0002 0.0056 0.0625 0.2898 0.6418
#DG from neighbouring lambda in kcal/mol
0.0000 0.1000 -0.0660 0.0289
0.1000 0.2000 1.1452 0.0286
0.2000 0.3000 2.2411 0.0275
0.3000 0.4000 3.2224 0.0270
0.4000 0.5000 4.1468 0.0259
0.5000 0.6000 5.0496 0.0242
0.6000 0.7000 5.8956 0.0253
0.7000 0.8000 6.5050 0.0274
0.8000 0.9000 6.9369 0.0272
0.9000 1.0000 7.3866 0.0273
#PMF from MBAR in kcal/mol
0.0000 0.0000 0.0000
0.1000 -0.0660 0.0289
0.2000 1.0792 0.0500
0.3000 3.3203 0.0643
0.4000 6.5427 0.0758
0.5000 10.6895 0.0852
0.6000 15.7391 0.0930
0.7000 21.6347 0.1003
0.8000 28.1397 0.1080
0.9000 35.0767 0.1153
1.0000 42.4632 0.1220
#TI average gradients and standard deviation in kcal/mol
0.0000 -7.3835 8.0974
0.1000 5.7595 8.1558
0.2000 16.5475 8.1652
0.3000 28.1612 8.0741
0.4000 36.3354 7.4103
0.5000 46.1839 7.6563
0.6000 54.6436 7.3888
0.7000 62.4653 8.3246
0.8000 67.9163 8.6025
0.9000 71.0855 7.7344
1.0000 77.2381 8.0270
#PMF from TI in kcal/mol
0.0000 0.0000
0.1000 -0.0812
0.2000 1.0342
0.3000 3.2696
0.4000 6.4944
0.5000 10.6204
0.6000 15.6618
0.7000 21.5172
0.8000 28.0363
0.9000 34.9864
1.0000 42.4026
#MBAR free energy difference in kcal/mol: 
42.463240, 0.121951  #WARNING SUBSAMPLING DISABLED, CONSIDER RERUN WITH SUBSAMPLING OPTION
#TI free energy difference in kcal/mol: 
42.402572  #WARNING SUBSAMPLING DISABLED, CONSIDER RERUN WITH SUBSAMPLING OPTION 
Starting /export/users/common/BioSimSpace/sire.app/bin/analyse_freenrg: number of threads equals 32
