# Analysing data contained in file(s) ['lambda_0.0000/simfile_snipped.dat', 'lambda_0.1000/simfile_snipped.dat', 'lambda_0.2000/simfile_snipped.dat', 'lambda_0.3000/simfile_snipped.dat', 'lambda_0.4000/simfile_snipped.dat', 'lambda_0.5000/simfile_snipped.dat', 'lambda_0.6000/simfile_snipped.dat', 'lambda_0.7000/simfile_snipped.dat', 'lambda_0.8000/simfile_snipped.dat', 'lambda_0.9000/simfile_snipped.dat', 'lambda_1.0000/simfile_snipped.dat']
#Overlap matrix
0.8415 0.1532 0.0053 0.0000 0.0000 0.0000 0.0000 0.0000 0.0000 0.0000 0.0000
0.1532 0.6378 0.1991 0.0098 0.0001 0.0000 0.0000 0.0000 0.0000 0.0000 0.0000
0.0053 0.1991 0.5701 0.2145 0.0109 0.0001 0.0000 0.0000 0.0000 0.0000 0.0000
0.0000 0.0098 0.2145 0.5643 0.2011 0.0101 0.0001 0.0000 0.0000 0.0000 0.0000
0.0000 0.0001 0.0109 0.2011 0.5731 0.2051 0.0097 0.0001 0.0000 0.0000 0.0000
0.0000 0.0000 0.0001 0.0101 0.2051 0.5624 0.2119 0.0104 0.0000 0.0000 0.0000
0.0000 0.0000 0.0000 0.0001 0.0097 0.2119 0.5679 0.2036 0.0068 0.0000 0.0000
0.0000 0.0000 0.0000 0.0000 0.0001 0.0104 0.2036 0.5931 0.1881 0.0047 0.0000
0.0000 0.0000 0.0000 0.0000 0.0000 0.0000 0.0068 0.1881 0.6337 0.1710 0.0003
0.0000 0.0000 0.0000 0.0000 0.0000 0.0000 0.0000 0.0047 0.1710 0.7550 0.0693
0.0000 0.0000 0.0000 0.0000 0.0000 0.0000 0.0000 0.0000 0.0003 0.0693 0.9304
#DG from neighbouring lambda in kcal/mol
0.0000 0.1000 -3.2662 0.0599
0.1000 0.2000 -1.5076 0.0472
0.2000 0.3000 -2.0783 0.0434
0.3000 0.4000 -3.3467 0.0457
0.4000 0.5000 -4.9038 0.0452
0.5000 0.6000 -6.6290 0.0439
0.6000 0.7000 -8.2524 0.0459
0.7000 0.8000 -10.0121 0.0501
0.8000 0.9000 -11.6201 0.0553
0.9000 1.0000 -13.9190 0.1014
#PMF from MBAR in kcal/mol
0.0000 0.0000 0.0000
0.1000 -3.2662 0.0599
0.2000 -4.7739 0.0849
0.3000 -6.8521 0.1021
0.4000 -10.1988 0.1177
0.5000 -15.1026 0.1312
0.6000 -21.7316 0.1432
0.7000 -29.9840 0.1548
0.8000 -39.9961 0.1669
0.9000 -51.6162 0.1799
1.0000 -65.5352 0.2104
#TI average gradients and standard deviation in kcal/mol
0.0000 51.2472 1527.7650
0.1000 -17.1443 12.6983
0.2000 -16.4767 12.4593
0.3000 -25.8937 12.1486
0.4000 -41.4084 12.2161
0.5000 -57.8375 12.6782
0.6000 -73.9137 12.1996
0.7000 -91.0900 12.6396
0.8000 -108.7397 12.8433
0.9000 -124.5867 15.9217
1.0000 -148.9838 28.8215
#PMF from TI in kcal/mol
0.0000 0.0000
0.1000 1.7051
0.2000 0.0241
0.3000 -2.0944
0.4000 -5.4595
0.5000 -10.4218
0.6000 -17.0094
0.7000 -25.2596
0.8000 -35.2511
0.9000 -46.9174
1.0000 -60.5959
#MBAR free energy difference in kcal/mol: 
-65.535240, 0.210391  #WARNING SUBSAMPLING DISABLED, CONSIDER RERUN WITH SUBSAMPLING OPTION
#TI free energy difference in kcal/mol: 
-60.595905  #WARNING SUBSAMPLING DISABLED, CONSIDER RERUN WITH SUBSAMPLING OPTION 
Starting /export/users/common/BioSimSpace/sire.app/bin/analyse_freenrg: number of threads equals 32
