# Analysing data contained in file(s) ['lambda_0.0000/simfile_snipped.dat', 'lambda_0.1000/simfile_snipped.dat', 'lambda_0.2000/simfile_snipped.dat', 'lambda_0.3000/simfile_snipped.dat', 'lambda_0.4000/simfile_snipped.dat', 'lambda_0.5000/simfile_snipped.dat', 'lambda_0.6000/simfile_snipped.dat', 'lambda_0.7000/simfile_snipped.dat', 'lambda_0.8000/simfile_snipped.dat', 'lambda_0.9000/simfile_snipped.dat', 'lambda_1.0000/simfile_snipped.dat']
#Overlap matrix
0.8305 0.1606 0.0084 0.0005 0.0000 0.0000 0.0000 0.0000 0.0000 0.0000 0.0000
0.1606 0.5946 0.2145 0.0285 0.0018 0.0000 0.0000 0.0000 0.0000 0.0000 0.0000
0.0084 0.2145 0.5177 0.2403 0.0188 0.0003 0.0000 0.0000 0.0000 0.0000 0.0000
0.0005 0.0285 0.2403 0.5626 0.1634 0.0046 0.0001 0.0000 0.0000 0.0000 0.0000
0.0000 0.0018 0.0188 0.1634 0.6604 0.1499 0.0055 0.0000 0.0000 0.0000 0.0000
0.0000 0.0000 0.0003 0.0046 0.1499 0.6851 0.1594 0.0007 0.0000 0.0000 0.0000
0.0000 0.0000 0.0000 0.0001 0.0055 0.1594 0.7902 0.0448 0.0000 0.0000 0.0000
0.0000 0.0000 0.0000 0.0000 0.0000 0.0007 0.0448 0.9364 0.0181 0.0000 0.0000
0.0000 0.0000 0.0000 0.0000 0.0000 0.0000 0.0000 0.0181 0.9780 0.0039 0.0000
0.0000 0.0000 0.0000 0.0000 0.0000 0.0000 0.0000 0.0000 0.0039 0.9942 0.0019
0.0000 0.0000 0.0000 0.0000 0.0000 0.0000 0.0000 0.0000 0.0000 0.0019 0.9981
#DG from neighbouring lambda in kcal/mol
0.0000 0.1000 0.5683 0.0570
0.1000 0.2000 0.2524 0.0408
0.2000 0.3000 1.2947 0.0355
0.3000 0.4000 2.7308 0.0526
0.4000 0.5000 2.7895 0.0594
0.5000 0.6000 3.2820 0.0579
0.6000 0.7000 4.8597 0.1288
0.7000 0.8000 6.3979 0.2100
0.8000 0.9000 8.5159 0.4612
0.9000 1.0000 20.8590 0.6552
#PMF from MBAR in kcal/mol
0.0000 0.0000 0.0000
0.1000 0.5683 0.0570
0.2000 0.8207 0.0789
0.3000 2.1155 0.0920
0.4000 4.8463 0.1107
0.5000 7.6357 0.1311
0.6000 10.9177 0.1478
0.7000 15.7774 0.1999
0.8000 22.1753 0.2927
0.9000 30.6913 0.5478
1.0000 51.5503 0.8550
#TI average gradients and standard deviation in kcal/mol
0.0000 -2.3006 18.4771
0.1000 2.9909 12.6164
0.2000 5.2468 10.0389
0.3000 21.7140 12.7836
0.4000 30.2973 15.6711
0.5000 26.3875 14.4619
0.6000 41.1169 19.8078
0.7000 55.2037 29.4229
0.8000 73.9038 32.3874
0.9000 110.7110 35.9332
1.0000 364.6478 39.3255
#PMF from TI in kcal/mol
0.0000 0.0000
0.1000 0.0345
0.2000 0.4464
0.3000 1.7944
0.4000 4.3950
0.5000 7.2292
0.6000 10.6045
0.7000 15.4205
0.8000 21.8759
0.9000 31.1066
1.0000 54.8746
#MBAR free energy difference in kcal/mol: 
51.550269, 0.854960  #WARNING SUBSAMPLING DISABLED, CONSIDER RERUN WITH SUBSAMPLING OPTION
#TI free energy difference in kcal/mol: 
54.874550  #WARNING SUBSAMPLING DISABLED, CONSIDER RERUN WITH SUBSAMPLING OPTION 
Starting /export/users/common/BioSimSpace/sire.app/bin/analyse_freenrg: number of threads equals 32
