# Analysing data contained in file(s) ['lambda_0.0000/simfile_snipped.dat', 'lambda_0.1000/simfile_snipped.dat', 'lambda_0.2000/simfile_snipped.dat', 'lambda_0.3000/simfile_snipped.dat', 'lambda_0.4000/simfile_snipped.dat', 'lambda_0.5000/simfile_snipped.dat', 'lambda_0.6000/simfile_snipped.dat', 'lambda_0.7000/simfile_snipped.dat', 'lambda_0.8000/simfile_snipped.dat', 'lambda_0.9000/simfile_snipped.dat', 'lambda_1.0000/simfile_snipped.dat']
#Overlap matrix
0.8185 0.1744 0.0070 0.0001 0.0000 0.0000 0.0000 0.0000 0.0000 0.0000 0.0000
0.1744 0.6016 0.2091 0.0148 0.0002 0.0000 0.0000 0.0000 0.0000 0.0000 0.0000
0.0070 0.2091 0.5512 0.2178 0.0148 0.0002 0.0000 0.0000 0.0000 0.0000 0.0000
0.0001 0.0148 0.2178 0.5400 0.2142 0.0130 0.0001 0.0000 0.0000 0.0000 0.0000
0.0000 0.0002 0.0148 0.2142 0.5494 0.2079 0.0133 0.0001 0.0000 0.0000 0.0000
0.0000 0.0000 0.0002 0.0130 0.2079 0.5527 0.2128 0.0132 0.0002 0.0000 0.0000
0.0000 0.0000 0.0000 0.0001 0.0133 0.2128 0.5423 0.2175 0.0139 0.0001 0.0000
0.0000 0.0000 0.0000 0.0000 0.0001 0.0132 0.2175 0.5487 0.2091 0.0113 0.0001
0.0000 0.0000 0.0000 0.0000 0.0000 0.0002 0.0139 0.2091 0.5562 0.2099 0.0108
0.0000 0.0000 0.0000 0.0000 0.0000 0.0000 0.0001 0.0113 0.2099 0.5644 0.2144
0.0000 0.0000 0.0000 0.0000 0.0000 0.0000 0.0000 0.0001 0.0108 0.2144 0.7748
#DG from neighbouring lambda in kcal/mol
0.0000 0.1000 -2.1754 0.0540
0.1000 0.2000 -1.1401 0.0442
0.2000 0.3000 -0.5229 0.0414
0.3000 0.4000 -0.2148 0.0423
0.4000 0.5000 -0.0607 0.0436
0.5000 0.6000 0.1459 0.0427
0.6000 0.7000 0.4428 0.0419
0.7000 0.8000 0.7465 0.0436
0.8000 0.9000 0.9443 0.0440
0.9000 1.0000 1.1511 0.0451
#PMF from MBAR in kcal/mol
0.0000 0.0000 0.0000
0.1000 -2.1754 0.0540
0.2000 -3.3155 0.0791
0.3000 -3.8384 0.0959
0.4000 -4.0532 0.1107
0.5000 -4.1139 0.1242
0.6000 -3.9680 0.1361
0.7000 -3.5252 0.1469
0.8000 -2.7787 0.1573
0.9000 -1.8344 0.1673
1.0000 -0.6833 0.1771
#TI average gradients and standard deviation in kcal/mol
0.0000 -32.2289 13.2429
0.1000 -15.3474 12.3513
0.2000 -7.8364 11.6334
0.3000 -3.1062 11.3898
0.4000 -1.1100 11.5043
0.5000 0.2194 11.3738
0.6000 2.9991 11.9226
0.7000 6.2240 10.4942
0.8000 7.7307 12.2709
0.9000 11.0389 12.5298
1.0000 14.0273 11.8988
#PMF from TI in kcal/mol
0.0000 0.0000
0.1000 -2.3788
0.2000 -3.5380
0.3000 -4.0851
0.4000 -4.2959
0.5000 -4.3405
0.6000 -4.1795
0.7000 -3.7184
0.8000 -3.0207
0.9000 -2.0822
1.0000 -0.8289
#MBAR free energy difference in kcal/mol: 
-0.683282, 0.177108  #WARNING SUBSAMPLING DISABLED, CONSIDER RERUN WITH SUBSAMPLING OPTION
#TI free energy difference in kcal/mol: 
-0.828866  #WARNING SUBSAMPLING DISABLED, CONSIDER RERUN WITH SUBSAMPLING OPTION 
Starting /export/users/common/BioSimSpace/sire.app/bin/analyse_freenrg: number of threads equals 32
