# Analysing data contained in file(s) ['lambda_0.0000/simfile_snipped.dat', 'lambda_0.1000/simfile_snipped.dat', 'lambda_0.2000/simfile_snipped.dat', 'lambda_0.3000/simfile_snipped.dat', 'lambda_0.4000/simfile_snipped.dat', 'lambda_0.5000/simfile_snipped.dat', 'lambda_0.6000/simfile_snipped.dat', 'lambda_0.7000/simfile_snipped.dat', 'lambda_0.8000/simfile_snipped.dat', 'lambda_0.9000/simfile_snipped.dat', 'lambda_1.0000/simfile_snipped.dat']
#Overlap matrix
0.7783 0.2062 0.0152 0.0003 0.0000 0.0000 0.0000 0.0000 0.0000 0.0000 0.0000
0.2062 0.5509 0.2252 0.0173 0.0003 0.0000 0.0000 0.0000 0.0000 0.0000 0.0000
0.0152 0.2252 0.5330 0.2075 0.0187 0.0004 0.0000 0.0000 0.0000 0.0000 0.0000
0.0003 0.0173 0.2075 0.5264 0.2260 0.0221 0.0005 0.0000 0.0000 0.0000 0.0000
0.0000 0.0003 0.0187 0.2260 0.5072 0.2248 0.0224 0.0005 0.0000 0.0000 0.0000
0.0000 0.0000 0.0004 0.0221 0.2248 0.4940 0.2345 0.0237 0.0003 0.0000 0.0000
0.0000 0.0000 0.0000 0.0005 0.0224 0.2345 0.5036 0.2222 0.0165 0.0003 0.0000
0.0000 0.0000 0.0000 0.0000 0.0005 0.0237 0.2222 0.5105 0.2234 0.0194 0.0003
0.0000 0.0000 0.0000 0.0000 0.0000 0.0003 0.0165 0.2234 0.5142 0.2293 0.0162
0.0000 0.0000 0.0000 0.0000 0.0000 0.0000 0.0003 0.0194 0.2293 0.5222 0.2288
0.0000 0.0000 0.0000 0.0000 0.0000 0.0000 0.0000 0.0003 0.0162 0.2288 0.7547
#DG from neighbouring lambda in kcal/mol
0.0000 0.1000 -1.9719 0.0458
0.1000 0.2000 0.8512 0.0398
0.2000 0.3000 2.6458 0.0421
0.3000 0.4000 4.2201 0.0384
0.4000 0.5000 5.7457 0.0381
0.5000 0.6000 7.2418 0.0365
0.6000 0.7000 8.7495 0.0391
0.7000 0.8000 10.0245 0.0395
0.8000 0.9000 11.4123 0.0387
0.9000 1.0000 12.7179 0.0417
#PMF from MBAR in kcal/mol
0.0000 0.0000 0.0000
0.1000 -1.9719 0.0458
0.2000 -1.1207 0.0700
0.3000 1.5251 0.0887
0.4000 5.7452 0.1026
0.5000 11.4909 0.1146
0.6000 18.7328 0.1251
0.7000 27.4822 0.1353
0.8000 37.5067 0.1454
0.9000 48.9190 0.1544
1.0000 61.6369 0.1638
#TI average gradients and standard deviation in kcal/mol
0.0000 -41.2720 14.0379
0.1000 -3.1379 11.2483
0.2000 19.0823 10.3554
0.3000 33.6740 11.4893
0.4000 50.4914 10.6651
0.5000 64.5775 10.8281
0.6000 80.7819 10.0388
0.7000 93.3922 11.1975
0.8000 107.4107 10.8643
0.9000 120.5539 11.0377
1.0000 135.6382 10.8695
#PMF from TI in kcal/mol
0.0000 0.0000
0.1000 -2.2205
0.2000 -1.4233
0.3000 1.2145
0.4000 5.4228
0.5000 11.1763
0.6000 18.4442
0.7000 27.1529
0.8000 37.1931
0.9000 48.5913
1.0000 61.4009
#MBAR free energy difference in kcal/mol: 
61.636890, 0.163810  #WARNING SUBSAMPLING DISABLED, CONSIDER RERUN WITH SUBSAMPLING OPTION
#TI free energy difference in kcal/mol: 
61.400906  #WARNING SUBSAMPLING DISABLED, CONSIDER RERUN WITH SUBSAMPLING OPTION 
Starting /export/users/common/BioSimSpace/sire.app/bin/analyse_freenrg: number of threads equals 32
