# Analysing data contained in file(s) ['lambda_0.0000/simfile_snipped.dat', 'lambda_0.1000/simfile_snipped.dat', 'lambda_0.2000/simfile_snipped.dat', 'lambda_0.3000/simfile_snipped.dat', 'lambda_0.4000/simfile_snipped.dat', 'lambda_0.5000/simfile_snipped.dat', 'lambda_0.6000/simfile_snipped.dat', 'lambda_0.7000/simfile_snipped.dat', 'lambda_0.8000/simfile_snipped.dat', 'lambda_0.9000/simfile_snipped.dat', 'lambda_1.0000/simfile_snipped.dat']
#Overlap matrix
0.9992 0.0008 0.0000 0.0000 0.0000 0.0000 0.0000 0.0000 0.0000 0.0000 0.0000
0.0008 0.9155 0.0836 0.0001 0.0000 0.0000 0.0000 0.0000 0.0000 0.0000 0.0000
0.0000 0.0836 0.7972 0.1190 0.0002 0.0000 0.0000 0.0000 0.0000 0.0000 0.0000
0.0000 0.0001 0.1190 0.8485 0.0324 0.0000 0.0000 0.0000 0.0000 0.0000 0.0000
0.0000 0.0000 0.0002 0.0324 0.9674 0.0000 0.0000 0.0000 0.0000 0.0000 0.0000
0.0000 0.0000 0.0000 0.0000 0.0000 0.8947 0.1049 0.0004 0.0000 0.0000 0.0000
0.0000 0.0000 0.0000 0.0000 0.0000 0.1049 0.7786 0.1159 0.0005 0.0000 0.0000
0.0000 0.0000 0.0000 0.0000 0.0000 0.0004 0.1159 0.7602 0.1230 0.0005 0.0000
0.0000 0.0000 0.0000 0.0000 0.0000 0.0000 0.0005 0.1230 0.7834 0.0930 0.0001
0.0000 0.0000 0.0000 0.0000 0.0000 0.0000 0.0000 0.0005 0.0930 0.8681 0.0384
0.0000 0.0000 0.0000 0.0000 0.0000 0.0000 0.0000 0.0000 0.0001 0.0384 0.9615
#DG from neighbouring lambda in kcal/mol
0.0000 0.1000 12.4168 1.0216
0.1000 0.2000 6.5691 0.0909
0.2000 0.3000 8.0894 0.0728
0.3000 0.4000 21.3278 0.1544
0.4000 0.5000 16.6238 9.2727
0.5000 0.6000 7.9496 0.0789
0.6000 0.7000 5.7307 0.0738
0.7000 0.8000 3.6057 0.0710
0.8000 0.9000 2.5597 0.0849
0.9000 1.0000 6.3297 0.1412
#PMF from MBAR in kcal/mol
0.0000 0.0000 0.0000
0.1000 12.4168 1.0216
0.2000 18.9859 1.0265
0.3000 27.0753 1.0299
0.4000 48.4031 1.0421
0.5000 65.0269 9.3312
0.6000 72.9765 9.3316
0.7000 78.7073 9.3320
0.8000 82.3130 9.3323
0.9000 84.8727 9.3328
1.0000 91.2024 9.3340
#TI average gradients and standard deviation in kcal/mol
0.0000 172.5860 22.3077
0.1000 73.1218 18.3868
0.2000 61.9373 17.3516
0.3000 117.0472 17.3895
0.4000 298.5212 59.7048
0.5000 90.4607 18.7058
0.6000 67.8646 16.9781
0.7000 45.3911 17.2958
0.8000 28.6336 17.1856
0.9000 32.9024 24.2412
1.0000 119.6137 26.5313
#PMF from TI in kcal/mol
0.0000 0.0000
0.1000 12.2854
0.2000 19.0383
0.3000 27.9876
0.4000 48.7660
0.5000 68.2151
0.6000 76.1313
0.7000 81.7941
0.8000 85.4954
0.9000 88.5722
1.0000 96.1980
#MBAR free energy difference in kcal/mol: 
91.202422, 9.333960  #WARNING SUBSAMPLING DISABLED, CONSIDER RERUN WITH SUBSAMPLING OPTION
#TI free energy difference in kcal/mol: 
96.197968  #WARNING SUBSAMPLING DISABLED, CONSIDER RERUN WITH SUBSAMPLING OPTION 
Starting /export/users/common/BioSimSpace/sire.app/bin/analyse_freenrg: number of threads equals 32
