# Analysing data contained in file(s) ['lambda_0.0000/simfile_snipped.dat', 'lambda_0.1000/simfile_snipped.dat', 'lambda_0.2000/simfile_snipped.dat', 'lambda_0.3000/simfile_snipped.dat', 'lambda_0.4000/simfile_snipped.dat', 'lambda_0.5000/simfile_snipped.dat', 'lambda_0.6000/simfile_snipped.dat', 'lambda_0.7000/simfile_snipped.dat', 'lambda_0.8000/simfile_snipped.dat', 'lambda_0.9000/simfile_snipped.dat', 'lambda_1.0000/simfile_snipped.dat']
#Overlap matrix
0.8347 0.1632 0.0021 0.0000 0.0000 0.0000 0.0000 0.0000 0.0000 0.0000 0.0000
0.1632 0.6792 0.1563 0.0014 0.0000 0.0000 0.0000 0.0000 0.0000 0.0000 0.0000
0.0021 0.1563 0.6988 0.1422 0.0006 0.0000 0.0000 0.0000 0.0000 0.0000 0.0000
0.0000 0.0014 0.1422 0.7372 0.1189 0.0003 0.0000 0.0000 0.0000 0.0000 0.0000
0.0000 0.0000 0.0006 0.1189 0.7785 0.1018 0.0001 0.0000 0.0000 0.0000 0.0000
0.0000 0.0000 0.0000 0.0003 0.1018 0.8070 0.0909 0.0000 0.0000 0.0000 0.0000
0.0000 0.0000 0.0000 0.0000 0.0001 0.0909 0.8378 0.0712 0.0000 0.0000 0.0000
0.0000 0.0000 0.0000 0.0000 0.0000 0.0000 0.0712 0.8617 0.0670 0.0000 0.0000
0.0000 0.0000 0.0000 0.0000 0.0000 0.0000 0.0000 0.0670 0.8901 0.0428 0.0000
0.0000 0.0000 0.0000 0.0000 0.0000 0.0000 0.0000 0.0000 0.0428 0.9354 0.0217
0.0000 0.0000 0.0000 0.0000 0.0000 0.0000 0.0000 0.0000 0.0000 0.0217 0.9783
#DG from neighbouring lambda in kcal/mol
0.0000 0.1000 -5.5477 0.0580
0.1000 0.2000 -17.1129 0.0595
0.2000 0.3000 -28.7179 0.0640
0.3000 0.4000 -40.5290 0.0726
0.4000 0.5000 -52.6819 0.0804
0.5000 0.6000 -65.2117 0.0864
0.6000 0.7000 -77.8702 0.0999
0.7000 0.8000 -90.8779 0.1036
0.8000 0.9000 -102.8944 0.1331
0.9000 1.0000 -105.5023 0.1911
#PMF from MBAR in kcal/mol
0.0000 0.0000 0.0000
0.1000 -5.5477 0.0580
0.2000 -22.6606 0.0918
0.3000 -51.3785 0.1187
0.4000 -91.9075 0.1448
0.5000 -144.5894 0.1704
0.6000 -209.8011 0.1953
0.7000 -287.6713 0.2231
0.8000 -378.5492 0.2493
0.9000 -481.4436 0.2856
1.0000 -586.9459 0.3460
#TI average gradients and standard deviation in kcal/mol
0.0000 1.1213 13.4628
0.1000 -113.7862 14.3982
0.2000 -228.3413 14.5585
0.3000 -345.9386 15.0099
0.4000 -465.7883 16.5546
0.5000 -589.5107 17.5833
0.6000 -714.4560 18.6855
0.7000 -845.3588 20.4541
0.8000 -970.6124 23.1965
0.9000 -1073.4804 23.0394
1.0000 -987.7434 33.5719
#PMF from TI in kcal/mol
0.0000 0.0000
0.1000 -5.6332
0.2000 -22.7396
0.3000 -51.4536
0.4000 -92.0400
0.5000 -144.8049
0.6000 -210.0032
0.7000 -287.9940
0.8000 -378.7925
0.9000 -480.9972
1.0000 -584.0584
#MBAR free energy difference in kcal/mol: 
-586.945911, 0.346023  #WARNING SUBSAMPLING DISABLED, CONSIDER RERUN WITH SUBSAMPLING OPTION
#TI free energy difference in kcal/mol: 
-584.058368  #WARNING SUBSAMPLING DISABLED, CONSIDER RERUN WITH SUBSAMPLING OPTION 
Starting /export/users/common/BioSimSpace/sire.app/bin/analyse_freenrg: number of threads equals 32
