# Analysing data contained in file(s) ['lambda_0.0000/simfile_snipped.dat', 'lambda_0.1000/simfile_snipped.dat', 'lambda_0.2000/simfile_snipped.dat', 'lambda_0.3000/simfile_snipped.dat', 'lambda_0.4000/simfile_snipped.dat', 'lambda_0.5000/simfile_snipped.dat', 'lambda_0.6000/simfile_snipped.dat', 'lambda_0.7000/simfile_snipped.dat', 'lambda_0.8000/simfile_snipped.dat', 'lambda_0.9000/simfile_snipped.dat', 'lambda_1.0000/simfile_snipped.dat']
#Overlap matrix
0.8863 0.1132 0.0004 0.0000 0.0000 0.0000 0.0000 0.0000 0.0000 0.0000 0.0000
0.1132 0.7540 0.1319 0.0008 0.0000 0.0000 0.0000 0.0000 0.0000 0.0000 0.0000
0.0004 0.1319 0.7162 0.1504 0.0010 0.0000 0.0000 0.0000 0.0000 0.0000 0.0000
0.0000 0.0008 0.1504 0.6984 0.1494 0.0010 0.0000 0.0000 0.0000 0.0000 0.0000
0.0000 0.0000 0.0010 0.1494 0.7108 0.1372 0.0016 0.0000 0.0000 0.0000 0.0000
0.0000 0.0000 0.0000 0.0010 0.1372 0.6957 0.1633 0.0028 0.0000 0.0000 0.0000
0.0000 0.0000 0.0000 0.0000 0.0016 0.1633 0.6592 0.1738 0.0021 0.0000 0.0000
0.0000 0.0000 0.0000 0.0000 0.0000 0.0028 0.1738 0.6911 0.1317 0.0006 0.0000
0.0000 0.0000 0.0000 0.0000 0.0000 0.0000 0.0021 0.1317 0.7383 0.1275 0.0003
0.0000 0.0000 0.0000 0.0000 0.0000 0.0000 0.0000 0.0006 0.1275 0.7795 0.0924
0.0000 0.0000 0.0000 0.0000 0.0000 0.0000 0.0000 0.0000 0.0003 0.0924 0.9073
#DG from neighbouring lambda in kcal/mol
0.0000 0.1000 -0.2009 0.0751
0.1000 0.2000 0.1408 0.0676
0.2000 0.3000 0.0938 0.0616
0.3000 0.4000 -0.2679 0.0618
0.4000 0.5000 -0.8482 0.0654
0.5000 0.6000 -1.0698 0.0574
0.6000 0.7000 -0.6721 0.0547
0.7000 0.8000 -0.3133 0.0672
0.8000 0.9000 -0.6547 0.0693
0.9000 1.0000 -0.2809 0.0854
#PMF from MBAR in kcal/mol
0.0000 0.0000 0.0000
0.1000 -0.2009 0.0751
0.2000 -0.0601 0.1088
0.3000 0.0337 0.1312
0.4000 -0.2342 0.1504
0.5000 -1.0824 0.1688
0.6000 -2.1523 0.1826
0.7000 -2.8243 0.1945
0.8000 -3.1377 0.2094
0.9000 -3.7923 0.2242
1.0000 -4.0732 0.2433
#TI average gradients and standard deviation in kcal/mol
0.0000 -8.0882 18.1078
0.1000 1.2682 15.7620
0.2000 1.2223 15.6873
0.3000 -1.0188 16.2296
0.4000 -3.9137 15.2131
0.5000 -10.9883 14.0099
0.6000 -8.3716 15.7399
0.7000 -2.0259 14.1516
0.8000 -5.9788 15.5352
0.9000 -5.2254 17.4634
1.0000 2.1810 20.1633
#PMF from TI in kcal/mol
0.0000 0.0000
0.1000 -0.3410
0.2000 -0.2165
0.3000 -0.2063
0.4000 -0.4529
0.5000 -1.1980
0.6000 -2.1660
0.7000 -2.6859
0.8000 -3.0861
0.9000 -3.6463
1.0000 -3.7986
#MBAR free energy difference in kcal/mol: 
-4.073224, 0.243274  #WARNING SUBSAMPLING DISABLED, CONSIDER RERUN WITH SUBSAMPLING OPTION
#TI free energy difference in kcal/mol: 
-3.798569  #WARNING SUBSAMPLING DISABLED, CONSIDER RERUN WITH SUBSAMPLING OPTION 
Starting /export/users/common/BioSimSpace/sire.app/bin/analyse_freenrg: number of threads equals 32
