# Analysing data contained in file(s) ['lambda_0.0000/simfile_snipped.dat', 'lambda_0.1000/simfile_snipped.dat', 'lambda_0.2000/simfile_snipped.dat', 'lambda_0.3000/simfile_snipped.dat', 'lambda_0.4000/simfile_snipped.dat', 'lambda_0.5000/simfile_snipped.dat', 'lambda_0.6000/simfile_snipped.dat', 'lambda_0.7000/simfile_snipped.dat', 'lambda_0.8000/simfile_snipped.dat', 'lambda_0.9000/simfile_snipped.dat', 'lambda_1.0000/simfile_snipped.dat']
#Overlap matrix
0.8330 0.1490 0.0163 0.0016 0.0001 0.0000 0.0000 0.0000 0.0000 0.0000 0.0000
0.1490 0.5817 0.2291 0.0363 0.0037 0.0001 0.0000 0.0000 0.0000 0.0000 0.0000
0.0163 0.2291 0.4655 0.2324 0.0521 0.0044 0.0002 0.0000 0.0000 0.0000 0.0000
0.0016 0.0363 0.2324 0.4434 0.2381 0.0436 0.0044 0.0002 0.0000 0.0000 0.0000
0.0001 0.0037 0.0521 0.2381 0.4315 0.2223 0.0466 0.0053 0.0003 0.0000 0.0000
0.0000 0.0001 0.0044 0.0436 0.2223 0.4540 0.2242 0.0461 0.0051 0.0002 0.0000
0.0000 0.0000 0.0002 0.0044 0.0466 0.2242 0.4367 0.2323 0.0510 0.0044 0.0001
0.0000 0.0000 0.0000 0.0002 0.0053 0.0461 0.2323 0.4183 0.2441 0.0507 0.0030
0.0000 0.0000 0.0000 0.0000 0.0003 0.0051 0.0510 0.2441 0.4155 0.2417 0.0422
0.0000 0.0000 0.0000 0.0000 0.0000 0.0002 0.0044 0.0507 0.2417 0.4412 0.2618
0.0000 0.0000 0.0000 0.0000 0.0000 0.0000 0.0001 0.0030 0.0422 0.2618 0.6930
#DG from neighbouring lambda in kcal/mol
0.0000 0.1000 0.9299 0.0578
0.1000 0.2000 3.4055 0.0361
0.2000 0.3000 4.0850 0.0313
0.3000 0.4000 4.1844 0.0296
0.4000 0.5000 3.9468 0.0319
0.5000 0.6000 3.9579 0.0314
0.6000 0.7000 3.9957 0.0299
0.7000 0.8000 4.0143 0.0282
0.8000 0.9000 3.9124 0.0297
0.9000 1.0000 3.6887 0.0331
#PMF from MBAR in kcal/mol
0.0000 0.0000 0.0000
0.1000 0.9299 0.0578
0.2000 4.3354 0.0754
0.3000 8.4204 0.0871
0.4000 12.6048 0.0963
0.5000 16.5516 0.1058
0.6000 20.5095 0.1140
0.7000 24.5052 0.1214
0.8000 28.5195 0.1280
0.9000 32.4319 0.1348
1.0000 36.1207 0.1423
#TI average gradients and standard deviation in kcal/mol
0.0000 -8.9531 16.6567
0.1000 24.4764 12.1580
0.2000 38.7883 9.5418
0.3000 42.2815 8.9986
0.4000 42.4597 7.6787
0.5000 38.7707 10.9329
0.6000 38.6737 9.5385
0.7000 39.9901 9.0243
0.8000 40.5988 8.7004
0.9000 37.9234 10.0580
1.0000 38.5658 10.5327
#PMF from TI in kcal/mol
0.0000 0.0000
0.1000 0.7762
0.2000 3.9394
0.3000 7.9929
0.4000 12.2299
0.5000 16.2915
0.6000 20.1637
0.7000 24.0969
0.8000 28.1263
0.9000 32.0524
1.0000 35.8769
#MBAR free energy difference in kcal/mol: 
36.120695, 0.142337  #WARNING SUBSAMPLING DISABLED, CONSIDER RERUN WITH SUBSAMPLING OPTION
#TI free energy difference in kcal/mol: 
35.876890  #WARNING SUBSAMPLING DISABLED, CONSIDER RERUN WITH SUBSAMPLING OPTION 
Starting /export/users/common/BioSimSpace/sire.app/bin/analyse_freenrg: number of threads equals 32
