# Analysing data contained in file(s) ['lambda_0.0000/simfile_snipped.dat', 'lambda_0.1000/simfile_snipped.dat', 'lambda_0.2000/simfile_snipped.dat', 'lambda_0.3000/simfile_snipped.dat', 'lambda_0.4000/simfile_snipped.dat', 'lambda_0.5000/simfile_snipped.dat', 'lambda_0.6000/simfile_snipped.dat', 'lambda_0.7000/simfile_snipped.dat', 'lambda_0.8000/simfile_snipped.dat', 'lambda_0.9000/simfile_snipped.dat', 'lambda_1.0000/simfile_snipped.dat']
#Overlap matrix
0.8191 0.1772 0.0037 0.0000 0.0000 0.0000 0.0000 0.0000 0.0000 0.0000 0.0000
0.1772 0.6389 0.1793 0.0047 0.0000 0.0000 0.0000 0.0000 0.0000 0.0000 0.0000
0.0037 0.1793 0.6163 0.1961 0.0047 0.0000 0.0000 0.0000 0.0000 0.0000 0.0000
0.0000 0.0047 0.1961 0.6135 0.1816 0.0042 0.0000 0.0000 0.0000 0.0000 0.0000
0.0000 0.0000 0.0047 0.1816 0.6388 0.1735 0.0014 0.0000 0.0000 0.0000 0.0000
0.0000 0.0000 0.0000 0.0042 0.1735 0.6899 0.1324 0.0000 0.0000 0.0000 0.0000
0.0000 0.0000 0.0000 0.0000 0.0014 0.1324 0.8318 0.0344 0.0000 0.0000 0.0000
0.0000 0.0000 0.0000 0.0000 0.0000 0.0000 0.0344 0.9391 0.0265 0.0000 0.0000
0.0000 0.0000 0.0000 0.0000 0.0000 0.0000 0.0000 0.0265 0.9715 0.0020 0.0000
0.0000 0.0000 0.0000 0.0000 0.0000 0.0000 0.0000 0.0000 0.0020 0.9980 0.0000
0.0000 0.0000 0.0000 0.0000 0.0000 0.0000 0.0000 0.0000 0.0000 0.0000 1.0000
#DG from neighbouring lambda in kcal/mol
0.0000 0.1000 9.5545 0.0542
0.1000 0.2000 7.9946 0.0526
0.2000 0.3000 6.5379 0.0488
0.3000 0.4000 5.0955 0.0520
0.4000 0.5000 3.8481 0.0546
0.5000 0.6000 3.3774 0.0674
0.6000 0.7000 1.5227 0.1498
0.7000 0.8000 -0.8533 0.1723
0.8000 0.9000 -4.4241 0.6433
0.9000 1.0000 -44.2762 0.6102
#PMF from MBAR in kcal/mol
0.0000 0.0000 0.0000
0.1000 9.5545 0.0542
0.2000 17.5491 0.0847
0.3000 24.0870 0.1050
0.4000 29.1825 0.1233
0.5000 33.0306 0.1401
0.6000 36.4081 0.1605
0.7000 37.9307 0.2233
0.8000 37.0774 0.2849
0.9000 32.6533 0.7048
1.0000 -11.6229 0.1367
#TI average gradients and standard deviation in kcal/mol
0.0000 96.4616 13.9424
0.1000 88.0252 14.0382
0.2000 72.1874 13.1867
0.3000 58.3852 13.6076
0.4000 44.3056 13.2221
0.5000 33.1721 14.9141
0.6000 35.6300 23.4557
0.7000 -0.5049 21.9190
0.8000 -19.3109 31.4546
0.9000 -93.1192 49.5993
1.0000 -23173.6086 2098.5453
#PMF from TI in kcal/mol
0.0000 0.0000
0.1000 9.2243
0.2000 17.2350
0.3000 23.7636
0.4000 28.8981
0.5000 32.7720
0.6000 36.2121
0.7000 37.9684
0.8000 36.9776
0.9000 31.3561
1.0000 -1131.9803
#MBAR free energy difference in kcal/mol: 
-11.622893, 0.136714  #WARNING SUBSAMPLING DISABLED, CONSIDER RERUN WITH SUBSAMPLING OPTION
#TI free energy difference in kcal/mol: 
-1131.980307  #WARNING SUBSAMPLING DISABLED, CONSIDER RERUN WITH SUBSAMPLING OPTION 
Starting /export/users/common/BioSimSpace/sire.app/bin/analyse_freenrg: number of threads equals 32
