# Analysing data contained in file(s) ['lambda_0.0000/simfile_snipped.dat', 'lambda_0.1000/simfile_snipped.dat', 'lambda_0.2000/simfile_snipped.dat', 'lambda_0.3000/simfile_snipped.dat', 'lambda_0.4000/simfile_snipped.dat', 'lambda_0.5000/simfile_snipped.dat', 'lambda_0.6000/simfile_snipped.dat', 'lambda_0.7000/simfile_snipped.dat', 'lambda_0.8000/simfile_snipped.dat', 'lambda_0.9000/simfile_snipped.dat', 'lambda_1.0000/simfile_snipped.dat']
#Overlap matrix
1.0000 0.0000 0.0000 0.0000 0.0000 0.0000 0.0000 0.0000 0.0000 0.0000 0.0000
0.0000 0.9069 0.0917 0.0013 0.0000 0.0000 0.0000 0.0000 0.0000 0.0000 0.0000
0.0000 0.0917 0.7027 0.2045 0.0002 0.0000 0.0010 0.0000 0.0000 0.0000 0.0000
0.0000 0.0013 0.2045 0.7171 0.0665 0.0008 0.0098 0.0000 0.0000 0.0000 0.0000
0.0000 0.0000 0.0002 0.0665 0.8659 0.0674 0.0000 0.0000 0.0000 0.0000 0.0000
0.0000 0.0000 0.0000 0.0008 0.0674 0.8875 0.0443 0.0000 0.0000 0.0000 0.0000
0.0000 0.0000 0.0010 0.0098 0.0000 0.0443 0.9430 0.0020 0.0000 0.0000 0.0000
0.0000 0.0000 0.0000 0.0000 0.0000 0.0000 0.0020 0.9957 0.0023 0.0000 0.0000
0.0000 0.0000 0.0000 0.0000 0.0000 0.0000 0.0000 0.0023 0.9977 0.0000 0.0000
0.0000 0.0000 0.0000 0.0000 0.0000 0.0000 0.0000 0.0000 0.0000 1.0000 0.0000
0.0000 0.0000 0.0000 0.0000 0.0000 0.0000 0.0000 0.0000 0.0000 0.0000 1.0000
#DG from neighbouring lambda in kcal/mol
0.0000 0.1000 8.5600 10.5381
0.1000 0.2000 -2.9773 0.0852
0.2000 0.3000 -4.6988 0.0485
0.3000 0.4000 -6.8752 0.0970
0.4000 0.5000 -2.3486 0.0965
0.5000 0.6000 18.3679 0.1190
0.6000 0.7000 9.8307 0.6427
0.7000 0.8000 6.6185 0.6034
0.8000 0.9000 0.6570 1167.6745
0.9000 1.0000 -38.6835 1050.9081
#PMF from MBAR in kcal/mol
0.0000 0.0000 0.0000
0.1000 8.5600 10.5381
0.2000 5.5827 10.5385
0.3000 0.8839 10.5387
0.4000 -5.9913 10.5392
0.5000 -8.3398 10.5396
0.6000 10.0281 10.5400
0.7000 19.8587 10.5596
0.8000 26.4772 10.5769
0.9000 27.1343 1167.7224
1.0000 -11.5493 117.1520
#TI average gradients and standard deviation in kcal/mol
0.0000 175.2775 26.5820
0.1000 -7.7837 23.6586
0.2000 -47.1985 17.1085
0.3000 -87.2873 45.7604
0.4000 -78.4789 21.4394
0.5000 -43.0014 98.7822
0.6000 855.4589 34.8606
0.7000 143.7664 58.7029
0.8000 61.2290 46.6272
0.9000 -124.3965 40.0095
1.0000 -3404.6636 256.4305
#PMF from TI in kcal/mol
0.0000 0.0000
0.1000 8.3747
0.2000 5.6256
0.3000 -1.0987
0.4000 -9.3870
0.5000 -15.4610
0.6000 25.1618
0.7000 75.1231
0.8000 85.3729
0.9000 82.2145
1.0000 -94.2385
#MBAR free energy difference in kcal/mol: 
-11.549259, 117.151973  #WARNING SUBSAMPLING DISABLED, CONSIDER RERUN WITH SUBSAMPLING OPTION
#TI free energy difference in kcal/mol: 
-94.238514  #WARNING SUBSAMPLING DISABLED, CONSIDER RERUN WITH SUBSAMPLING OPTION 
Starting /export/users/common/BioSimSpace/sire.app/bin/analyse_freenrg: number of threads equals 32
