# Analysing data contained in file(s) ['lambda_0.0000/simfile_snipped.dat', 'lambda_0.1000/simfile_snipped.dat', 'lambda_0.2000/simfile_snipped.dat', 'lambda_0.3000/simfile_snipped.dat', 'lambda_0.4000/simfile_snipped.dat', 'lambda_0.5000/simfile_snipped.dat', 'lambda_0.6000/simfile_snipped.dat', 'lambda_0.7000/simfile_snipped.dat', 'lambda_0.8000/simfile_snipped.dat', 'lambda_0.9000/simfile_snipped.dat', 'lambda_1.0000/simfile_snipped.dat']
#Overlap matrix
0.7670 0.2072 0.0242 0.0016 0.0001 0.0000 0.0000 0.0000 0.0000 0.0000 0.0000
0.2072 0.4878 0.2458 0.0531 0.0058 0.0003 0.0000 0.0000 0.0000 0.0000 0.0000
0.0242 0.2458 0.4070 0.2459 0.0672 0.0093 0.0007 0.0000 0.0000 0.0000 0.0000
0.0016 0.0531 0.2459 0.3717 0.2391 0.0755 0.0122 0.0009 0.0000 0.0000 0.0000
0.0001 0.0058 0.0672 0.2391 0.3520 0.2417 0.0811 0.0124 0.0007 0.0000 0.0000
0.0000 0.0003 0.0093 0.0755 0.2417 0.3453 0.2403 0.0772 0.0100 0.0005 0.0000
0.0000 0.0000 0.0007 0.0122 0.0811 0.2403 0.3504 0.2395 0.0686 0.0071 0.0002
0.0000 0.0000 0.0000 0.0009 0.0124 0.0772 0.2395 0.3644 0.2442 0.0581 0.0034
0.0000 0.0000 0.0000 0.0000 0.0007 0.0100 0.0686 0.2442 0.4005 0.2418 0.0342
0.0000 0.0000 0.0000 0.0000 0.0000 0.0005 0.0071 0.0581 0.2418 0.4679 0.2247
0.0000 0.0000 0.0000 0.0000 0.0000 0.0000 0.0002 0.0034 0.0342 0.2247 0.7376
#DG from neighbouring lambda in kcal/mol
0.0000 0.1000 6.1000 0.0440
0.1000 0.2000 4.8321 0.0308
0.2000 0.3000 4.1333 0.0259
0.3000 0.4000 3.6245 0.0240
0.4000 0.5000 3.2176 0.0222
0.5000 0.6000 2.8803 0.0222
0.6000 0.7000 2.5730 0.0236
0.7000 0.8000 2.4034 0.0253
0.8000 0.9000 2.7222 0.0296
0.9000 1.0000 4.2253 0.0394
#PMF from MBAR in kcal/mol
0.0000 0.0000 0.0000
0.1000 6.1000 0.0440
0.2000 10.9321 0.0630
0.3000 15.0654 0.0743
0.4000 18.6899 0.0830
0.5000 21.9075 0.0901
0.6000 24.7878 0.0966
0.7000 27.3609 0.1030
0.8000 29.7642 0.1098
0.9000 32.4864 0.1173
1.0000 36.7117 0.1278
#TI average gradients and standard deviation in kcal/mol
0.0000 71.5737 14.2770
0.1000 52.5338 9.6522
0.2000 44.2695 8.7599
0.3000 38.7446 8.0998
0.4000 33.6604 7.2332
0.5000 31.0614 7.3688
0.6000 27.1179 7.0873
0.7000 24.1339 7.9576
0.8000 24.7385 7.9214
0.9000 31.4801 9.9029
1.0000 57.3058 13.2893
#PMF from TI in kcal/mol
0.0000 0.0000
0.1000 6.2054
0.2000 11.0455
0.3000 15.1963
0.4000 18.8165
0.5000 22.0526
0.6000 24.9616
0.7000 27.5242
0.8000 29.9678
0.9000 32.7787
1.0000 37.2180
#MBAR free energy difference in kcal/mol: 
36.711687, 0.127798  #WARNING SUBSAMPLING DISABLED, CONSIDER RERUN WITH SUBSAMPLING OPTION
#TI free energy difference in kcal/mol: 
37.218002  #WARNING SUBSAMPLING DISABLED, CONSIDER RERUN WITH SUBSAMPLING OPTION 
Starting /export/users/common/BioSimSpace/sire.app/bin/analyse_freenrg: number of threads equals 32
