# Analysing data contained in file(s) ['lambda_0.0000/simfile_snipped.dat', 'lambda_0.1000/simfile_snipped.dat', 'lambda_0.2000/simfile_snipped.dat', 'lambda_0.3000/simfile_snipped.dat', 'lambda_0.4000/simfile_snipped.dat', 'lambda_0.5000/simfile_snipped.dat', 'lambda_0.6000/simfile_snipped.dat', 'lambda_0.7000/simfile_snipped.dat', 'lambda_0.8000/simfile_snipped.dat', 'lambda_0.9000/simfile_snipped.dat', 'lambda_1.0000/simfile_snipped.dat']
#Overlap matrix
0.8242 0.1656 0.0101 0.0002 0.0000 0.0000 0.0000 0.0000 0.0000 0.0000 0.0000
0.1656 0.6163 0.2059 0.0120 0.0002 0.0000 0.0000 0.0000 0.0000 0.0000 0.0000
0.0101 0.2059 0.5667 0.1999 0.0169 0.0005 0.0000 0.0000 0.0000 0.0000 0.0000
0.0002 0.0120 0.1999 0.5381 0.2247 0.0246 0.0006 0.0000 0.0000 0.0000 0.0000
0.0000 0.0002 0.0169 0.2247 0.5076 0.2283 0.0218 0.0005 0.0000 0.0000 0.0000
0.0000 0.0000 0.0005 0.0246 0.2283 0.5031 0.2213 0.0216 0.0005 0.0000 0.0000
0.0000 0.0000 0.0000 0.0006 0.0218 0.2213 0.5013 0.2305 0.0240 0.0005 0.0000
0.0000 0.0000 0.0000 0.0000 0.0005 0.0216 0.2305 0.4986 0.2274 0.0210 0.0004
0.0000 0.0000 0.0000 0.0000 0.0000 0.0005 0.0240 0.2274 0.5055 0.2232 0.0193
0.0000 0.0000 0.0000 0.0000 0.0000 0.0000 0.0005 0.0210 0.2232 0.5116 0.2437
0.0000 0.0000 0.0000 0.0000 0.0000 0.0000 0.0000 0.0004 0.0193 0.2437 0.7366
#DG from neighbouring lambda in kcal/mol
0.0000 0.1000 -3.1430 0.0554
0.1000 0.2000 -0.3573 0.0447
0.2000 0.3000 -0.0037 0.0445
0.3000 0.4000 0.0201 0.0386
0.4000 0.5000 0.0688 0.0373
0.5000 0.6000 0.0119 0.0388
0.6000 0.7000 -0.0328 0.0371
0.7000 0.8000 -0.0267 0.0377
0.8000 0.9000 -0.1123 0.0390
0.9000 1.0000 -0.1916 0.0388
#PMF from MBAR in kcal/mol
0.0000 0.0000 0.0000
0.1000 -3.1430 0.0554
0.2000 -3.5003 0.0794
0.3000 -3.5041 0.0978
0.4000 -3.4839 0.1107
0.5000 -3.4152 0.1215
0.6000 -3.4033 0.1320
0.7000 -3.4361 0.1413
0.8000 -3.4628 0.1501
0.9000 -3.5751 0.1588
1.0000 -3.7667 0.1672
#TI average gradients and standard deviation in kcal/mol
0.0000 -62.9950 17.4271
0.1000 -10.2904 11.5088
0.2000 0.2269 12.2581
0.3000 -0.9707 11.9100
0.4000 0.4655 11.7590
0.5000 0.6852 11.3888
0.6000 -0.3804 11.4706
0.7000 -0.1053 10.5948
0.8000 -0.2939 10.3381
0.9000 -2.6105 10.8524
1.0000 1.1210 11.9685
#PMF from TI in kcal/mol
0.0000 0.0000
0.1000 -3.6643
0.2000 -4.1675
0.3000 -4.2046
0.4000 -4.2299
0.5000 -4.1724
0.6000 -4.1571
0.7000 -4.1814
0.8000 -4.2014
0.9000 -4.3466
1.0000 -4.4211
#MBAR free energy difference in kcal/mol: 
-3.766672, 0.167193  #WARNING SUBSAMPLING DISABLED, CONSIDER RERUN WITH SUBSAMPLING OPTION
#TI free energy difference in kcal/mol: 
-4.421066  #WARNING SUBSAMPLING DISABLED, CONSIDER RERUN WITH SUBSAMPLING OPTION 
Starting /export/users/common/BioSimSpace/sire.app/bin/analyse_freenrg: number of threads equals 32
