# Analysing data contained in file(s) ['lambda_0.0000/simfile_snipped.dat', 'lambda_0.1000/simfile_snipped.dat', 'lambda_0.2000/simfile_snipped.dat', 'lambda_0.3000/simfile_snipped.dat', 'lambda_0.4000/simfile_snipped.dat', 'lambda_0.5000/simfile_snipped.dat', 'lambda_0.6000/simfile_snipped.dat', 'lambda_0.7000/simfile_snipped.dat', 'lambda_0.8000/simfile_snipped.dat', 'lambda_0.9000/simfile_snipped.dat', 'lambda_1.0000/simfile_snipped.dat']
#Overlap matrix
0.8942 0.1056 0.0002 0.0000 0.0000 0.0000 0.0000 0.0000 0.0000 0.0000 0.0000
0.1056 0.7848 0.1076 0.0019 0.0000 0.0000 0.0000 0.0000 0.0000 0.0000 0.0000
0.0002 0.1076 0.6589 0.2183 0.0146 0.0002 0.0000 0.0000 0.0000 0.0000 0.0000
0.0000 0.0019 0.2183 0.5428 0.2166 0.0197 0.0006 0.0000 0.0000 0.0000 0.0000
0.0000 0.0000 0.0146 0.2166 0.5107 0.2312 0.0261 0.0008 0.0000 0.0000 0.0000
0.0000 0.0000 0.0002 0.0197 0.2312 0.4914 0.2293 0.0271 0.0010 0.0000 0.0000
0.0000 0.0000 0.0000 0.0006 0.0261 0.2293 0.4777 0.2347 0.0308 0.0008 0.0000
0.0000 0.0000 0.0000 0.0000 0.0008 0.0271 0.2347 0.4821 0.2310 0.0240 0.0003
0.0000 0.0000 0.0000 0.0000 0.0000 0.0010 0.0308 0.2310 0.4974 0.2286 0.0111
0.0000 0.0000 0.0000 0.0000 0.0000 0.0000 0.0008 0.0240 0.2286 0.5800 0.1666
0.0000 0.0000 0.0000 0.0000 0.0000 0.0000 0.0000 0.0003 0.0111 0.1666 0.8220
#DG from neighbouring lambda in kcal/mol
0.0000 0.1000 0.7494 0.0787
0.1000 0.2000 -2.2620 0.0768
0.2000 0.3000 -3.8437 0.0434
0.3000 0.4000 -4.1314 0.0409
0.4000 0.5000 -4.2566 0.0370
0.5000 0.6000 -4.2890 0.0362
0.6000 0.7000 -4.3203 0.0349
0.7000 0.8000 -4.1466 0.0358
0.8000 0.9000 -3.4054 0.0388
0.9000 1.0000 -0.3115 0.0549
#PMF from MBAR in kcal/mol
0.0000 0.0000 0.0000
0.1000 0.7494 0.0787
0.2000 -1.5126 0.1172
0.3000 -5.3562 0.1309
0.4000 -9.4877 0.1416
0.5000 -13.7442 0.1504
0.6000 -18.0332 0.1582
0.7000 -22.3535 0.1654
0.8000 -26.5001 0.1723
0.9000 -29.9054 0.1799
1.0000 -30.2169 0.1914
#TI average gradients and standard deviation in kcal/mol
0.0000 18.4298 15.8753
0.1000 -6.8950 17.8021
0.2000 -35.1312 13.8317
0.3000 -40.1283 11.0748
0.4000 -42.7147 11.2685
0.5000 -42.8983 10.6498
0.6000 -43.5646 11.1730
0.7000 -42.4315 10.4082
0.8000 -39.8523 11.0408
0.9000 -24.3029 11.9922
1.0000 30.7047 16.0700
#PMF from TI in kcal/mol
0.0000 0.0000
0.1000 0.5767
0.2000 -1.5246
0.3000 -5.2875
0.4000 -9.4297
0.5000 -13.7103
0.6000 -18.0335
0.7000 -22.3333
0.8000 -26.4475
0.9000 -29.6552
1.0000 -29.3351
#MBAR free energy difference in kcal/mol: 
-30.216950, 0.191443  #WARNING SUBSAMPLING DISABLED, CONSIDER RERUN WITH SUBSAMPLING OPTION
#TI free energy difference in kcal/mol: 
-29.335142  #WARNING SUBSAMPLING DISABLED, CONSIDER RERUN WITH SUBSAMPLING OPTION 
Starting /export/users/common/BioSimSpace/sire.app/bin/analyse_freenrg: number of threads equals 32
