# Analysing data contained in file(s) ['lambda_0.0000/simfile_snipped.dat', 'lambda_0.1000/simfile_snipped.dat', 'lambda_0.2000/simfile_snipped.dat', 'lambda_0.3000/simfile_snipped.dat', 'lambda_0.4000/simfile_snipped.dat', 'lambda_0.5000/simfile_snipped.dat', 'lambda_0.6000/simfile_snipped.dat', 'lambda_0.7000/simfile_snipped.dat', 'lambda_0.8000/simfile_snipped.dat', 'lambda_0.9000/simfile_snipped.dat', 'lambda_1.0000/simfile_snipped.dat']
#Overlap matrix
1.0000 0.0000 0.0000 0.0000 0.0000 0.0000 0.0000 0.0000 0.0000 0.0000 0.0000
0.0000 0.9951 0.0049 0.0000 0.0000 0.0000 0.0000 0.0000 0.0000 0.0000 0.0000
0.0000 0.0049 0.9924 0.0027 0.0000 0.0000 0.0000 0.0000 0.0000 0.0000 0.0000
0.0000 0.0000 0.0027 0.9904 0.0070 0.0000 0.0000 0.0000 0.0000 0.0000 0.0000
0.0000 0.0000 0.0000 0.0070 0.9700 0.0230 0.0000 0.0000 0.0000 0.0000 0.0000
0.0000 0.0000 0.0000 0.0000 0.0230 0.9208 0.0561 0.0000 0.0000 0.0000 0.0000
0.0000 0.0000 0.0000 0.0000 0.0000 0.0561 0.9436 0.0002 0.0000 0.0000 0.0000
0.0000 0.0000 0.0000 0.0000 0.0000 0.0000 0.0002 0.9961 0.0037 0.0000 0.0000
0.0000 0.0000 0.0000 0.0000 0.0000 0.0000 0.0000 0.0037 0.9895 0.0068 0.0000
0.0000 0.0000 0.0000 0.0000 0.0000 0.0000 0.0000 0.0000 0.0068 0.9932 0.0000
0.0000 0.0000 0.0000 0.0000 0.0000 0.0000 0.0000 0.0000 0.0000 0.0000 1.0000
#DG from neighbouring lambda in kcal/mol
0.0000 0.1000 51.7924 0.8875
0.1000 0.2000 21.8992 0.4085
0.2000 0.3000 10.2043 0.5582
0.3000 0.4000 -1.2419 0.3431
0.4000 0.5000 -4.1929 0.1855
0.5000 0.6000 -8.9511 0.1146
0.6000 0.7000 -11.7277 1.8636
0.7000 0.8000 -26.4010 0.4722
0.8000 0.9000 -35.3584 0.3465
0.9000 1.0000 -85.0714 1.3484
#PMF from MBAR in kcal/mol
0.0000 0.0000 0.0000
0.1000 51.7924 0.8875
0.2000 73.6916 0.8103
0.3000 83.8959 0.6947
0.4000 82.6540 0.6654
0.5000 78.4611 0.6624
0.6000 69.5100 0.6637
0.7000 57.7823 1.2644
0.8000 31.3813 1.3128
0.9000 -3.9771 1.3484
1.0000 -89.0485 0.0000
#TI average gradients and standard deviation in kcal/mol
0.0000 232592006.1526 4795621137.8241
0.1000 287.9056 38.5445
0.2000 169.7720 32.3251
0.3000 36.8116 29.0698
0.4000 -58.7463 29.5405
0.5000 -75.3997 26.2761
0.6000 -19.0096 55.8695
0.7000 -188.8252 52.7323
0.8000 -314.0236 31.7493
0.9000 -404.6451 38.6469
1.0000 -8387.7251 223.5632
#PMF from TI in kcal/mol
0.0000 0.0000
0.1000 11629614.7029
0.2000 11629637.5868
0.3000 11629647.9160
0.4000 11629646.8192
0.5000 11629640.1119
0.6000 11629635.3915
0.7000 11629624.9997
0.8000 11629599.8573
0.9000 11629563.9239
1.0000 11629124.3054
#MBAR free energy difference in kcal/mol: 
-89.048534, 0.000000  #WARNING SUBSAMPLING DISABLED, CONSIDER RERUN WITH SUBSAMPLING OPTION
#TI free energy difference in kcal/mol: 
11629124.305350  #WARNING SUBSAMPLING DISABLED, CONSIDER RERUN WITH SUBSAMPLING OPTION 
Starting /export/users/common/BioSimSpace/sire.app/bin/analyse_freenrg: number of threads equals 32
