# Analysing data contained in file(s) ['lambda_0.0000/simfile_snipped.dat', 'lambda_0.1000/simfile_snipped.dat', 'lambda_0.2000/simfile_snipped.dat', 'lambda_0.3000/simfile_snipped.dat', 'lambda_0.4000/simfile_snipped.dat', 'lambda_0.5000/simfile_snipped.dat', 'lambda_0.6000/simfile_snipped.dat', 'lambda_0.7000/simfile_snipped.dat', 'lambda_0.8000/simfile_snipped.dat', 'lambda_0.9000/simfile_snipped.dat', 'lambda_1.0000/simfile_snipped.dat']
#Overlap matrix
1.0000 0.0000 0.0000 0.0000 0.0000 0.0000 0.0000 0.0000 0.0000 0.0000 0.0000
0.0000 0.9671 0.0329 0.0000 0.0000 0.0000 0.0000 0.0000 0.0000 0.0000 0.0000
0.0000 0.0329 0.8454 0.1207 0.0010 0.0000 0.0000 0.0000 0.0000 0.0000 0.0000
0.0000 0.0000 0.1207 0.7102 0.1655 0.0036 0.0000 0.0000 0.0000 0.0000 0.0000
0.0000 0.0000 0.0010 0.1655 0.6509 0.1816 0.0010 0.0000 0.0000 0.0000 0.0000
0.0000 0.0000 0.0000 0.0036 0.1816 0.7380 0.0766 0.0002 0.0000 0.0000 0.0000
0.0000 0.0000 0.0000 0.0000 0.0010 0.0766 0.7678 0.1545 0.0002 0.0000 0.0000
0.0000 0.0000 0.0000 0.0000 0.0000 0.0002 0.1545 0.7560 0.0892 0.0000 0.0000
0.0000 0.0000 0.0000 0.0000 0.0000 0.0000 0.0002 0.0892 0.9032 0.0074 0.0000
0.0000 0.0000 0.0000 0.0000 0.0000 0.0000 0.0000 0.0000 0.0074 0.9926 0.0000
0.0000 0.0000 0.0000 0.0000 0.0000 0.0000 0.0000 0.0000 0.0000 0.0000 1.0000
#DG from neighbouring lambda in kcal/mol
0.0000 0.1000 45.5735 0.1768
0.1000 0.2000 13.0940 0.1535
0.2000 0.3000 8.7966 0.0719
0.3000 0.4000 6.9796 0.0568
0.4000 0.5000 6.0359 0.0529
0.5000 0.6000 4.4025 0.0950
0.6000 0.7000 1.7167 0.0608
0.7000 0.8000 -1.0105 0.0873
0.8000 0.9000 -8.5394 0.3334
0.9000 1.0000 -156.3245 0.3189
#PMF from MBAR in kcal/mol
0.0000 0.0000 0.0000
0.1000 45.5735 0.1768
0.2000 58.6675 0.1080
0.3000 67.4642 0.0890
0.4000 74.4438 0.0799
0.5000 80.4797 0.0766
0.6000 84.8822 0.0838
0.7000 86.5990 0.0938
0.8000 85.5884 0.1181
0.9000 77.0491 0.3189
1.0000 -79.2754 0.0000
#TI average gradients and standard deviation in kcal/mol
0.0000 8738.4169 1034.1681
0.1000 183.0497 34.1483
0.2000 101.8917 17.8889
0.3000 76.9094 14.7467
0.4000 64.5586 12.7647
0.5000 56.9666 12.0257
0.6000 25.1981 15.3416
0.7000 7.0540 17.5251
0.8000 -31.0780 22.3212
0.9000 -171.8329 40.6346
1.0000 -2916.1370 109.1681
#PMF from TI in kcal/mol
0.0000 0.0000
0.1000 446.0733
0.2000 460.3204
0.3000 469.2605
0.4000 476.3339
0.5000 482.4101
0.6000 486.5183
0.7000 488.1309
0.8000 486.9297
0.9000 476.7842
1.0000 322.3857
#MBAR free energy difference in kcal/mol: 
-79.275433, 0.000000  #WARNING SUBSAMPLING DISABLED, CONSIDER RERUN WITH SUBSAMPLING OPTION
#TI free energy difference in kcal/mol: 
322.385703  #WARNING SUBSAMPLING DISABLED, CONSIDER RERUN WITH SUBSAMPLING OPTION 
Starting /export/users/common/BioSimSpace/sire.app/bin/analyse_freenrg: number of threads equals 32
