# Analysing data contained in file(s) ['lambda_0.0000/simfile_snipped.dat', 'lambda_0.1000/simfile_snipped.dat', 'lambda_0.2000/simfile_snipped.dat', 'lambda_0.3000/simfile_snipped.dat', 'lambda_0.4000/simfile_snipped.dat', 'lambda_0.5000/simfile_snipped.dat', 'lambda_0.6000/simfile_snipped.dat', 'lambda_0.7000/simfile_snipped.dat', 'lambda_0.8000/simfile_snipped.dat', 'lambda_0.9000/simfile_snipped.dat', 'lambda_1.0000/simfile_snipped.dat']
#Overlap matrix
0.9026 0.0968 0.0006 0.0000 0.0000 0.0000 0.0000 0.0000 0.0000 0.0000 0.0000
0.0968 0.7384 0.1606 0.0041 0.0000 0.0000 0.0000 0.0000 0.0000 0.0000 0.0000
0.0006 0.1606 0.6365 0.1953 0.0069 0.0000 0.0000 0.0000 0.0000 0.0000 0.0000
0.0000 0.0041 0.1953 0.5971 0.1964 0.0071 0.0000 0.0000 0.0000 0.0000 0.0000
0.0000 0.0000 0.0069 0.1964 0.5924 0.1981 0.0062 0.0000 0.0000 0.0000 0.0000
0.0000 0.0000 0.0000 0.0071 0.1981 0.5992 0.1882 0.0074 0.0000 0.0000 0.0000
0.0000 0.0000 0.0000 0.0000 0.0062 0.1882 0.5987 0.2008 0.0061 0.0000 0.0000
0.0000 0.0000 0.0000 0.0000 0.0000 0.0074 0.2008 0.5960 0.1873 0.0085 0.0001
0.0000 0.0000 0.0000 0.0000 0.0000 0.0000 0.0061 0.1873 0.6409 0.1650 0.0007
0.0000 0.0000 0.0000 0.0000 0.0000 0.0000 0.0000 0.0085 0.1650 0.7986 0.0278
0.0000 0.0000 0.0000 0.0000 0.0000 0.0000 0.0000 0.0001 0.0007 0.0278 0.9714
#DG from neighbouring lambda in kcal/mol
0.0000 0.1000 7.0283 0.0828
0.1000 0.2000 4.0612 0.0580
0.2000 0.3000 2.2244 0.0487
0.3000 0.4000 0.7472 0.0479
0.4000 0.5000 -0.6999 0.0477
0.5000 0.6000 -2.2549 0.0496
0.6000 0.7000 -3.8072 0.0471
0.7000 0.8000 -5.2683 0.0496
0.8000 0.9000 -3.3691 0.0558
0.9000 1.0000 12.5800 0.1656
#PMF from MBAR in kcal/mol
0.0000 0.0000 0.0000
0.1000 7.0283 0.0828
0.2000 11.0895 0.1087
0.3000 13.3139 0.1251
0.4000 14.0612 0.1391
0.5000 13.3612 0.1517
0.6000 11.1063 0.1641
0.7000 7.2991 0.1747
0.8000 2.0307 0.1855
0.9000 -1.3383 0.1970
1.0000 11.2417 0.2600
#TI average gradients and standard deviation in kcal/mol
0.0000 91.8227 19.7538
0.1000 51.6761 15.4382
0.2000 30.7284 13.8220
0.3000 14.4271 12.6879
0.4000 0.2218 13.1400
0.5000 -14.8052 13.8422
0.6000 -29.4717 12.3754
0.7000 -46.5703 12.8912
0.8000 -54.4364 11.9852
0.9000 6.7970 19.6356
1.0000 307.4195 39.3072
#PMF from TI in kcal/mol
0.0000 0.0000
0.1000 7.1749
0.2000 11.2952
0.3000 13.5529
0.4000 14.2854
0.5000 13.5562
0.6000 11.3424
0.7000 7.5403
0.8000 2.4899
0.9000 0.1080
1.0000 15.8188
#MBAR free energy difference in kcal/mol: 
11.241722, 0.260024  #WARNING SUBSAMPLING DISABLED, CONSIDER RERUN WITH SUBSAMPLING OPTION
#TI free energy difference in kcal/mol: 
15.818804  #WARNING SUBSAMPLING DISABLED, CONSIDER RERUN WITH SUBSAMPLING OPTION 
Starting /export/users/common/BioSimSpace/sire.app/bin/analyse_freenrg: number of threads equals 32
