# Analysing data contained in file(s) ['lambda_0.0000/simfile_snipped.dat', 'lambda_0.1000/simfile_snipped.dat', 'lambda_0.2000/simfile_snipped.dat', 'lambda_0.3000/simfile_snipped.dat', 'lambda_0.4000/simfile_snipped.dat', 'lambda_0.5000/simfile_snipped.dat', 'lambda_0.6000/simfile_snipped.dat', 'lambda_0.7000/simfile_snipped.dat', 'lambda_0.8000/simfile_snipped.dat', 'lambda_0.9000/simfile_snipped.dat', 'lambda_1.0000/simfile_snipped.dat']
#Overlap matrix
1.0000 0.0000 0.0000 0.0000 0.0000 0.0000 0.0000 0.0000 0.0000 0.0000 0.0000
0.0000 0.9768 0.0231 0.0000 0.0000 0.0000 0.0000 0.0000 0.0000 0.0000 0.0000
0.0000 0.0231 0.8619 0.1143 0.0006 0.0000 0.0000 0.0000 0.0000 0.0000 0.0000
0.0000 0.0000 0.1143 0.7274 0.1562 0.0021 0.0000 0.0000 0.0000 0.0000 0.0000
0.0000 0.0000 0.0006 0.1562 0.6692 0.1711 0.0028 0.0000 0.0000 0.0000 0.0000
0.0000 0.0000 0.0000 0.0021 0.1711 0.6585 0.1674 0.0010 0.0000 0.0000 0.0000
0.0000 0.0000 0.0000 0.0000 0.0028 0.1674 0.7205 0.1093 0.0000 0.0000 0.0000
0.0000 0.0000 0.0000 0.0000 0.0000 0.0010 0.1093 0.8766 0.0131 0.0000 0.0000
0.0000 0.0000 0.0000 0.0000 0.0000 0.0000 0.0000 0.0131 0.8122 0.1747 0.0000
0.0000 0.0000 0.0000 0.0000 0.0000 0.0000 0.0000 0.0000 0.1747 0.8253 0.0000
0.0000 0.0000 0.0000 0.0000 0.0000 0.0000 0.0000 0.0000 0.0000 0.0000 1.0000
#DG from neighbouring lambda in kcal/mol
0.0000 0.1000 30.7875 0.2015
0.1000 0.2000 -1.2013 0.1849
0.2000 0.3000 -5.3176 0.0746
0.3000 0.4000 -6.8178 0.0597
0.4000 0.5000 -7.4533 0.0553
0.5000 0.6000 -7.3234 0.0565
0.6000 0.7000 -6.1905 0.0766
0.7000 0.8000 -7.1095 0.2477
0.8000 0.9000 -10.3798 0.0556
0.9000 1.0000 -29.3981 0.2195
#PMF from MBAR in kcal/mol
0.0000 0.0000 0.0000
0.1000 30.7875 0.2015
0.2000 29.5862 0.1127
0.3000 24.2686 0.0934
0.4000 17.4508 0.0838
0.5000 9.9975 0.0808
0.6000 2.6741 0.0839
0.7000 -3.5165 0.0975
0.8000 -10.6259 0.2109
0.9000 -21.0057 0.2195
1.0000 -50.4038 0.0000
#TI average gradients and standard deviation in kcal/mol
0.0000 2510.3395 380.4428
0.1000 46.4475 38.0051
0.2000 -41.6831 18.4429
0.3000 -63.1561 16.7367
0.4000 -72.1664 15.2788
0.5000 -75.5720 14.1777
0.6000 -69.5028 15.9632
0.7000 -54.4006 21.5266
0.8000 -101.3219 14.2654
0.9000 -108.7635 18.2868
1.0000 -4639.4715 1409.8011
#PMF from TI in kcal/mol
0.0000 0.0000
0.1000 127.8394
0.2000 128.0776
0.3000 122.8356
0.4000 116.0695
0.5000 108.6826
0.6000 101.4288
0.7000 95.2337
0.8000 87.4475
0.9000 76.9433
1.0000 -160.4685
#MBAR free energy difference in kcal/mol: 
-50.403776, 0.000000  #WARNING SUBSAMPLING DISABLED, CONSIDER RERUN WITH SUBSAMPLING OPTION
#TI free energy difference in kcal/mol: 
-160.468489  #WARNING SUBSAMPLING DISABLED, CONSIDER RERUN WITH SUBSAMPLING OPTION 
Starting /export/users/common/BioSimSpace/sire.app/bin/analyse_freenrg: number of threads equals 32
