# Analysing data contained in file(s) ['lambda_0.0000/simfile_snipped.dat', 'lambda_0.1000/simfile_snipped.dat', 'lambda_0.2000/simfile_snipped.dat', 'lambda_0.3000/simfile_snipped.dat', 'lambda_0.4000/simfile_snipped.dat', 'lambda_0.5000/simfile_snipped.dat', 'lambda_0.6000/simfile_snipped.dat', 'lambda_0.7000/simfile_snipped.dat', 'lambda_0.8000/simfile_snipped.dat', 'lambda_0.9000/simfile_snipped.dat', 'lambda_1.0000/simfile_snipped.dat']
#Overlap matrix
0.9966 0.0034 0.0000 0.0000 0.0000 0.0000 0.0000 0.0000 0.0000 0.0000 0.0000
0.0034 0.9947 0.0019 0.0000 0.0000 0.0000 0.0000 0.0000 0.0000 0.0000 0.0000
0.0000 0.0019 0.9941 0.0040 0.0000 0.0000 0.0000 0.0000 0.0000 0.0000 0.0000
0.0000 0.0000 0.0040 0.9960 0.0000 0.0000 0.0000 0.0000 0.0000 0.0000 0.0000
0.0000 0.0000 0.0000 0.0000 0.9786 0.0214 0.0000 0.0000 0.0000 0.0000 0.0000
0.0000 0.0000 0.0000 0.0000 0.0214 0.9724 0.0062 0.0000 0.0000 0.0000 0.0000
0.0000 0.0000 0.0000 0.0000 0.0000 0.0062 0.9670 0.0267 0.0000 0.0000 0.0000
0.0000 0.0000 0.0000 0.0000 0.0000 0.0000 0.0267 0.9314 0.0419 0.0000 0.0000
0.0000 0.0000 0.0000 0.0000 0.0000 0.0000 0.0000 0.0419 0.8986 0.0595 0.0000
0.0000 0.0000 0.0000 0.0000 0.0000 0.0000 0.0000 0.0000 0.0595 0.8691 0.0714
0.0000 0.0000 0.0000 0.0000 0.0000 0.0000 0.0000 0.0000 0.0000 0.0714 0.9286
#DG from neighbouring lambda in kcal/mol
0.0000 0.1000 -21.9941 0.4921
0.1000 0.2000 -18.9725 0.6674
0.2000 0.3000 -15.6076 0.4514
0.3000 0.4000 -25.5040 525.8567
0.4000 0.5000 -1.0936 0.1928
0.5000 0.6000 -1.2405 0.3623
0.6000 0.7000 -5.3744 0.1715
0.7000 0.8000 -5.9467 0.1348
0.8000 0.9000 -5.0384 0.1109
0.9000 1.0000 -2.9303 0.0998
#PMF from MBAR in kcal/mol
0.0000 0.0000 0.0000
0.1000 -21.9941 0.4921
0.2000 -40.9666 0.8302
0.3000 -56.5743 0.9459
0.4000 -82.0782 525.8575
0.5000 -83.1718 525.8576
0.6000 -84.4123 525.8577
0.7000 -89.7867 525.8577
0.8000 -95.7334 525.8577
0.9000 -100.7717 525.8578
1.0000 -103.7020 525.8578
#TI average gradients and standard deviation in kcal/mol
0.0000 -274.6195 37.1118
0.1000 -192.9841 33.1590
0.2000 -179.8772 39.0826
0.3000 -179.3791 65.9799
0.4000 -85.5953 32.4642
0.5000 17.1250 26.7991
0.6000 -40.8788 27.0719
0.7000 -60.3776 24.6812
0.8000 -57.0049 23.7406
0.9000 -39.4954 19.8300
1.0000 -16.0881 19.9344
#PMF from TI in kcal/mol
0.0000 0.0000
0.1000 -23.3802
0.2000 -42.0232
0.3000 -59.9861
0.4000 -73.2348
0.5000 -76.6583
0.6000 -77.8460
0.7000 -82.9088
0.8000 -88.7779
0.9000 -93.6029
1.0000 -96.3821
#MBAR free energy difference in kcal/mol: 
-103.702018, 525.857771  #WARNING SUBSAMPLING DISABLED, CONSIDER RERUN WITH SUBSAMPLING OPTION
#TI free energy difference in kcal/mol: 
-96.382102  #WARNING SUBSAMPLING DISABLED, CONSIDER RERUN WITH SUBSAMPLING OPTION 
Starting /export/users/common/BioSimSpace/sire.app/bin/analyse_freenrg: number of threads equals 32
