# Analysing data contained in file(s) ['lambda_0.0000/simfile_snipped.dat', 'lambda_0.1000/simfile_snipped.dat', 'lambda_0.2000/simfile_snipped.dat', 'lambda_0.3000/simfile_snipped.dat', 'lambda_0.4000/simfile_snipped.dat', 'lambda_0.5000/simfile_snipped.dat', 'lambda_0.6000/simfile_snipped.dat', 'lambda_0.7000/simfile_snipped.dat', 'lambda_0.8000/simfile_snipped.dat', 'lambda_0.9000/simfile_snipped.dat', 'lambda_1.0000/simfile_snipped.dat']
#Overlap matrix
0.8088 0.1852 0.0060 0.0000 0.0000 0.0000 0.0000 0.0000 0.0000 0.0000 0.0000
0.1852 0.5914 0.2113 0.0120 0.0001 0.0000 0.0000 0.0000 0.0000 0.0000 0.0000
0.0060 0.2113 0.5621 0.2126 0.0080 0.0000 0.0000 0.0000 0.0000 0.0000 0.0000
0.0000 0.0120 0.2126 0.5825 0.1864 0.0064 0.0000 0.0000 0.0000 0.0000 0.0000
0.0000 0.0001 0.0080 0.1864 0.6073 0.1948 0.0034 0.0000 0.0000 0.0000 0.0000
0.0000 0.0000 0.0000 0.0064 0.1948 0.6310 0.1668 0.0008 0.0000 0.0000 0.0000
0.0000 0.0000 0.0000 0.0000 0.0034 0.1668 0.7118 0.1178 0.0002 0.0000 0.0000
0.0000 0.0000 0.0000 0.0000 0.0000 0.0008 0.1178 0.7868 0.0944 0.0001 0.0000
0.0000 0.0000 0.0000 0.0000 0.0000 0.0000 0.0002 0.0944 0.7636 0.1412 0.0006
0.0000 0.0000 0.0000 0.0000 0.0000 0.0000 0.0000 0.0001 0.1412 0.7336 0.1251
0.0000 0.0000 0.0000 0.0000 0.0000 0.0000 0.0000 0.0000 0.0006 0.1251 0.8743
#DG from neighbouring lambda in kcal/mol
0.0000 0.1000 -8.6899 0.0518
0.1000 0.2000 2.9818 0.0444
0.2000 0.3000 5.3495 0.0438
0.3000 0.4000 6.1377 0.0498
0.4000 0.5000 6.7694 0.0490
0.5000 0.6000 7.1617 0.0565
0.6000 0.7000 6.7902 0.0730
0.7000 0.8000 5.7432 0.0843
0.8000 0.9000 4.5086 0.0647
0.9000 1.0000 4.2857 0.0703
#PMF from MBAR in kcal/mol
0.0000 0.0000 0.0000
0.1000 -8.6899 0.0518
0.2000 -5.7081 0.0780
0.3000 -0.3587 0.0964
0.4000 5.7790 0.1148
0.5000 12.5484 0.1303
0.6000 19.7101 0.1472
0.7000 26.5003 0.1691
0.8000 32.2435 0.1932
0.9000 36.7521 0.2077
1.0000 41.0378 0.2229
#TI average gradients and standard deviation in kcal/mol
0.0000 -246.3340 15.7824
0.1000 3.0235 12.8949
0.2000 46.3336 11.4537
0.3000 58.2408 12.4824
0.4000 64.4504 12.9867
0.5000 69.8082 14.7839
0.6000 72.4161 16.3061
0.7000 64.2713 16.5256
0.8000 48.1190 18.3669
0.9000 44.6045 16.0965
1.0000 39.7211 17.9878
#PMF from TI in kcal/mol
0.0000 0.0000
0.1000 -12.1655
0.2000 -9.6977
0.3000 -4.4689
0.4000 1.6656
0.5000 8.3785
0.6000 15.4898
0.7000 22.3241
0.8000 27.9436
0.9000 32.5798
1.0000 36.7961
#MBAR free energy difference in kcal/mol: 
41.037845, 0.222941  #WARNING SUBSAMPLING DISABLED, CONSIDER RERUN WITH SUBSAMPLING OPTION
#TI free energy difference in kcal/mol: 
36.796094  #WARNING SUBSAMPLING DISABLED, CONSIDER RERUN WITH SUBSAMPLING OPTION 
Starting /export/users/common/BioSimSpace/sire.app/bin/analyse_freenrg: number of threads equals 32
