# Analysing data contained in file(s) ['lambda_0.0000/simfile_snipped.dat', 'lambda_0.1000/simfile_snipped.dat', 'lambda_0.2000/simfile_snipped.dat', 'lambda_0.3000/simfile_snipped.dat', 'lambda_0.4000/simfile_snipped.dat', 'lambda_0.5000/simfile_snipped.dat', 'lambda_0.6000/simfile_snipped.dat', 'lambda_0.7000/simfile_snipped.dat', 'lambda_0.8000/simfile_snipped.dat', 'lambda_0.9000/simfile_snipped.dat', 'lambda_1.0000/simfile_snipped.dat']
#Overlap matrix
1.0000 0.0000 0.0000 0.0000 0.0000 0.0000 0.0000 0.0000 0.0000 0.0000 0.0000
0.0000 0.9742 0.0258 0.0000 0.0000 0.0000 0.0000 0.0000 0.0000 0.0000 0.0000
0.0000 0.0258 0.8917 0.0824 0.0001 0.0000 0.0000 0.0000 0.0000 0.0000 0.0000
0.0000 0.0000 0.0824 0.8200 0.0975 0.0002 0.0000 0.0000 0.0000 0.0000 0.0000
0.0000 0.0000 0.0001 0.0975 0.7911 0.1110 0.0004 0.0000 0.0000 0.0000 0.0000
0.0000 0.0000 0.0000 0.0002 0.1110 0.7737 0.1147 0.0003 0.0000 0.0000 0.0000
0.0000 0.0000 0.0000 0.0000 0.0004 0.1147 0.7673 0.1175 0.0002 0.0000 0.0000
0.0000 0.0000 0.0000 0.0000 0.0000 0.0003 0.1175 0.7968 0.0853 0.0000 0.0000
0.0000 0.0000 0.0000 0.0000 0.0000 0.0000 0.0002 0.0853 0.8671 0.0474 0.0000
0.0000 0.0000 0.0000 0.0000 0.0000 0.0000 0.0000 0.0000 0.0474 0.9526 0.0000
0.0000 0.0000 0.0000 0.0000 0.0000 0.0000 0.0000 0.0000 0.0000 0.0000 1.0000
#DG from neighbouring lambda in kcal/mol
0.0000 0.1000 68.6403 0.1992
0.1000 0.2000 1.4599 0.1745
0.2000 0.3000 -5.2189 0.0917
0.3000 0.4000 -10.1957 0.0827
0.4000 0.5000 -14.8382 0.0761
0.5000 0.6000 -19.3025 0.0744
0.6000 0.7000 -23.9627 0.0733
0.7000 0.8000 -29.2385 0.0897
0.8000 0.9000 -36.2219 0.1259
0.9000 1.0000 -140.7852 0.1660
#PMF from MBAR in kcal/mol
0.0000 0.0000 0.0000
0.1000 68.6403 0.1992
0.2000 70.1002 0.1212
0.3000 64.8813 0.0954
0.4000 54.6855 0.0793
0.5000 39.8473 0.0739
0.6000 20.5448 0.0791
0.7000 -3.4179 0.0927
0.8000 -32.6564 0.1182
0.9000 -68.8783 0.1660
1.0000 -209.6635 0.0000
#TI average gradients and standard deviation in kcal/mol
0.0000 3023.2110 358.0285
0.1000 73.4830 33.1138
0.2000 -25.0296 20.8018
0.3000 -77.1614 18.5113
0.4000 -125.3477 17.1948
0.5000 -170.2732 15.9857
0.6000 -215.9283 16.0425
0.7000 -263.6405 16.5459
0.8000 -323.5788 18.6923
0.9000 -412.1714 27.4412
1.0000 -3117.2991 109.0593
#PMF from TI in kcal/mol
0.0000 0.0000
0.1000 154.8347
0.2000 157.2574
0.3000 152.1478
0.4000 142.0224
0.5000 127.2413
0.6000 107.9312
0.7000 83.9528
0.8000 54.5918
0.9000 17.8043
1.0000 -158.6692
#MBAR free energy difference in kcal/mol: 
-209.663493, 0.000000  #WARNING SUBSAMPLING DISABLED, CONSIDER RERUN WITH SUBSAMPLING OPTION
#TI free energy difference in kcal/mol: 
-158.669194  #WARNING SUBSAMPLING DISABLED, CONSIDER RERUN WITH SUBSAMPLING OPTION 
Starting /export/users/common/BioSimSpace/sire.app/bin/analyse_freenrg: number of threads equals 32
