# Analysing data contained in file(s) ['lambda_0.0000/simfile_snipped.dat', 'lambda_0.1000/simfile_snipped.dat', 'lambda_0.2000/simfile_snipped.dat', 'lambda_0.3000/simfile_snipped.dat', 'lambda_0.4000/simfile_snipped.dat', 'lambda_0.5000/simfile_snipped.dat', 'lambda_0.6000/simfile_snipped.dat', 'lambda_0.7000/simfile_snipped.dat', 'lambda_0.8000/simfile_snipped.dat', 'lambda_0.9000/simfile_snipped.dat', 'lambda_1.0000/simfile_snipped.dat']
#Overlap matrix
0.9545 0.0455 0.0000 0.0000 0.0000 0.0000 0.0000 0.0000 0.0000 0.0000 0.0000
0.0455 0.8765 0.0780 0.0000 0.0000 0.0000 0.0000 0.0000 0.0000 0.0000 0.0000
0.0000 0.0780 0.8453 0.0766 0.0000 0.0000 0.0000 0.0000 0.0000 0.0000 0.0000
0.0000 0.0000 0.0766 0.8320 0.0913 0.0000 0.0000 0.0000 0.0000 0.0000 0.0000
0.0000 0.0000 0.0000 0.0913 0.8190 0.0897 0.0000 0.0000 0.0000 0.0000 0.0000
0.0000 0.0000 0.0000 0.0000 0.0897 0.8153 0.0949 0.0001 0.0000 0.0000 0.0000
0.0000 0.0000 0.0000 0.0000 0.0000 0.0949 0.8102 0.0948 0.0000 0.0000 0.0000
0.0000 0.0000 0.0000 0.0000 0.0000 0.0001 0.0948 0.8322 0.0729 0.0000 0.0000
0.0000 0.0000 0.0000 0.0000 0.0000 0.0000 0.0000 0.0729 0.8869 0.0401 0.0000
0.0000 0.0000 0.0000 0.0000 0.0000 0.0000 0.0000 0.0000 0.0401 0.9571 0.0028
0.0000 0.0000 0.0000 0.0000 0.0000 0.0000 0.0000 0.0000 0.0000 0.0028 0.9972
#DG from neighbouring lambda in kcal/mol
0.0000 0.1000 6.8672 0.1289
0.1000 0.2000 4.6727 0.0947
0.2000 0.3000 3.1941 0.0957
0.3000 0.4000 1.4621 0.0862
0.4000 0.5000 -0.2090 0.0871
0.5000 0.6000 -2.0437 0.0841
0.6000 0.7000 -3.2806 0.0842
0.7000 0.8000 -3.8129 0.0986
0.8000 0.9000 -1.2354 0.1380
0.9000 1.0000 8.9366 0.5455
#PMF from MBAR in kcal/mol
0.0000 0.0000 0.0000
0.1000 6.8672 0.1289
0.2000 11.5399 0.1650
0.3000 14.7341 0.1951
0.4000 16.1962 0.2171
0.5000 15.9872 0.2374
0.6000 13.9435 0.2552
0.7000 10.6629 0.2717
0.8000 6.8500 0.2919
0.9000 5.6146 0.3254
1.0000 14.5513 0.6365
#TI average gradients and standard deviation in kcal/mol
0.0000 89.0168 77.1799
0.1000 54.8680 21.9843
0.2000 40.4242 18.9710
0.3000 22.7331 19.0277
0.4000 6.3547 18.5245
0.5000 -11.5335 19.8904
0.6000 -27.5116 18.6696
0.7000 -35.7758 19.1415
0.8000 -33.3685 19.3409
0.9000 22.3666 25.9088
1.0000 184.1762 39.6241
#PMF from TI in kcal/mol
0.0000 0.0000
0.1000 7.1942
0.2000 11.9589
0.3000 15.1167
0.4000 16.5711
0.5000 16.3122
0.6000 14.3599
0.7000 11.1955
0.8000 7.7383
0.9000 7.1882
1.0000 17.5154
#MBAR free energy difference in kcal/mol: 
14.551268, 0.636469  #WARNING SUBSAMPLING DISABLED, CONSIDER RERUN WITH SUBSAMPLING OPTION
#TI free energy difference in kcal/mol: 
17.515376  #WARNING SUBSAMPLING DISABLED, CONSIDER RERUN WITH SUBSAMPLING OPTION 
Starting /export/users/common/BioSimSpace/sire.app/bin/analyse_freenrg: number of threads equals 32
