# Analysing data contained in file(s) ['lambda_0.0000/simfile_snipped.dat', 'lambda_0.1000/simfile_snipped.dat', 'lambda_0.2000/simfile_snipped.dat', 'lambda_0.3000/simfile_snipped.dat', 'lambda_0.4000/simfile_snipped.dat', 'lambda_0.5000/simfile_snipped.dat', 'lambda_0.6000/simfile_snipped.dat', 'lambda_0.7000/simfile_snipped.dat', 'lambda_0.8000/simfile_snipped.dat', 'lambda_0.9000/simfile_snipped.dat', 'lambda_1.0000/simfile_snipped.dat']
#Overlap matrix
1.0000 0.0000 0.0000 0.0000 0.0000 0.0000 0.0000 0.0000 0.0000 0.0000 0.0000
0.0000 0.9994 0.0006 0.0000 0.0000 0.0000 0.0000 0.0000 0.0000 0.0000 0.0000
0.0000 0.0006 0.9856 0.0137 0.0000 0.0000 0.0000 0.0000 0.0000 0.0000 0.0000
0.0000 0.0000 0.0137 0.9544 0.0319 0.0000 0.0000 0.0000 0.0000 0.0000 0.0000
0.0000 0.0000 0.0000 0.0319 0.8846 0.0835 0.0000 0.0000 0.0000 0.0000 0.0000
0.0000 0.0000 0.0000 0.0000 0.0835 0.8554 0.0610 0.0000 0.0000 0.0000 0.0000
0.0000 0.0000 0.0000 0.0000 0.0000 0.0610 0.8821 0.0568 0.0000 0.0000 0.0000
0.0000 0.0000 0.0000 0.0000 0.0000 0.0000 0.0568 0.8920 0.0512 0.0000 0.0000
0.0000 0.0000 0.0000 0.0000 0.0000 0.0000 0.0000 0.0512 0.9458 0.0029 0.0000
0.0000 0.0000 0.0000 0.0000 0.0000 0.0000 0.0000 0.0000 0.0029 0.9971 0.0000
0.0000 0.0000 0.0000 0.0000 0.0000 0.0000 0.0000 0.0000 0.0000 0.0000 1.0000
#DG from neighbouring lambda in kcal/mol
0.0000 0.1000 39.1135 1.0382
0.1000 0.2000 11.0877 1.1347
0.2000 0.3000 5.0767 0.2426
0.3000 0.4000 2.7345 0.1562
0.4000 0.5000 1.6528 0.0910
0.5000 0.6000 0.5561 0.1093
0.6000 0.7000 -1.6958 0.1138
0.7000 0.8000 -4.7028 0.1206
0.8000 0.9000 -12.1286 0.5306
0.9000 1.0000 -187.3333 0.5170
#PMF from MBAR in kcal/mol
0.0000 0.0000 0.0000
0.1000 39.1135 1.0382
0.2000 50.2012 0.2739
0.3000 55.2779 0.2035
0.4000 58.0124 0.1809
0.5000 59.6652 0.1779
0.6000 60.2212 0.1821
0.7000 58.5254 0.1950
0.8000 53.8226 0.2168
0.9000 41.6940 0.5170
1.0000 -145.6393 0.0000
#TI average gradients and standard deviation in kcal/mol
0.0000 2565.4189 1358.5066
0.1000 183.2246 47.3140
0.2000 68.8268 29.7452
0.3000 35.6092 24.0999
0.4000 17.3319 22.7956
0.5000 15.5578 20.7586
0.6000 -5.1883 21.8877
0.7000 -31.1674 22.2737
0.8000 -67.4461 24.0711
0.9000 -209.9707 41.4184
1.0000 -2270.0178 84.3826
#PMF from TI in kcal/mol
0.0000 0.0000
0.1000 137.4322
0.2000 150.0347
0.3000 155.2565
0.4000 157.9036
0.5000 159.5481
0.6000 160.0666
0.7000 158.2488
0.8000 153.3181
0.9000 139.4473
1.0000 15.4478
#MBAR free energy difference in kcal/mol: 
-145.639270, 0.000000  #WARNING SUBSAMPLING DISABLED, CONSIDER RERUN WITH SUBSAMPLING OPTION
#TI free energy difference in kcal/mol: 
15.447832  #WARNING SUBSAMPLING DISABLED, CONSIDER RERUN WITH SUBSAMPLING OPTION 
Starting /export/users/common/BioSimSpace/sire.app/bin/analyse_freenrg: number of threads equals 32
