# Analysing data contained in file(s) ['lambda_0.0000/simfile_snipped.dat', 'lambda_0.1000/simfile_snipped.dat', 'lambda_0.2000/simfile_snipped.dat', 'lambda_0.3000/simfile_snipped.dat', 'lambda_0.4000/simfile_snipped.dat', 'lambda_0.5000/simfile_snipped.dat', 'lambda_0.6000/simfile_snipped.dat', 'lambda_0.7000/simfile_snipped.dat', 'lambda_0.8000/simfile_snipped.dat', 'lambda_0.9000/simfile_snipped.dat', 'lambda_1.0000/simfile_snipped.dat']
#Overlap matrix
1.0000 0.0000 0.0000 0.0000 0.0000 0.0000 0.0000 0.0000 0.0000 0.0000 0.0000
0.0000 0.8646 0.1343 0.0011 0.0000 0.0000 0.0000 0.0000 0.0000 0.0000 0.0000
0.0000 0.1343 0.7101 0.1538 0.0018 0.0000 0.0000 0.0000 0.0000 0.0000 0.0000
0.0000 0.0011 0.1538 0.6817 0.1620 0.0014 0.0000 0.0000 0.0000 0.0000 0.0000
0.0000 0.0000 0.0018 0.1620 0.6923 0.1429 0.0010 0.0000 0.0000 0.0000 0.0000
0.0000 0.0000 0.0000 0.0014 0.1429 0.7147 0.1408 0.0003 0.0000 0.0000 0.0000
0.0000 0.0000 0.0000 0.0000 0.0010 0.1408 0.7511 0.1071 0.0000 0.0000 0.0000
0.0000 0.0000 0.0000 0.0000 0.0000 0.0003 0.1071 0.8196 0.0731 0.0000 0.0000
0.0000 0.0000 0.0000 0.0000 0.0000 0.0000 0.0000 0.0731 0.9182 0.0087 0.0000
0.0000 0.0000 0.0000 0.0000 0.0000 0.0000 0.0000 0.0000 0.0087 0.9913 0.0000
0.0000 0.0000 0.0000 0.0000 0.0000 0.0000 0.0000 0.0000 0.0000 0.0000 1.0000
#DG from neighbouring lambda in kcal/mol
0.0000 0.1000 30.2400 0.1220
0.1000 0.2000 8.5610 0.0669
0.2000 0.3000 7.3082 0.0603
0.3000 0.4000 6.2919 0.0580
0.4000 0.5000 5.1324 0.0637
0.5000 0.6000 3.8103 0.0647
0.6000 0.7000 1.6918 0.0779
0.7000 0.8000 -1.7672 0.0985
0.8000 0.9000 -9.0322 0.3066
0.9000 1.0000 -126.9213 0.2982
#PMF from MBAR in kcal/mol
0.0000 0.0000 0.0000
0.1000 30.2400 0.1220
0.2000 38.8009 0.1009
0.3000 46.1091 0.0855
0.4000 52.4010 0.0752
0.5000 57.5334 0.0709
0.6000 61.3437 0.0752
0.7000 63.0355 0.0906
0.8000 61.2683 0.1205
0.9000 52.2361 0.2982
1.0000 -74.6852 0.0000
#TI average gradients and standard deviation in kcal/mol
0.0000 3086.9301 354.0275
0.1000 94.1446 17.1053
0.2000 78.5584 14.9978
0.3000 67.7895 14.7090
0.4000 57.9623 14.5473
0.5000 44.3158 14.6338
0.6000 29.2616 16.9007
0.7000 1.5086 19.8711
0.8000 -38.7426 22.7516
0.9000 -161.8392 37.6210
1.0000 -3096.1294 334.0103
#PMF from TI in kcal/mol
0.0000 0.0000
0.1000 159.0537
0.2000 167.6889
0.3000 175.0063
0.4000 181.2939
0.5000 186.4078
0.6000 190.0867
0.7000 191.6252
0.8000 189.7635
0.9000 179.7344
1.0000 16.8359
#MBAR free energy difference in kcal/mol: 
-74.685202, 0.000000  #WARNING SUBSAMPLING DISABLED, CONSIDER RERUN WITH SUBSAMPLING OPTION
#TI free energy difference in kcal/mol: 
16.835942  #WARNING SUBSAMPLING DISABLED, CONSIDER RERUN WITH SUBSAMPLING OPTION 
Starting /export/users/common/BioSimSpace/sire.app/bin/analyse_freenrg: number of threads equals 32
