# Analysing data contained in file(s) ['lambda_0.0000/simfile_snipped.dat', 'lambda_0.1000/simfile_snipped.dat', 'lambda_0.2000/simfile_snipped.dat', 'lambda_0.3000/simfile_snipped.dat', 'lambda_0.4000/simfile_snipped.dat', 'lambda_0.5000/simfile_snipped.dat', 'lambda_0.6000/simfile_snipped.dat', 'lambda_0.7000/simfile_snipped.dat', 'lambda_0.8000/simfile_snipped.dat', 'lambda_0.9000/simfile_snipped.dat', 'lambda_1.0000/simfile_snipped.dat']
#Overlap matrix
0.9536 0.0461 0.0002 0.0000 0.0000 0.0000 0.0000 0.0000 0.0000 0.0000 0.0000
0.0461 0.7696 0.1799 0.0043 0.0000 0.0000 0.0000 0.0000 0.0000 0.0000 0.0000
0.0002 0.1799 0.6325 0.1824 0.0050 0.0000 0.0000 0.0000 0.0000 0.0000 0.0000
0.0000 0.0043 0.1824 0.6243 0.1832 0.0057 0.0000 0.0000 0.0000 0.0000 0.0000
0.0000 0.0000 0.0050 0.1832 0.6109 0.1951 0.0058 0.0000 0.0000 0.0000 0.0000
0.0000 0.0000 0.0000 0.0057 0.1951 0.5989 0.1938 0.0064 0.0000 0.0000 0.0000
0.0000 0.0000 0.0000 0.0000 0.0058 0.1938 0.6046 0.1878 0.0078 0.0000 0.0000
0.0000 0.0000 0.0000 0.0000 0.0000 0.0064 0.1878 0.5845 0.2124 0.0088 0.0000
0.0000 0.0000 0.0000 0.0000 0.0000 0.0000 0.0078 0.2124 0.5763 0.1960 0.0074
0.0000 0.0000 0.0000 0.0000 0.0000 0.0000 0.0000 0.0088 0.1960 0.5935 0.2017
0.0000 0.0000 0.0000 0.0000 0.0000 0.0000 0.0000 0.0000 0.0074 0.2017 0.7908
#DG from neighbouring lambda in kcal/mol
0.0000 0.1000 6.8639 0.1275
0.1000 0.2000 4.2751 0.0533
0.2000 0.3000 3.5564 0.0517
0.3000 0.4000 2.9976 0.0513
0.4000 0.5000 2.6207 0.0486
0.5000 0.6000 2.3853 0.0487
0.6000 0.7000 2.3119 0.0496
0.7000 0.8000 2.5450 0.0444
0.8000 0.9000 3.2099 0.0476
0.9000 1.0000 4.9171 0.0481
#PMF from MBAR in kcal/mol
0.0000 0.0000 0.0000
0.1000 6.8639 0.1275
0.2000 11.1389 0.1439
0.3000 14.6953 0.1576
0.4000 17.6930 0.1700
0.5000 20.3137 0.1808
0.6000 22.6990 0.1911
0.7000 25.0109 0.2009
0.8000 27.5558 0.2091
0.9000 30.7657 0.2176
1.0000 35.6828 0.2260
#TI average gradients and standard deviation in kcal/mol
0.0000 99.0817 20.3416
0.1000 47.7258 14.4965
0.2000 38.9752 13.4030
0.3000 32.4523 12.8398
0.4000 27.7848 13.0528
0.5000 24.5360 12.9026
0.6000 23.1876 13.1443
0.7000 23.3280 13.0822
0.8000 28.4277 12.1660
0.9000 37.1023 12.8484
1.0000 67.6340 13.5221
#PMF from TI in kcal/mol
0.0000 0.0000
0.1000 7.3404
0.2000 11.6754
0.3000 15.2468
0.4000 18.2586
0.5000 20.8747
0.6000 23.2609
0.7000 25.5866
0.8000 28.1744
0.9000 31.4509
1.0000 36.6877
#MBAR free energy difference in kcal/mol: 
35.682793, 0.225988  #WARNING SUBSAMPLING DISABLED, CONSIDER RERUN WITH SUBSAMPLING OPTION
#TI free energy difference in kcal/mol: 
36.687739  #WARNING SUBSAMPLING DISABLED, CONSIDER RERUN WITH SUBSAMPLING OPTION 
Starting /export/users/common/BioSimSpace/sire.app/bin/analyse_freenrg: number of threads equals 32
