# Analysing data contained in file(s) ['lambda_0.0000/simfile_snipped.dat', 'lambda_0.1000/simfile_snipped.dat', 'lambda_0.2000/simfile_snipped.dat', 'lambda_0.3000/simfile_snipped.dat', 'lambda_0.4000/simfile_snipped.dat', 'lambda_0.5000/simfile_snipped.dat', 'lambda_0.6000/simfile_snipped.dat', 'lambda_0.7000/simfile_snipped.dat', 'lambda_0.8000/simfile_snipped.dat', 'lambda_0.9000/simfile_snipped.dat', 'lambda_1.0000/simfile_snipped.dat']
#Overlap matrix
1.0000 0.0000 0.0000 0.0000 0.0000 0.0000 0.0000 0.0000 0.0000 0.0000 0.0000
0.0000 0.9746 0.0253 0.0000 0.0000 0.0000 0.0000 0.0000 0.0000 0.0000 0.0000
0.0000 0.0253 0.8566 0.1177 0.0003 0.0000 0.0000 0.0000 0.0000 0.0000 0.0000
0.0000 0.0000 0.1177 0.8047 0.0776 0.0000 0.0000 0.0000 0.0000 0.0000 0.0000
0.0000 0.0000 0.0003 0.0776 0.9114 0.0106 0.0000 0.0000 0.0000 0.0000 0.0000
0.0000 0.0000 0.0000 0.0000 0.0106 0.8603 0.1281 0.0010 0.0000 0.0000 0.0000
0.0000 0.0000 0.0000 0.0000 0.0000 0.1281 0.7479 0.1240 0.0000 0.0000 0.0000
0.0000 0.0000 0.0000 0.0000 0.0000 0.0010 0.1240 0.8709 0.0041 0.0000 0.0000
0.0000 0.0000 0.0000 0.0000 0.0000 0.0000 0.0000 0.0041 0.9956 0.0003 0.0000
0.0000 0.0000 0.0000 0.0000 0.0000 0.0000 0.0000 0.0000 0.0003 0.9997 0.0000
0.0000 0.0000 0.0000 0.0000 0.0000 0.0000 0.0000 0.0000 0.0000 0.0000 1.0000
#DG from neighbouring lambda in kcal/mol
0.0000 0.1000 47.6333 0.3205
0.1000 0.2000 14.4970 0.1763
0.2000 0.3000 8.0782 0.0733
0.3000 0.4000 5.7717 0.0948
0.4000 0.5000 3.2180 0.2761
0.5000 0.6000 -1.0461 0.0691
0.6000 0.7000 -1.5447 0.0706
0.7000 0.8000 -3.2207 0.4495
0.8000 0.9000 -10.7858 1.6225
0.9000 1.0000 -122.2045 1.4920
#PMF from MBAR in kcal/mol
0.0000 0.0000 0.0000
0.1000 47.6333 0.3205
0.2000 62.1302 0.2779
0.3000 70.2084 0.2709
0.4000 75.9801 0.2642
0.5000 79.1981 0.2473
0.6000 78.1520 0.2488
0.7000 76.6074 0.2531
0.8000 73.3866 0.4210
0.9000 62.6008 1.4920
1.0000 -59.6037 0.0000
#TI average gradients and standard deviation in kcal/mol
0.0000 13689.3743 153603.8263
0.1000 200.8197 33.1570
0.2000 102.7602 21.0869
0.3000 69.0143 17.6882
0.4000 52.0479 19.1904
0.5000 -3.6164 16.3014
0.6000 -18.6469 16.4034
0.7000 -1.6524 32.2717
0.8000 -63.2047 37.0630
0.9000 -189.6175 55.1007
1.0000 -2492.0547 113.3912
#PMF from TI in kcal/mol
0.0000 0.0000
0.1000 694.5097
0.2000 709.6887
0.3000 718.2774
0.4000 724.3305
0.5000 726.7521
0.6000 725.6389
0.7000 724.6240
0.8000 721.3811
0.9000 708.7400
1.0000 574.6564
#MBAR free energy difference in kcal/mol: 
-59.603654, 0.000000  #WARNING SUBSAMPLING DISABLED, CONSIDER RERUN WITH SUBSAMPLING OPTION
#TI free energy difference in kcal/mol: 
574.656390  #WARNING SUBSAMPLING DISABLED, CONSIDER RERUN WITH SUBSAMPLING OPTION 
Starting /export/users/common/BioSimSpace/sire.app/bin/analyse_freenrg: number of threads equals 32
