# Analysing data contained in file(s) ['lambda_0.0000/simfile_snipped.dat', 'lambda_0.1000/simfile_snipped.dat', 'lambda_0.2000/simfile_snipped.dat', 'lambda_0.3000/simfile_snipped.dat', 'lambda_0.4000/simfile_snipped.dat', 'lambda_0.5000/simfile_snipped.dat', 'lambda_0.6000/simfile_snipped.dat', 'lambda_0.7000/simfile_snipped.dat', 'lambda_0.8000/simfile_snipped.dat', 'lambda_0.9000/simfile_snipped.dat', 'lambda_1.0000/simfile_snipped.dat']
#Overlap matrix
0.9342 0.0658 0.0000 0.0000 0.0000 0.0000 0.0000 0.0000 0.0000 0.0000 0.0000
0.0658 0.8545 0.0797 0.0000 0.0000 0.0000 0.0000 0.0000 0.0000 0.0000 0.0000
0.0000 0.0797 0.8335 0.0867 0.0001 0.0000 0.0000 0.0000 0.0000 0.0000 0.0000
0.0000 0.0000 0.0867 0.8018 0.1113 0.0002 0.0000 0.0000 0.0000 0.0000 0.0000
0.0000 0.0000 0.0001 0.1113 0.7772 0.1109 0.0005 0.0000 0.0000 0.0000 0.0000
0.0000 0.0000 0.0000 0.0002 0.1109 0.7496 0.1386 0.0007 0.0000 0.0000 0.0000
0.0000 0.0000 0.0000 0.0000 0.0005 0.1386 0.7193 0.1400 0.0016 0.0000 0.0000
0.0000 0.0000 0.0000 0.0000 0.0000 0.0007 0.1400 0.7011 0.1562 0.0020 0.0000
0.0000 0.0000 0.0000 0.0000 0.0000 0.0000 0.0016 0.1562 0.6742 0.1637 0.0043
0.0000 0.0000 0.0000 0.0000 0.0000 0.0000 0.0000 0.0020 0.1637 0.6609 0.1734
0.0000 0.0000 0.0000 0.0000 0.0000 0.0000 0.0000 0.0000 0.0043 0.1734 0.8223
#DG from neighbouring lambda in kcal/mol
0.0000 0.1000 -0.0777 0.1047
0.1000 0.2000 -0.4215 0.0936
0.2000 0.3000 -0.6857 0.0889
0.3000 0.4000 -0.5341 0.0760
0.4000 0.5000 -0.5998 0.0761
0.5000 0.6000 -0.5118 0.0654
0.6000 0.7000 -0.5498 0.0646
0.7000 0.8000 -0.3334 0.0595
0.8000 0.9000 0.1658 0.0568
0.9000 1.0000 2.4924 0.0549
#PMF from MBAR in kcal/mol
0.0000 0.0000 0.0000
0.1000 -0.0777 0.1047
0.2000 -0.4993 0.1462
0.3000 -1.1850 0.1758
0.4000 -1.7191 0.1958
0.5000 -2.3189 0.2139
0.6000 -2.8307 0.2272
0.7000 -3.3805 0.2396
0.8000 -3.7139 0.2500
0.9000 -3.5481 0.2593
1.0000 -1.0557 0.2678
#TI average gradients and standard deviation in kcal/mol
0.0000 4.6340 22.9174
0.1000 -2.3713 18.6919
0.2000 -5.6326 18.6384
0.3000 -6.8519 17.1598
0.4000 -5.0424 17.4667
0.5000 -6.3182 15.8793
0.6000 -4.8152 16.4475
0.7000 -4.5269 14.1667
0.8000 -2.1125 14.1691
0.9000 8.4085 13.3386
1.0000 48.6622 13.9110
#PMF from TI in kcal/mol
0.0000 0.0000
0.1000 0.1131
0.2000 -0.2871
0.3000 -0.9113
0.4000 -1.5060
0.5000 -2.0740
0.6000 -2.6307
0.7000 -3.0978
0.8000 -3.4298
0.9000 -3.1150
1.0000 -0.2614
#MBAR free energy difference in kcal/mol: 
-1.055681, 0.267760  #WARNING SUBSAMPLING DISABLED, CONSIDER RERUN WITH SUBSAMPLING OPTION
#TI free energy difference in kcal/mol: 
-0.261440  #WARNING SUBSAMPLING DISABLED, CONSIDER RERUN WITH SUBSAMPLING OPTION 
Starting /export/users/common/BioSimSpace/sire.app/bin/analyse_freenrg: number of threads equals 32
