# Analysing data contained in file(s) ['lambda_0.0000/simfile_snipped.dat', 'lambda_0.1000/simfile_snipped.dat', 'lambda_0.2000/simfile_snipped.dat', 'lambda_0.3000/simfile_snipped.dat', 'lambda_0.4000/simfile_snipped.dat', 'lambda_0.5000/simfile_snipped.dat', 'lambda_0.6000/simfile_snipped.dat', 'lambda_0.7000/simfile_snipped.dat', 'lambda_0.8000/simfile_snipped.dat', 'lambda_0.9000/simfile_snipped.dat', 'lambda_1.0000/simfile_snipped.dat']
#Overlap matrix
0.6789 0.2670 0.0496 0.0044 0.0002 0.0000 0.0000 0.0000 0.0000 0.0000 0.0000
0.2670 0.4217 0.2435 0.0615 0.0061 0.0002 0.0000 0.0000 0.0000 0.0000 0.0000
0.0496 0.2435 0.3919 0.2487 0.0610 0.0052 0.0002 0.0000 0.0000 0.0000 0.0000
0.0044 0.0615 0.2487 0.3883 0.2388 0.0536 0.0047 0.0002 0.0000 0.0000 0.0000
0.0002 0.0061 0.0610 0.2388 0.3914 0.2424 0.0553 0.0047 0.0001 0.0000 0.0000
0.0000 0.0002 0.0052 0.0536 0.2424 0.3977 0.2409 0.0561 0.0040 0.0001 0.0000
0.0000 0.0000 0.0002 0.0047 0.0553 0.2409 0.4004 0.2498 0.0464 0.0022 0.0000
0.0000 0.0000 0.0000 0.0002 0.0047 0.0561 0.2498 0.4144 0.2361 0.0380 0.0008
0.0000 0.0000 0.0000 0.0000 0.0001 0.0040 0.0464 0.2361 0.4519 0.2423 0.0191
0.0000 0.0000 0.0000 0.0000 0.0000 0.0001 0.0022 0.0380 0.2423 0.5146 0.2028
0.0000 0.0000 0.0000 0.0000 0.0000 0.0000 0.0000 0.0008 0.0191 0.2028 0.7773
#DG from neighbouring lambda in kcal/mol
0.0000 0.1000 -4.7620 0.0315
0.1000 0.2000 -2.4536 0.0276
0.2000 0.3000 -0.9134 0.0255
0.3000 0.4000 0.3631 0.0273
0.4000 0.5000 1.4987 0.0275
0.5000 0.6000 2.6490 0.0276
0.6000 0.7000 3.8022 0.0275
0.7000 0.8000 4.8416 0.0313
0.8000 0.9000 5.7407 0.0339
0.9000 1.0000 6.2318 0.0457
#PMF from MBAR in kcal/mol
0.0000 0.0000 0.0000
0.1000 -4.7620 0.0315
0.2000 -7.2156 0.0511
0.3000 -8.1290 0.0640
0.4000 -7.7658 0.0754
0.5000 -6.2672 0.0857
0.6000 -3.6182 0.0948
0.7000 0.1840 0.1030
0.8000 5.0256 0.1120
0.9000 10.7664 0.1213
1.0000 16.9982 0.1342
#TI average gradients and standard deviation in kcal/mol
0.0000 -65.0315 9.7614
0.1000 -34.0622 8.7796
0.2000 -15.9285 8.0066
0.3000 -2.8547 8.0290
0.4000 9.4866 8.8012
0.5000 20.6849 8.7815
0.6000 32.1313 8.3786
0.7000 44.0431 8.9398
0.8000 53.2587 8.7722
0.9000 60.4412 10.7329
1.0000 61.8747 14.3648
#PMF from TI in kcal/mol
0.0000 0.0000
0.1000 -4.9547
0.2000 -7.4542
0.3000 -8.3934
0.4000 -8.0618
0.5000 -6.5532
0.6000 -3.9124
0.7000 -0.1037
0.8000 4.7614
0.9000 10.4464
1.0000 16.5622
#MBAR free energy difference in kcal/mol: 
16.998224, 0.134176  #WARNING SUBSAMPLING DISABLED, CONSIDER RERUN WITH SUBSAMPLING OPTION
#TI free energy difference in kcal/mol: 
16.562194  #WARNING SUBSAMPLING DISABLED, CONSIDER RERUN WITH SUBSAMPLING OPTION 
Starting /export/users/common/BioSimSpace/sire.app/bin/analyse_freenrg: number of threads equals 32
