# Analysing data contained in file(s) ['lambda_0.0000/simfile_snipped.dat', 'lambda_0.1000/simfile_snipped.dat', 'lambda_0.2000/simfile_snipped.dat', 'lambda_0.3000/simfile_snipped.dat', 'lambda_0.4000/simfile_snipped.dat', 'lambda_0.5000/simfile_snipped.dat', 'lambda_0.6000/simfile_snipped.dat', 'lambda_0.7000/simfile_snipped.dat', 'lambda_0.8000/simfile_snipped.dat', 'lambda_0.9000/simfile_snipped.dat', 'lambda_1.0000/simfile_snipped.dat']
#Overlap matrix
0.5569 0.3071 0.1141 0.0202 0.0015 0.0001 0.0000 0.0000 0.0000 0.0000 0.0000
0.3071 0.3579 0.2467 0.0761 0.0110 0.0011 0.0001 0.0000 0.0000 0.0000 0.0000
0.1141 0.2467 0.3377 0.2171 0.0697 0.0134 0.0012 0.0000 0.0000 0.0000 0.0000
0.0202 0.0761 0.2171 0.3394 0.2422 0.0890 0.0150 0.0010 0.0000 0.0000 0.0000
0.0015 0.0110 0.0697 0.2422 0.3430 0.2407 0.0806 0.0109 0.0004 0.0000 0.0000
0.0001 0.0011 0.0134 0.0890 0.2407 0.3399 0.2405 0.0692 0.0060 0.0002 0.0000
0.0000 0.0001 0.0012 0.0150 0.0806 0.2405 0.3687 0.2378 0.0515 0.0045 0.0002
0.0000 0.0000 0.0000 0.0010 0.0109 0.0692 0.2378 0.3847 0.2353 0.0562 0.0049
0.0000 0.0000 0.0000 0.0000 0.0004 0.0060 0.0515 0.2353 0.4019 0.2488 0.0560
0.0000 0.0000 0.0000 0.0000 0.0000 0.0002 0.0045 0.0562 0.2488 0.4175 0.2727
0.0000 0.0000 0.0000 0.0000 0.0000 0.0000 0.0002 0.0049 0.0560 0.2727 0.6663
#DG from neighbouring lambda in kcal/mol
0.0000 0.1000 0.8642 0.0199
0.1000 0.2000 2.1159 0.0200
0.2000 0.3000 2.8360 0.0248
0.3000 0.4000 3.3180 0.0215
0.4000 0.5000 3.8967 0.0211
0.5000 0.6000 4.4143 0.0230
0.6000 0.7000 4.7965 0.0263
0.7000 0.8000 4.9782 0.0283
0.8000 0.9000 5.1874 0.0270
0.9000 1.0000 5.3827 0.0301
#PMF from MBAR in kcal/mol
0.0000 0.0000 0.0000
0.1000 0.8642 0.0199
0.2000 2.9801 0.0353
0.3000 5.8162 0.0506
0.4000 9.1342 0.0616
0.5000 13.0309 0.0699
0.6000 17.4452 0.0783
0.7000 22.2417 0.0872
0.8000 27.2199 0.0966
0.9000 32.4073 0.1045
1.0000 37.7900 0.1127
#TI average gradients and standard deviation in kcal/mol
0.0000 0.6146 6.9156
0.1000 14.8352 5.8517
0.2000 27.8473 6.2693
0.3000 29.3809 6.4649
0.4000 36.0249 6.0577
0.5000 41.4360 6.6860
0.6000 46.5194 7.8149
0.7000 48.8505 8.4826
0.8000 50.0741 8.7921
0.9000 52.8971 9.0956
1.0000 55.0175 9.6345
#PMF from TI in kcal/mol
0.0000 0.0000
0.1000 0.7725
0.2000 2.9066
0.3000 5.7680
0.4000 9.0383
0.5000 12.9114
0.6000 17.3091
0.7000 22.0776
0.8000 27.0239
0.9000 32.1724
1.0000 37.5682
#MBAR free energy difference in kcal/mol: 
37.790003, 0.112724  #WARNING SUBSAMPLING DISABLED, CONSIDER RERUN WITH SUBSAMPLING OPTION
#TI free energy difference in kcal/mol: 
37.568151  #WARNING SUBSAMPLING DISABLED, CONSIDER RERUN WITH SUBSAMPLING OPTION 
Starting /export/users/common/BioSimSpace/sire.app/bin/analyse_freenrg: number of threads equals 32
