# Analysing data contained in file(s) ['lambda_0.0000/simfile_snipped.dat', 'lambda_0.1000/simfile_snipped.dat', 'lambda_0.2000/simfile_snipped.dat', 'lambda_0.3000/simfile_snipped.dat', 'lambda_0.4000/simfile_snipped.dat', 'lambda_0.5000/simfile_snipped.dat', 'lambda_0.6000/simfile_snipped.dat', 'lambda_0.7000/simfile_snipped.dat', 'lambda_0.8000/simfile_snipped.dat', 'lambda_0.9000/simfile_snipped.dat', 'lambda_1.0000/simfile_snipped.dat']
#Overlap matrix
1.0000 0.0000 0.0000 0.0000 0.0000 0.0000 0.0000 0.0000 0.0000 0.0000 0.0000
0.0000 0.9837 0.0163 0.0000 0.0000 0.0000 0.0000 0.0000 0.0000 0.0000 0.0000
0.0000 0.0163 0.8651 0.1166 0.0020 0.0000 0.0000 0.0000 0.0000 0.0000 0.0000
0.0000 0.0000 0.1166 0.6752 0.1985 0.0096 0.0001 0.0000 0.0000 0.0000 0.0000
0.0000 0.0000 0.0020 0.1985 0.5657 0.2187 0.0151 0.0001 0.0000 0.0000 0.0000
0.0000 0.0000 0.0000 0.0096 0.2187 0.5355 0.2252 0.0110 0.0000 0.0000 0.0000
0.0000 0.0000 0.0000 0.0001 0.0151 0.2252 0.5618 0.1963 0.0016 0.0000 0.0000
0.0000 0.0000 0.0000 0.0000 0.0001 0.0110 0.1963 0.6723 0.1203 0.0000 0.0000
0.0000 0.0000 0.0000 0.0000 0.0000 0.0000 0.0016 0.1203 0.8657 0.0124 0.0000
0.0000 0.0000 0.0000 0.0000 0.0000 0.0000 0.0000 0.0000 0.0124 0.9876 0.0000
0.0000 0.0000 0.0000 0.0000 0.0000 0.0000 0.0000 0.0000 0.0000 0.0000 1.0000
#DG from neighbouring lambda in kcal/mol
0.0000 0.1000 56.2604 0.2204
0.1000 0.2000 18.8955 0.2222
0.2000 0.3000 10.7847 0.0731
0.3000 0.4000 7.1039 0.0479
0.4000 0.5000 4.4150 0.0420
0.5000 0.6000 2.0184 0.0408
0.6000 0.7000 -0.5836 0.0482
0.7000 0.8000 -4.3902 0.0718
0.8000 0.9000 -12.4312 0.2553
0.9000 1.0000 -151.8571 0.2465
#PMF from MBAR in kcal/mol
0.0000 0.0000 0.0000
0.1000 56.2604 0.2204
0.2000 75.1560 0.0942
0.3000 85.9406 0.0712
0.4000 93.0445 0.0623
0.5000 97.4596 0.0598
0.6000 99.4780 0.0623
0.7000 98.8944 0.0710
0.8000 94.5042 0.0936
0.9000 82.0730 0.2465
1.0000 -69.7841 0.0000
#TI average gradients and standard deviation in kcal/mol
0.0000 2326.9965 84.9903
0.1000 280.0939 43.0854
0.2000 135.6210 21.3134
0.3000 86.4564 14.0464
0.4000 56.8328 12.0323
0.5000 31.8901 11.7300
0.6000 8.4171 11.8408
0.7000 -21.7674 14.1565
0.8000 -70.1571 19.1960
0.9000 -220.5170 44.4181
1.0000 -2269.6615 78.9591
#PMF from TI in kcal/mol
0.0000 0.0000
0.1000 130.3545
0.2000 151.1403
0.3000 162.2441
0.4000 169.4086
0.5000 173.8447
0.6000 175.8601
0.7000 175.1926
0.8000 170.5964
0.9000 156.0627
1.0000 31.5537
#MBAR free energy difference in kcal/mol: 
-69.784114, 0.000000  #WARNING SUBSAMPLING DISABLED, CONSIDER RERUN WITH SUBSAMPLING OPTION
#TI free energy difference in kcal/mol: 
31.553737  #WARNING SUBSAMPLING DISABLED, CONSIDER RERUN WITH SUBSAMPLING OPTION 
Starting /export/users/common/BioSimSpace/sire.app/bin/analyse_freenrg: number of threads equals 32
