# Analysing data contained in file(s) ['lambda_0.0000/simfile_snipped.dat', 'lambda_0.1000/simfile_snipped.dat', 'lambda_0.2000/simfile_snipped.dat', 'lambda_0.3000/simfile_snipped.dat', 'lambda_0.4000/simfile_snipped.dat', 'lambda_0.5000/simfile_snipped.dat', 'lambda_0.6000/simfile_snipped.dat', 'lambda_0.7000/simfile_snipped.dat', 'lambda_0.8000/simfile_snipped.dat', 'lambda_0.9000/simfile_snipped.dat', 'lambda_1.0000/simfile_snipped.dat']
#Overlap matrix
0.7908 0.2017 0.0075 0.0000 0.0000 0.0000 0.0000 0.0000 0.0000 0.0000 0.0000
0.2017 0.5932 0.1956 0.0094 0.0001 0.0000 0.0000 0.0000 0.0000 0.0000 0.0000
0.0075 0.1956 0.5736 0.2102 0.0129 0.0002 0.0000 0.0000 0.0000 0.0000 0.0000
0.0000 0.0094 0.2102 0.5438 0.2210 0.0153 0.0002 0.0000 0.0000 0.0000 0.0000
0.0000 0.0001 0.0129 0.2210 0.5298 0.2178 0.0181 0.0004 0.0000 0.0000 0.0000
0.0000 0.0000 0.0002 0.0153 0.2178 0.5201 0.2260 0.0202 0.0004 0.0000 0.0000
0.0000 0.0000 0.0000 0.0002 0.0181 0.2260 0.5036 0.2303 0.0213 0.0005 0.0000
0.0000 0.0000 0.0000 0.0000 0.0004 0.0202 0.2303 0.5015 0.2241 0.0230 0.0005
0.0000 0.0000 0.0000 0.0000 0.0000 0.0004 0.0213 0.2241 0.5041 0.2292 0.0209
0.0000 0.0000 0.0000 0.0000 0.0000 0.0000 0.0005 0.0230 0.2292 0.5138 0.2335
0.0000 0.0000 0.0000 0.0000 0.0000 0.0000 0.0000 0.0005 0.0209 0.2335 0.7451
#DG from neighbouring lambda in kcal/mol
0.0000 0.1000 -0.7449 0.0481
0.1000 0.2000 -0.4723 0.0475
0.2000 0.3000 -0.3778 0.0439
0.3000 0.4000 -0.2177 0.0411
0.4000 0.5000 -0.0539 0.0408
0.5000 0.6000 0.1655 0.0388
0.6000 0.7000 0.3906 0.0377
0.7000 0.8000 0.6390 0.0382
0.8000 0.9000 0.9995 0.0376
0.9000 1.0000 1.4359 0.0402
#PMF from MBAR in kcal/mol
0.0000 0.0000 0.0000
0.1000 -0.7449 0.0481
0.2000 -1.2172 0.0771
0.3000 -1.5950 0.0960
0.4000 -1.8127 0.1105
0.5000 -1.8666 0.1230
0.6000 -1.7011 0.1336
0.7000 -1.3105 0.1431
0.8000 -0.6715 0.1520
0.9000 0.3281 0.1602
1.0000 1.7640 0.1687
#TI average gradients and standard deviation in kcal/mol
0.0000 -11.4852 12.8487
0.1000 -4.7551 12.4661
0.2000 -4.3139 11.4407
0.3000 -3.5740 11.6047
0.4000 -1.5281 11.4281
0.5000 0.4322 11.2415
0.6000 2.7103 11.0106
0.7000 4.9066 11.1148
0.8000 8.2699 10.4646
0.9000 11.9728 10.2545
1.0000 16.9593 11.4655
#PMF from TI in kcal/mol
0.0000 0.0000
0.1000 -0.8120
0.2000 -1.2655
0.3000 -1.6599
0.4000 -1.9150
0.5000 -1.9698
0.6000 -1.8126
0.7000 -1.4318
0.8000 -0.7730
0.9000 0.2392
1.0000 1.6858
#MBAR free energy difference in kcal/mol: 
1.763971, 0.168714  #WARNING SUBSAMPLING DISABLED, CONSIDER RERUN WITH SUBSAMPLING OPTION
#TI free energy difference in kcal/mol: 
1.685780  #WARNING SUBSAMPLING DISABLED, CONSIDER RERUN WITH SUBSAMPLING OPTION 
Starting /export/users/common/BioSimSpace/sire.app/bin/analyse_freenrg: number of threads equals 32
