# Analysing data contained in file(s) ['lambda_0.0000/simfile_snipped.dat', 'lambda_0.1000/simfile_snipped.dat', 'lambda_0.2000/simfile_snipped.dat', 'lambda_0.3000/simfile_snipped.dat', 'lambda_0.4000/simfile_snipped.dat', 'lambda_0.5000/simfile_snipped.dat', 'lambda_0.6000/simfile_snipped.dat', 'lambda_0.7000/simfile_snipped.dat', 'lambda_0.8000/simfile_snipped.dat', 'lambda_0.9000/simfile_snipped.dat', 'lambda_1.0000/simfile_snipped.dat']
#Overlap matrix
1.0000 0.0000 0.0000 0.0000 0.0000 0.0000 0.0000 0.0000 0.0000 0.0000 0.0000
0.0000 0.9637 0.0362 0.0000 0.0000 0.0000 0.0000 0.0000 0.0000 0.0000 0.0000
0.0000 0.0362 0.8643 0.0990 0.0005 0.0000 0.0000 0.0000 0.0000 0.0000 0.0000
0.0000 0.0000 0.0990 0.7547 0.1460 0.0003 0.0000 0.0000 0.0000 0.0000 0.0000
0.0000 0.0000 0.0005 0.1460 0.7769 0.0761 0.0005 0.0000 0.0000 0.0000 0.0000
0.0000 0.0000 0.0000 0.0003 0.0761 0.7623 0.1589 0.0024 0.0000 0.0000 0.0000
0.0000 0.0000 0.0000 0.0000 0.0005 0.1589 0.7336 0.1069 0.0000 0.0000 0.0000
0.0000 0.0000 0.0000 0.0000 0.0000 0.0024 0.1069 0.8571 0.0336 0.0000 0.0000
0.0000 0.0000 0.0000 0.0000 0.0000 0.0000 0.0000 0.0336 0.9637 0.0026 0.0000
0.0000 0.0000 0.0000 0.0000 0.0000 0.0000 0.0000 0.0000 0.0026 0.9974 0.0000
0.0000 0.0000 0.0000 0.0000 0.0000 0.0000 0.0000 0.0000 0.0000 0.0000 1.0000
#DG from neighbouring lambda in kcal/mol
0.0000 0.1000 39.8631 0.1874
0.1000 0.2000 10.8029 0.1457
0.2000 0.3000 6.4121 0.0818
0.3000 0.4000 4.0196 0.0632
0.4000 0.5000 1.5249 0.0956
0.5000 0.6000 0.1021 0.0589
0.6000 0.7000 1.0330 0.0771
0.7000 0.8000 0.1769 0.1517
0.8000 0.9000 -5.6643 0.5608
0.9000 1.0000 -123.1845 0.5218
#PMF from MBAR in kcal/mol
0.0000 0.0000 0.0000
0.1000 39.8631 0.1874
0.2000 50.6659 0.1316
0.3000 57.0780 0.1128
0.4000 61.0977 0.1042
0.5000 62.6225 0.0983
0.6000 62.7247 0.1014
0.7000 63.7576 0.1127
0.8000 63.9345 0.1625
0.9000 58.2702 0.5218
1.0000 -64.9142 0.0000
#TI average gradients and standard deviation in kcal/mol
0.0000 1813.8080 76.4503
0.1000 150.8901 30.0619
0.2000 81.0690 18.1657
0.3000 49.4151 15.4722
0.4000 31.8977 14.8979
0.5000 0.5091 15.6227
0.6000 1.9285 16.8678
0.7000 12.1152 21.5323
0.8000 -15.3113 27.2583
0.9000 -118.3533 44.8484
1.0000 -2300.4117 105.6570
#PMF from TI in kcal/mol
0.0000 0.0000
0.1000 98.2349
0.2000 109.8329
0.3000 116.3571
0.4000 120.4227
0.5000 122.0430
0.6000 122.1649
0.7000 122.8671
0.8000 122.7073
0.9000 116.0241
1.0000 -4.9142
#MBAR free energy difference in kcal/mol: 
-64.914208, 0.000000  #WARNING SUBSAMPLING DISABLED, CONSIDER RERUN WITH SUBSAMPLING OPTION
#TI free energy difference in kcal/mol: 
-4.914173  #WARNING SUBSAMPLING DISABLED, CONSIDER RERUN WITH SUBSAMPLING OPTION 
Starting /export/users/common/BioSimSpace/sire.app/bin/analyse_freenrg: number of threads equals 32
