# Analysing data contained in file(s) ['lambda_0.0000/simfile_snipped.dat', 'lambda_0.1000/simfile_snipped.dat', 'lambda_0.2000/simfile_snipped.dat', 'lambda_0.3000/simfile_snipped.dat', 'lambda_0.4000/simfile_snipped.dat', 'lambda_0.5000/simfile_snipped.dat', 'lambda_0.6000/simfile_snipped.dat', 'lambda_0.7000/simfile_snipped.dat', 'lambda_0.8000/simfile_snipped.dat', 'lambda_0.9000/simfile_snipped.dat', 'lambda_1.0000/simfile_snipped.dat']
#Overlap matrix
1.0000 0.0000 0.0000 0.0000 0.0000 0.0000 0.0000 0.0000 0.0000 0.0000 0.0000
0.0000 1.0000 0.0000 0.0000 0.0000 0.0000 0.0000 0.0000 0.0000 0.0000 0.0000
0.0000 0.0000 1.0000 0.0000 0.0000 0.0000 0.0000 0.0000 0.0000 0.0000 0.0000
0.0000 0.0000 0.0000 1.0000 0.0000 0.0000 0.0000 0.0000 0.0000 0.0000 0.0000
0.0000 0.0000 0.0000 0.0000 0.9994 0.0005 0.0000 0.0000 0.0000 0.0000 0.0000
0.0000 0.0000 0.0000 0.0000 0.0005 0.8403 0.1572 0.0020 0.0000 0.0000 0.0000
0.0000 0.0000 0.0000 0.0000 0.0000 0.1572 0.7024 0.1404 0.0000 0.0000 0.0000
0.0000 0.0000 0.0000 0.0000 0.0000 0.0020 0.1404 0.8570 0.0007 0.0000 0.0000
0.0000 0.0000 0.0000 0.0000 0.0000 0.0000 0.0000 0.0007 0.9993 0.0000 0.0000
0.0000 0.0000 0.0000 0.0000 0.0000 0.0000 0.0000 0.0000 0.0000 0.8530 0.1470
0.0000 0.0000 0.0000 0.0000 0.0000 0.0000 0.0000 0.0000 0.0000 0.1470 0.8530
#DG from neighbouring lambda in kcal/mol
0.0000 0.1000 -20.2185 nan
0.1000 0.2000 -17.2528 15.6011
0.2000 0.3000 -14.9414 nan
0.3000 0.4000 -21.5198 432.4693
0.4000 0.5000 13.7113 1.2047
0.5000 0.6000 43.6749 0.0596
0.6000 0.7000 44.0940 0.0646
0.7000 0.8000 35.1567 1.1247
0.8000 0.9000 14.1874 1513.6430
0.9000 1.0000 1.4272 0.0631
#PMF from MBAR in kcal/mol
0.0000 0.0000 0.0000
0.1000 -20.2185 nan
0.2000 -37.4714 nan
0.3000 -52.4128 nan
0.4000 -73.9326 nan
0.5000 -60.2213 nan
0.6000 -16.5464 nan
0.7000 27.5477 nan
0.8000 62.7044 nan
0.9000 76.8918 938.6131
1.0000 78.3190 938.6131
#TI average gradients and standard deviation in kcal/mol
0.0000 -162.5806 50.0109
0.1000 -125.5868 54.0594
0.2000 -121.0374 61.9244
0.3000 -174.4651 73.2061
0.4000 -416.7969 102.9222
0.5000 420.4634 85.8356
0.6000 454.9305 13.6581
0.7000 420.0858 16.2490
0.8000 288.5000 15.9521
0.9000 12.3268 16.2635
1.0000 19.2667 17.1972
#PMF from TI in kcal/mol
0.0000 0.0000
0.1000 -14.4084
0.2000 -26.7396
0.3000 -41.5147
0.4000 -71.0778
0.5000 -70.8945
0.6000 -27.1248
0.7000 16.6260
0.8000 52.0553
0.9000 67.0967
1.0000 68.6763
#MBAR free energy difference in kcal/mol: 
78.318994, 938.613079  #WARNING SUBSAMPLING DISABLED, CONSIDER RERUN WITH SUBSAMPLING OPTION
#TI free energy difference in kcal/mol: 
68.676335  #WARNING SUBSAMPLING DISABLED, CONSIDER RERUN WITH SUBSAMPLING OPTION 
Starting /export/users/common/BioSimSpace/sire.app/bin/analyse_freenrg: number of threads equals 32
