# Analysing data contained in file(s) ['lambda_0.0000/simfile_snipped.dat', 'lambda_0.1000/simfile_snipped.dat', 'lambda_0.2000/simfile_snipped.dat', 'lambda_0.3000/simfile_snipped.dat', 'lambda_0.4000/simfile_snipped.dat', 'lambda_0.5000/simfile_snipped.dat', 'lambda_0.6000/simfile_snipped.dat', 'lambda_0.7000/simfile_snipped.dat', 'lambda_0.8000/simfile_snipped.dat', 'lambda_0.9000/simfile_snipped.dat', 'lambda_1.0000/simfile_snipped.dat']
#Overlap matrix
0.8625 0.1359 0.0015 0.0000 0.0000 0.0000 0.0000 0.0000 0.0000 0.0000 0.0000
0.1359 0.6986 0.1634 0.0020 0.0000 0.0000 0.0000 0.0000 0.0000 0.0000 0.0000
0.0015 0.1634 0.6694 0.1636 0.0020 0.0000 0.0000 0.0000 0.0000 0.0000 0.0000
0.0000 0.0020 0.1636 0.6742 0.1587 0.0015 0.0000 0.0000 0.0000 0.0000 0.0000
0.0000 0.0000 0.0020 0.1587 0.6825 0.1558 0.0010 0.0000 0.0000 0.0000 0.0000
0.0000 0.0000 0.0000 0.0015 0.1558 0.7220 0.1204 0.0002 0.0000 0.0000 0.0000
0.0000 0.0000 0.0000 0.0000 0.0010 0.1204 0.7788 0.0997 0.0000 0.0000 0.0000
0.0000 0.0000 0.0000 0.0000 0.0000 0.0002 0.0997 0.8507 0.0493 0.0000 0.0000
0.0000 0.0000 0.0000 0.0000 0.0000 0.0000 0.0000 0.0493 0.9356 0.0151 0.0000
0.0000 0.0000 0.0000 0.0000 0.0000 0.0000 0.0000 0.0000 0.0151 0.9849 0.0000
0.0000 0.0000 0.0000 0.0000 0.0000 0.0000 0.0000 0.0000 0.0000 0.0000 1.0000
#DG from neighbouring lambda in kcal/mol
0.0000 0.1000 7.0220 0.0662
0.1000 0.2000 6.7303 0.0576
0.2000 0.3000 6.2199 0.0574
0.3000 0.4000 5.5656 0.0588
0.4000 0.5000 4.6700 0.0599
0.5000 0.6000 3.5296 0.0718
0.6000 0.7000 1.4537 0.0815
0.7000 0.8000 -2.2856 0.1232
0.8000 0.9000 -9.5159 0.2312
0.9000 1.0000 -68.5307 0.2529
#PMF from MBAR in kcal/mol
0.0000 0.0000 0.0000
0.1000 7.0220 0.0662
0.2000 13.7523 0.0962
0.3000 19.9722 0.1187
0.4000 25.5378 0.1381
0.5000 30.2078 0.1557
0.6000 33.7373 0.1760
0.7000 35.1910 0.1981
0.8000 32.9054 0.2368
0.9000 23.3895 0.3335
1.0000 -45.1411 0.1254
#TI average gradients and standard deviation in kcal/mol
0.0000 69.6703 16.9550
0.1000 68.6670 15.1029
0.2000 65.2300 14.9988
0.3000 59.1157 15.0495
0.4000 51.7869 15.0594
0.5000 42.6002 14.6958
0.6000 25.6851 16.5774
0.7000 0.7000 19.4895
0.8000 -51.4881 24.3609
0.9000 -160.1293 37.7306
1.0000 -1142.7686 78.4026
#PMF from TI in kcal/mol
0.0000 0.0000
0.1000 6.9169
0.2000 13.6117
0.3000 19.8290
0.4000 25.3741
0.5000 30.0935
0.6000 33.5077
0.7000 34.8270
0.8000 32.2876
0.9000 21.7067
1.0000 -43.4382
#MBAR free energy difference in kcal/mol: 
-45.141136, 0.125416  #WARNING SUBSAMPLING DISABLED, CONSIDER RERUN WITH SUBSAMPLING OPTION
#TI free energy difference in kcal/mol: 
-43.438168  #WARNING SUBSAMPLING DISABLED, CONSIDER RERUN WITH SUBSAMPLING OPTION 
Starting /export/users/common/BioSimSpace/sire.app/bin/analyse_freenrg: number of threads equals 32
