# Analysing data contained in file(s) ['lambda_0.0000/simfile_snipped.dat', 'lambda_0.1000/simfile_snipped.dat', 'lambda_0.2000/simfile_snipped.dat', 'lambda_0.3000/simfile_snipped.dat', 'lambda_0.4000/simfile_snipped.dat', 'lambda_0.5000/simfile_snipped.dat', 'lambda_0.6000/simfile_snipped.dat', 'lambda_0.7000/simfile_snipped.dat', 'lambda_0.8000/simfile_snipped.dat', 'lambda_0.9000/simfile_snipped.dat', 'lambda_1.0000/simfile_snipped.dat']
#Overlap matrix
1.0000 0.0000 0.0000 0.0000 0.0000 0.0000 0.0000 0.0000 0.0000 0.0000 0.0000
0.0000 1.0000 0.0000 0.0000 0.0000 0.0000 0.0000 0.0000 0.0000 0.0000 0.0000
0.0000 0.0000 1.0000 0.0000 0.0000 0.0000 0.0000 0.0000 0.0000 0.0000 0.0000
0.0000 0.0000 0.0000 1.0000 0.0000 0.0000 0.0000 0.0000 0.0000 0.0000 0.0000
0.0000 0.0000 0.0000 0.0000 0.8854 0.0165 0.0477 0.0422 0.0079 0.0003 0.0000
0.0000 0.0000 0.0000 0.0000 0.0165 0.8325 0.1510 0.0000 0.0000 0.0000 0.0000
0.0000 0.0000 0.0000 0.0000 0.0477 0.1510 0.7941 0.0060 0.0011 0.0001 0.0000
0.0000 0.0000 0.0000 0.0000 0.0422 0.0000 0.0060 0.5887 0.3115 0.0517 0.0000
0.0000 0.0000 0.0000 0.0000 0.0079 0.0000 0.0011 0.3115 0.4355 0.2440 0.0000
0.0000 0.0000 0.0000 0.0000 0.0003 0.0000 0.0001 0.0517 0.2440 0.7040 0.0000
0.0000 0.0000 0.0000 0.0000 0.0000 0.0000 0.0000 0.0000 0.0000 0.0000 1.0000
#DG from neighbouring lambda in kcal/mol
0.0000 0.1000 -17.2833 43.6887
0.1000 0.2000 -5.0567 28.2045
0.2000 0.3000 -21.8322 23.7830
0.3000 0.4000 -15.0705 41.5530
0.4000 0.5000 -22.9000 0.1145
0.5000 0.6000 47.1133 0.0584
0.6000 0.7000 33.4418 0.1486
0.7000 0.8000 27.2139 0.0252
0.8000 0.9000 23.8229 0.0349
0.9000 1.0000 9.5706 290.8705
#PMF from MBAR in kcal/mol
0.0000 0.0000 0.0000
0.1000 -17.2833 43.6887
0.2000 -22.3400 52.0020
0.3000 -44.1722 30.6056
0.4000 -59.2427 51.6077
0.5000 -82.1426 51.6078
0.6000 -35.0293 51.6077
0.7000 -1.5875 51.6077
0.8000 25.6264 51.6077
0.9000 49.4493 51.6077
1.0000 59.0199 251.1891
#TI average gradients and standard deviation in kcal/mol
0.0000 -218.2412 58.5668
0.1000 -76.8158 52.0867
0.2000 -73.4322 46.1506
0.3000 -140.8886 76.3810
0.4000 -630.7698 62.4762
0.5000 230.2616 8.8189
0.6000 500.4708 88.7554
0.7000 264.3320 8.7096
0.8000 429.4261 11.2016
0.9000 360.7165 18.0804
1.0000 -18.5419 9.0856
#PMF from TI in kcal/mol
0.0000 0.0000
0.1000 -14.7529
0.2000 -22.2653
0.3000 -32.9813
0.4000 -71.5642
0.5000 -91.5896
0.6000 -55.0530
0.7000 -16.8129
0.8000 17.8751
0.9000 57.3822
1.0000 74.4909
#MBAR free energy difference in kcal/mol: 
59.019879, 251.189105  #WARNING SUBSAMPLING DISABLED, CONSIDER RERUN WITH SUBSAMPLING OPTION
#TI free energy difference in kcal/mol: 
74.490910  #WARNING SUBSAMPLING DISABLED, CONSIDER RERUN WITH SUBSAMPLING OPTION 
Starting /export/users/common/BioSimSpace/sire.app/bin/analyse_freenrg: number of threads equals 32
