# Analysing data contained in file(s) ['lambda_0.0000/simfile_snipped.dat', 'lambda_0.1000/simfile_snipped.dat', 'lambda_0.2000/simfile_snipped.dat', 'lambda_0.3000/simfile_snipped.dat', 'lambda_0.4000/simfile_snipped.dat', 'lambda_0.5000/simfile_snipped.dat', 'lambda_0.6000/simfile_snipped.dat', 'lambda_0.7000/simfile_snipped.dat', 'lambda_0.8000/simfile_snipped.dat', 'lambda_0.9000/simfile_snipped.dat', 'lambda_1.0000/simfile_snipped.dat']
#Overlap matrix
1.0000 0.0000 0.0000 0.0000 0.0000 0.0000 0.0000 0.0000 0.0000 0.0000 0.0000
0.0000 0.9969 0.0031 0.0000 0.0000 0.0000 0.0000 0.0000 0.0000 0.0000 0.0000
0.0000 0.0031 0.9823 0.0146 0.0000 0.0000 0.0000 0.0000 0.0000 0.0000 0.0000
0.0000 0.0000 0.0146 0.9325 0.0529 0.0000 0.0000 0.0000 0.0000 0.0000 0.0000
0.0000 0.0000 0.0000 0.0529 0.9368 0.0103 0.0000 0.0000 0.0000 0.0000 0.0000
0.0000 0.0000 0.0000 0.0000 0.0103 0.9260 0.0637 0.0000 0.0000 0.0000 0.0000
0.0000 0.0000 0.0000 0.0000 0.0000 0.0637 0.8835 0.0528 0.0000 0.0000 0.0000
0.0000 0.0000 0.0000 0.0000 0.0000 0.0000 0.0528 0.9094 0.0378 0.0000 0.0000
0.0000 0.0000 0.0000 0.0000 0.0000 0.0000 0.0000 0.0378 0.9583 0.0040 0.0000
0.0000 0.0000 0.0000 0.0000 0.0000 0.0000 0.0000 0.0000 0.0040 0.9960 0.0000
0.0000 0.0000 0.0000 0.0000 0.0000 0.0000 0.0000 0.0000 0.0000 0.0000 1.0000
#DG from neighbouring lambda in kcal/mol
0.0000 0.1000 52.0511 0.5336
0.1000 0.2000 25.4244 0.5155
0.2000 0.3000 21.6592 0.2346
0.3000 0.4000 21.5642 0.1185
0.4000 0.5000 19.6327 0.2814
0.5000 0.6000 16.9662 0.1066
0.6000 0.7000 15.8542 0.1186
0.7000 0.8000 13.8589 0.1426
0.8000 0.9000 8.5326 0.4565
0.9000 1.0000 -188.6548 0.4619
#PMF from MBAR in kcal/mol
0.0000 0.0000 0.0000
0.1000 52.0511 0.5336
0.2000 77.4755 0.2771
0.3000 99.1348 0.2128
0.4000 120.6990 0.2001
0.5000 140.3317 0.1763
0.6000 157.2979 0.1803
0.7000 173.1521 0.1943
0.8000 187.0110 0.2236
0.9000 195.5436 0.4619
1.0000 6.8888 0.0000
#TI average gradients and standard deviation in kcal/mol
0.0000 3272.9099 1089.1657
0.1000 308.1886 50.1060
0.2000 225.2529 32.2398
0.3000 213.7350 23.0759
0.4000 216.1626 21.7134
0.5000 172.4690 20.0369
0.6000 165.3492 21.6439
0.7000 148.9378 22.8800
0.8000 121.3198 27.9394
0.9000 5.5828 45.0062
1.0000 -4887.4770 141.7846
#PMF from TI in kcal/mol
0.0000 0.0000
0.1000 179.0549
0.2000 205.7270
0.3000 227.6764
0.4000 249.1713
0.5000 268.6028
0.6000 285.4938
0.7000 301.2081
0.8000 314.7210
0.9000 321.0661
1.0000 76.9714
#MBAR free energy difference in kcal/mol: 
6.888800, 0.000000  #WARNING SUBSAMPLING DISABLED, CONSIDER RERUN WITH SUBSAMPLING OPTION
#TI free energy difference in kcal/mol: 
76.971409  #WARNING SUBSAMPLING DISABLED, CONSIDER RERUN WITH SUBSAMPLING OPTION 
Starting /export/users/common/BioSimSpace/sire.app/bin/analyse_freenrg: number of threads equals 32
