# Analysing data contained in file(s) ['lambda_0.0000/simfile_snipped.dat', 'lambda_0.1000/simfile_snipped.dat', 'lambda_0.2000/simfile_snipped.dat', 'lambda_0.3000/simfile_snipped.dat', 'lambda_0.4000/simfile_snipped.dat', 'lambda_0.5000/simfile_snipped.dat', 'lambda_0.6000/simfile_snipped.dat', 'lambda_0.7000/simfile_snipped.dat', 'lambda_0.8000/simfile_snipped.dat', 'lambda_0.9000/simfile_snipped.dat', 'lambda_1.0000/simfile_snipped.dat']
#Overlap matrix
1.0000 0.0000 0.0000 0.0000 0.0000 0.0000 0.0000 0.0000 0.0000 0.0000 0.0000
0.0000 0.9873 0.0127 0.0000 0.0000 0.0000 0.0000 0.0000 0.0000 0.0000 0.0000
0.0000 0.0127 0.9027 0.0846 0.0001 0.0000 0.0000 0.0000 0.0000 0.0000 0.0000
0.0000 0.0000 0.0846 0.7943 0.1208 0.0003 0.0000 0.0000 0.0000 0.0000 0.0000
0.0000 0.0000 0.0001 0.1208 0.7556 0.1229 0.0005 0.0000 0.0000 0.0000 0.0000
0.0000 0.0000 0.0000 0.0003 0.1229 0.7510 0.1258 0.0001 0.0000 0.0000 0.0000
0.0000 0.0000 0.0000 0.0000 0.0005 0.1258 0.8083 0.0653 0.0001 0.0000 0.0000
0.0000 0.0000 0.0000 0.0000 0.0000 0.0001 0.0653 0.8112 0.1234 0.0000 0.0000
0.0000 0.0000 0.0000 0.0000 0.0000 0.0000 0.0001 0.1234 0.8619 0.0146 0.0000
0.0000 0.0000 0.0000 0.0000 0.0000 0.0000 0.0000 0.0000 0.0146 0.9854 0.0000
0.0000 0.0000 0.0000 0.0000 0.0000 0.0000 0.0000 0.0000 0.0000 0.0000 1.0000
#DG from neighbouring lambda in kcal/mol
0.0000 0.1000 37.7442 0.2564
0.1000 0.2000 5.0082 0.2527
0.2000 0.3000 1.8366 0.0903
0.3000 0.4000 1.9147 0.0720
0.4000 0.5000 2.4940 0.0711
0.5000 0.6000 3.4458 0.0701
0.6000 0.7000 3.3086 0.1050
0.7000 0.8000 3.0386 0.0712
0.8000 0.9000 0.0465 0.2348
0.9000 1.0000 -101.3736 0.2433
#PMF from MBAR in kcal/mol
0.0000 0.0000 0.0000
0.1000 37.7442 0.2564
0.2000 42.7524 0.1218
0.3000 44.5890 0.0969
0.4000 46.5037 0.0843
0.5000 48.9976 0.0799
0.6000 52.4434 0.0842
0.7000 55.7519 0.1064
0.8000 58.7905 0.1226
0.9000 58.8370 0.2433
1.0000 -42.5366 0.0000
#TI average gradients and standard deviation in kcal/mol
0.0000 7824.0980 225.5941
0.1000 117.9140 45.5198
0.2000 24.0974 21.3195
0.3000 16.4516 17.5532
0.4000 22.3203 17.3183
0.5000 29.4562 15.6202
0.6000 38.4466 16.8093
0.7000 25.8294 18.6985
0.8000 30.8743 22.4923
0.9000 -47.6938 37.8390
1.0000 -11588.2482 370.6880
#PMF from TI in kcal/mol
0.0000 0.0000
0.1000 397.1006
0.2000 404.2012
0.3000 406.2286
0.4000 408.1672
0.5000 410.7560
0.6000 414.1512
0.7000 417.3650
0.8000 420.2002
0.9000 419.3592
1.0000 -162.4379
#MBAR free energy difference in kcal/mol: 
-42.536558, 0.000000  #WARNING SUBSAMPLING DISABLED, CONSIDER RERUN WITH SUBSAMPLING OPTION
#TI free energy difference in kcal/mol: 
-162.437911  #WARNING SUBSAMPLING DISABLED, CONSIDER RERUN WITH SUBSAMPLING OPTION 
Starting /export/users/common/BioSimSpace/sire.app/bin/analyse_freenrg: number of threads equals 32
