# Analysing data contained in file(s) ['lambda_0.0000/simfile_snipped.dat', 'lambda_0.1000/simfile_snipped.dat', 'lambda_0.2000/simfile_snipped.dat', 'lambda_0.3000/simfile_snipped.dat', 'lambda_0.4000/simfile_snipped.dat', 'lambda_0.5000/simfile_snipped.dat', 'lambda_0.6000/simfile_snipped.dat', 'lambda_0.7000/simfile_snipped.dat', 'lambda_0.8000/simfile_snipped.dat', 'lambda_0.9000/simfile_snipped.dat', 'lambda_1.0000/simfile_snipped.dat']
#Overlap matrix
0.9208 0.0789 0.0003 0.0000 0.0000 0.0000 0.0000 0.0000 0.0000 0.0000 0.0000
0.0789 0.7665 0.1533 0.0013 0.0000 0.0000 0.0000 0.0000 0.0000 0.0000 0.0000
0.0003 0.1533 0.6966 0.1482 0.0017 0.0000 0.0000 0.0000 0.0000 0.0000 0.0000
0.0000 0.0013 0.1482 0.6772 0.1698 0.0035 0.0000 0.0000 0.0000 0.0000 0.0000
0.0000 0.0000 0.0017 0.1698 0.6415 0.1820 0.0050 0.0000 0.0000 0.0000 0.0000
0.0000 0.0000 0.0000 0.0035 0.1820 0.6241 0.1847 0.0057 0.0000 0.0000 0.0000
0.0000 0.0000 0.0000 0.0000 0.0050 0.1847 0.6168 0.1882 0.0053 0.0000 0.0000
0.0000 0.0000 0.0000 0.0000 0.0000 0.0057 0.1882 0.6259 0.1758 0.0044 0.0000
0.0000 0.0000 0.0000 0.0000 0.0000 0.0000 0.0053 0.1758 0.6613 0.1551 0.0025
0.0000 0.0000 0.0000 0.0000 0.0000 0.0000 0.0000 0.0044 0.1551 0.7132 0.1273
0.0000 0.0000 0.0000 0.0000 0.0000 0.0000 0.0000 0.0000 0.0025 0.1273 0.8703
#DG from neighbouring lambda in kcal/mol
0.0000 0.1000 5.0270 0.0940
0.1000 0.2000 3.3040 0.0608
0.2000 0.3000 2.4387 0.0619
0.3000 0.4000 1.6627 0.0556
0.4000 0.5000 1.3165 0.0520
0.5000 0.6000 1.1922 0.0510
0.6000 0.7000 1.2750 0.0501
0.7000 0.8000 1.6147 0.0531
0.8000 0.9000 2.8003 0.0589
0.9000 1.0000 8.3414 0.0689
#PMF from MBAR in kcal/mol
0.0000 0.0000 0.0000
0.1000 5.0270 0.0940
0.2000 8.3310 0.1190
0.3000 10.7697 0.1398
0.4000 12.4324 0.1555
0.5000 13.7489 0.1685
0.6000 14.9411 0.1801
0.7000 16.2161 0.1907
0.8000 17.8308 0.2015
0.9000 20.6311 0.2133
1.0000 28.9726 0.2274
#TI average gradients and standard deviation in kcal/mol
0.0000 4727.8122 96367.0785
0.1000 36.9613 15.0081
0.2000 28.7777 15.2408
0.3000 19.9597 14.6236
0.4000 13.9073 13.8691
0.5000 12.2911 13.7279
0.6000 12.7887 13.9858
0.7000 13.1697 13.7345
0.8000 19.4905 14.0747
0.9000 41.8551 15.1931
1.0000 152.9690 19.6778
#PMF from TI in kcal/mol
0.0000 0.0000
0.1000 238.2387
0.2000 241.5256
0.3000 243.9625
0.4000 245.6558
0.5000 246.9658
0.6000 248.2198
0.7000 249.5177
0.8000 251.1507
0.9000 254.2180
1.0000 263.9592
#MBAR free energy difference in kcal/mol: 
28.972553, 0.227381  #WARNING SUBSAMPLING DISABLED, CONSIDER RERUN WITH SUBSAMPLING OPTION
#TI free energy difference in kcal/mol: 
263.959175  #WARNING SUBSAMPLING DISABLED, CONSIDER RERUN WITH SUBSAMPLING OPTION 
Starting /export/users/common/BioSimSpace/sire.app/bin/analyse_freenrg: number of threads equals 32
