# Analysing data contained in file(s) ['lambda_0.0000/simfile_snipped.dat', 'lambda_0.1000/simfile_snipped.dat', 'lambda_0.2000/simfile_snipped.dat', 'lambda_0.3000/simfile_snipped.dat', 'lambda_0.4000/simfile_snipped.dat', 'lambda_0.5000/simfile_snipped.dat', 'lambda_0.6000/simfile_snipped.dat', 'lambda_0.7000/simfile_snipped.dat', 'lambda_0.8000/simfile_snipped.dat', 'lambda_0.9000/simfile_snipped.dat', 'lambda_1.0000/simfile_snipped.dat']
#Overlap matrix
0.9335 0.0665 0.0000 0.0000 0.0000 0.0000 0.0000 0.0000 0.0000 0.0000 0.0000
0.0665 0.8359 0.0975 0.0002 0.0000 0.0000 0.0000 0.0000 0.0000 0.0000 0.0000
0.0000 0.0975 0.7847 0.1175 0.0002 0.0000 0.0000 0.0000 0.0000 0.0000 0.0000
0.0000 0.0002 0.1175 0.7607 0.1211 0.0005 0.0000 0.0000 0.0000 0.0000 0.0000
0.0000 0.0000 0.0002 0.1211 0.7531 0.1250 0.0006 0.0000 0.0000 0.0000 0.0000
0.0000 0.0000 0.0000 0.0005 0.1250 0.7439 0.1298 0.0007 0.0000 0.0000 0.0000
0.0000 0.0000 0.0000 0.0000 0.0006 0.1298 0.7275 0.1410 0.0011 0.0000 0.0000
0.0000 0.0000 0.0000 0.0000 0.0000 0.0007 0.1410 0.7043 0.1529 0.0011 0.0000
0.0000 0.0000 0.0000 0.0000 0.0000 0.0000 0.0011 0.1529 0.7061 0.1393 0.0007
0.0000 0.0000 0.0000 0.0000 0.0000 0.0000 0.0000 0.0011 0.1393 0.7417 0.1179
0.0000 0.0000 0.0000 0.0000 0.0000 0.0000 0.0000 0.0000 0.0007 0.1179 0.8814
#DG from neighbouring lambda in kcal/mol
0.0000 0.1000 9.0756 0.1040
0.1000 0.2000 6.6894 0.0827
0.2000 0.3000 5.0770 0.0734
0.3000 0.4000 3.6707 0.0718
0.4000 0.5000 2.6735 0.0702
0.5000 0.6000 1.7055 0.0684
0.6000 0.7000 0.8437 0.0644
0.7000 0.8000 0.3920 0.0608
0.8000 0.9000 0.4482 0.0650
0.9000 1.0000 1.9185 0.0731
#PMF from MBAR in kcal/mol
0.0000 0.0000 0.0000
0.1000 9.0756 0.1040
0.2000 15.7650 0.1390
0.3000 20.8420 0.1623
0.4000 24.5127 0.1820
0.5000 27.1862 0.1991
0.6000 28.8917 0.2143
0.7000 29.7354 0.2273
0.8000 30.1274 0.2386
0.9000 30.5756 0.2505
1.0000 32.4942 0.2640
#TI average gradients and standard deviation in kcal/mol
0.0000 108.3374 22.3154
0.1000 76.5569 19.1534
0.2000 57.9758 17.7546
0.3000 43.4815 17.7505
0.4000 31.6822 16.1421
0.5000 21.2352 16.0523
0.6000 12.7808 16.0162
0.7000 4.9748 14.9133
0.8000 3.5875 14.7457
0.9000 7.7474 15.2292
1.0000 35.2661 18.4358
#PMF from TI in kcal/mol
0.0000 0.0000
0.1000 9.2447
0.2000 15.9713
0.3000 21.0442
0.4000 24.8024
0.5000 27.4483
0.6000 29.1491
0.7000 30.0368
0.8000 30.4650
0.9000 31.0317
1.0000 33.1824
#MBAR free energy difference in kcal/mol: 
32.494178, 0.263990  #WARNING SUBSAMPLING DISABLED, CONSIDER RERUN WITH SUBSAMPLING OPTION
#TI free energy difference in kcal/mol: 
33.182379  #WARNING SUBSAMPLING DISABLED, CONSIDER RERUN WITH SUBSAMPLING OPTION 
Starting /export/users/common/BioSimSpace/sire.app/bin/analyse_freenrg: number of threads equals 32
