# Analysing data contained in file(s) ['lambda_0.0000/simfile_snipped.dat', 'lambda_0.1000/simfile_snipped.dat', 'lambda_0.2000/simfile_snipped.dat', 'lambda_0.3000/simfile_snipped.dat', 'lambda_0.4000/simfile_snipped.dat', 'lambda_0.5000/simfile_snipped.dat', 'lambda_0.6000/simfile_snipped.dat', 'lambda_0.7000/simfile_snipped.dat', 'lambda_0.8000/simfile_snipped.dat', 'lambda_0.9000/simfile_snipped.dat', 'lambda_1.0000/simfile_snipped.dat']
#Overlap matrix
0.8440 0.1548 0.0013 0.0000 0.0000 0.0000 0.0000 0.0000 0.0000 0.0000 0.0000
0.1548 0.6993 0.1448 0.0011 0.0000 0.0000 0.0000 0.0000 0.0000 0.0000 0.0000
0.0013 0.1448 0.6924 0.1593 0.0022 0.0000 0.0000 0.0000 0.0000 0.0000 0.0000
0.0000 0.0011 0.1593 0.6711 0.1651 0.0034 0.0000 0.0000 0.0000 0.0000 0.0000
0.0000 0.0000 0.0022 0.1651 0.6386 0.1913 0.0028 0.0000 0.0000 0.0000 0.0000
0.0000 0.0000 0.0000 0.0034 0.1913 0.6639 0.1380 0.0034 0.0000 0.0000 0.0000
0.0000 0.0000 0.0000 0.0000 0.0028 0.1380 0.6572 0.1961 0.0058 0.0000 0.0000
0.0000 0.0000 0.0000 0.0000 0.0000 0.0034 0.1961 0.6023 0.1908 0.0073 0.0000
0.0000 0.0000 0.0000 0.0000 0.0000 0.0000 0.0058 0.1908 0.5973 0.2002 0.0059
0.0000 0.0000 0.0000 0.0000 0.0000 0.0000 0.0000 0.0073 0.2002 0.6335 0.1590
0.0000 0.0000 0.0000 0.0000 0.0000 0.0000 0.0000 0.0000 0.0059 0.1590 0.8350
#DG from neighbouring lambda in kcal/mol
0.0000 0.1000 -0.3625 0.0605
0.1000 0.2000 -0.0783 0.0631
0.2000 0.3000 -0.1829 0.0587
0.3000 0.4000 -0.1307 0.0566
0.4000 0.5000 0.0781 0.0505
0.5000 0.6000 0.0439 0.0640
0.6000 0.7000 -0.1851 0.0489
0.7000 0.8000 -0.1600 0.0492
0.8000 0.9000 0.2844 0.0473
0.9000 1.0000 1.5487 0.0581
#PMF from MBAR in kcal/mol
0.0000 0.0000 0.0000
0.1000 -0.3625 0.0605
0.2000 -0.4408 0.0960
0.3000 -0.6236 0.1193
0.4000 -0.7543 0.1378
0.5000 -0.6763 0.1517
0.6000 -0.6323 0.1692
0.7000 -0.8174 0.1802
0.8000 -0.9774 0.1906
0.9000 -0.6930 0.1999
1.0000 0.8556 0.2115
#TI average gradients and standard deviation in kcal/mol
0.0000 -6.5574 15.3595
0.1000 -1.0091 14.5590
0.2000 -1.5093 15.2308
0.3000 -1.2818 13.3682
0.4000 -1.0025 13.6776
0.5000 3.6242 12.6237
0.6000 -3.1945 11.7280
0.7000 -1.7514 12.5558
0.8000 -0.6066 12.5376
0.9000 7.5948 13.1990
1.0000 24.9264 16.6556
#PMF from TI in kcal/mol
0.0000 0.0000
0.1000 -0.3783
0.2000 -0.5042
0.3000 -0.6438
0.4000 -0.7580
0.5000 -0.6269
0.6000 -0.6054
0.7000 -0.8527
0.8000 -0.9706
0.9000 -0.6212
1.0000 1.0048
#MBAR free energy difference in kcal/mol: 
0.855640, 0.211468  #WARNING SUBSAMPLING DISABLED, CONSIDER RERUN WITH SUBSAMPLING OPTION
#TI free energy difference in kcal/mol: 
1.004848  #WARNING SUBSAMPLING DISABLED, CONSIDER RERUN WITH SUBSAMPLING OPTION 
Starting /export/users/common/BioSimSpace/sire.app/bin/analyse_freenrg: number of threads equals 32
