# Analysing data contained in file(s) ['lambda_0.0000/simfile_snipped.dat', 'lambda_0.1000/simfile_snipped.dat', 'lambda_0.2000/simfile_snipped.dat', 'lambda_0.3000/simfile_snipped.dat', 'lambda_0.4000/simfile_snipped.dat', 'lambda_0.5000/simfile_snipped.dat', 'lambda_0.6000/simfile_snipped.dat', 'lambda_0.7000/simfile_snipped.dat', 'lambda_0.8000/simfile_snipped.dat', 'lambda_0.9000/simfile_snipped.dat', 'lambda_1.0000/simfile_snipped.dat']
#Overlap matrix
1.0000 0.0000 0.0000 0.0000 0.0000 0.0000 0.0000 0.0000 0.0000 0.0000 0.0000
0.0000 1.0000 0.0000 0.0000 0.0000 0.0000 0.0000 0.0000 0.0000 0.0000 0.0000
0.0000 0.0000 0.9775 0.0225 0.0000 0.0000 0.0000 0.0000 0.0000 0.0000 0.0000
0.0000 0.0000 0.0225 0.9056 0.0719 0.0001 0.0000 0.0000 0.0000 0.0000 0.0000
0.0000 0.0000 0.0000 0.0719 0.8390 0.0891 0.0001 0.0000 0.0000 0.0000 0.0000
0.0000 0.0000 0.0000 0.0001 0.0891 0.8119 0.0989 0.0001 0.0000 0.0000 0.0000
0.0000 0.0000 0.0000 0.0000 0.0001 0.0989 0.8227 0.0783 0.0000 0.0000 0.0000
0.0000 0.0000 0.0000 0.0000 0.0000 0.0001 0.0783 0.8744 0.0472 0.0000 0.0000
0.0000 0.0000 0.0000 0.0000 0.0000 0.0000 0.0000 0.0472 0.9509 0.0019 0.0000
0.0000 0.0000 0.0000 0.0000 0.0000 0.0000 0.0000 0.0000 0.0019 0.9981 0.0000
0.0000 0.0000 0.0000 0.0000 0.0000 0.0000 0.0000 0.0000 0.0000 0.0000 1.0000
#DG from neighbouring lambda in kcal/mol
0.0000 0.1000 103.0296 27.2860
0.1000 0.2000 23.9671 30.6959
0.2000 0.3000 5.9884 0.1879
0.3000 0.4000 -0.2163 0.0994
0.4000 0.5000 -3.6243 0.0874
0.5000 0.6000 -6.6245 0.0820
0.6000 0.7000 -9.9731 0.0945
0.7000 0.8000 -14.7728 0.1262
0.8000 0.9000 -25.6785 0.6594
0.9000 1.0000 -242.7791 3.4640
#PMF from MBAR in kcal/mol
0.0000 0.0000 0.0000
0.1000 103.0296 27.2860
0.2000 126.9968 3.4163
0.3000 132.9852 3.4133
0.4000 132.7689 3.4128
0.5000 129.1446 3.4126
0.6000 122.5201 3.4127
0.7000 112.5470 3.4133
0.8000 97.7742 3.4147
0.9000 72.0957 3.4640
1.0000 -170.6834 0.0000
#TI average gradients and standard deviation in kcal/mol
0.0000 2258.6184 75.1612
0.1000 505.0291 98.1870
0.2000 109.3390 28.6951
0.3000 21.3156 22.4868
0.4000 -20.5367 18.2432
0.5000 -52.0602 17.7584
0.6000 -81.6164 18.1374
0.7000 -120.7197 20.5451
0.8000 -185.5996 27.7314
0.9000 -362.7805 45.9727
1.0000 -14432.6509 1083.6776
#PMF from TI in kcal/mol
0.0000 0.0000
0.1000 138.1824
0.2000 168.9008
0.3000 175.4335
0.4000 175.4725
0.5000 171.8426
0.6000 165.1588
0.7000 155.0420
0.8000 139.7260
0.9000 112.3070
1.0000 -627.4646
#MBAR free energy difference in kcal/mol: 
-170.683382, 0.000000  #WARNING SUBSAMPLING DISABLED, CONSIDER RERUN WITH SUBSAMPLING OPTION
#TI free energy difference in kcal/mol: 
-627.464560  #WARNING SUBSAMPLING DISABLED, CONSIDER RERUN WITH SUBSAMPLING OPTION 
Starting /export/users/common/BioSimSpace/sire.app/bin/analyse_freenrg: number of threads equals 32
