# Analysing data contained in file(s) ['lambda_0.0000/simfile_snipped.dat', 'lambda_0.1000/simfile_snipped.dat', 'lambda_0.2000/simfile_snipped.dat', 'lambda_0.3000/simfile_snipped.dat', 'lambda_0.4000/simfile_snipped.dat', 'lambda_0.5000/simfile_snipped.dat', 'lambda_0.6000/simfile_snipped.dat', 'lambda_0.7000/simfile_snipped.dat', 'lambda_0.8000/simfile_snipped.dat', 'lambda_0.9000/simfile_snipped.dat', 'lambda_1.0000/simfile_snipped.dat']
#Overlap matrix
0.8554 0.1434 0.0011 0.0000 0.0000 0.0000 0.0000 0.0000 0.0000 0.0000 0.0000
0.1434 0.6990 0.1558 0.0018 0.0000 0.0000 0.0000 0.0000 0.0000 0.0000 0.0000
0.0011 0.1558 0.6782 0.1626 0.0023 0.0000 0.0000 0.0000 0.0000 0.0000 0.0000
0.0000 0.0018 0.1626 0.6666 0.1664 0.0025 0.0000 0.0000 0.0000 0.0000 0.0000
0.0000 0.0000 0.0023 0.1664 0.6517 0.1750 0.0046 0.0000 0.0000 0.0000 0.0000
0.0000 0.0000 0.0000 0.0025 0.1750 0.6257 0.1920 0.0048 0.0000 0.0000 0.0000
0.0000 0.0000 0.0000 0.0000 0.0046 0.1920 0.6158 0.1841 0.0034 0.0000 0.0000
0.0000 0.0000 0.0000 0.0000 0.0000 0.0048 0.1841 0.6472 0.1592 0.0047 0.0000
0.0000 0.0000 0.0000 0.0000 0.0000 0.0000 0.0034 0.1592 0.6588 0.1779 0.0008
0.0000 0.0000 0.0000 0.0000 0.0000 0.0000 0.0000 0.0047 0.1779 0.7447 0.0728
0.0000 0.0000 0.0000 0.0000 0.0000 0.0000 0.0000 0.0000 0.0008 0.0728 0.9264
#DG from neighbouring lambda in kcal/mol
0.0000 0.1000 7.8905 0.0639
0.1000 0.2000 7.4120 0.0598
0.2000 0.3000 7.0269 0.0576
0.3000 0.4000 6.6060 0.0565
0.4000 0.5000 6.1073 0.0539
0.5000 0.6000 5.7806 0.0497
0.6000 0.7000 5.3816 0.0516
0.7000 0.8000 4.8990 0.0575
0.8000 0.9000 5.5337 0.0536
0.9000 1.0000 8.9453 0.0981
#PMF from MBAR in kcal/mol
0.0000 0.0000 0.0000
0.1000 7.8905 0.0639
0.2000 15.3025 0.0961
0.3000 22.3294 0.1188
0.4000 28.9354 0.1372
0.5000 35.0427 0.1525
0.6000 40.8233 0.1648
0.7000 46.2049 0.1769
0.8000 51.1038 0.1900
0.9000 56.6375 0.2009
1.0000 65.5828 0.2271
#TI average gradients and standard deviation in kcal/mol
0.0000 78.9301 15.8402
0.1000 75.9051 15.9924
0.2000 72.4356 15.0070
0.3000 68.1299 14.8226
0.4000 63.2885 14.4097
0.5000 59.4520 12.9776
0.6000 55.9726 13.0657
0.7000 52.1411 13.0091
0.8000 46.9266 12.6268
0.9000 66.6500 16.2001
1.0000 124.7699 22.9185
#PMF from TI in kcal/mol
0.0000 0.0000
0.1000 7.7418
0.2000 15.1588
0.3000 22.1871
0.4000 28.7580
0.5000 34.8950
0.6000 40.6662
0.7000 46.0719
0.8000 51.0253
0.9000 56.7041
1.0000 66.2751
#MBAR free energy difference in kcal/mol: 
65.582818, 0.227094  #WARNING SUBSAMPLING DISABLED, CONSIDER RERUN WITH SUBSAMPLING OPTION
#TI free energy difference in kcal/mol: 
66.275136  #WARNING SUBSAMPLING DISABLED, CONSIDER RERUN WITH SUBSAMPLING OPTION 
Starting /export/users/common/BioSimSpace/sire.app/bin/analyse_freenrg: number of threads equals 32
