# Analysing data contained in file(s) ['lambda_0.0000/simfile_snipped.dat', 'lambda_0.1000/simfile_snipped.dat', 'lambda_0.2000/simfile_snipped.dat', 'lambda_0.3000/simfile_snipped.dat', 'lambda_0.4000/simfile_snipped.dat', 'lambda_0.5000/simfile_snipped.dat', 'lambda_0.6000/simfile_snipped.dat', 'lambda_0.7000/simfile_snipped.dat', 'lambda_0.8000/simfile_snipped.dat', 'lambda_0.9000/simfile_snipped.dat', 'lambda_1.0000/simfile_snipped.dat']
#Overlap matrix
0.7946 0.1953 0.0100 0.0002 0.0000 0.0000 0.0000 0.0000 0.0000 0.0000 0.0000
0.1953 0.5763 0.2148 0.0134 0.0001 0.0000 0.0000 0.0000 0.0000 0.0000 0.0000
0.0100 0.2148 0.5490 0.2147 0.0113 0.0001 0.0000 0.0000 0.0000 0.0000 0.0000
0.0002 0.0134 0.2147 0.5633 0.1980 0.0101 0.0001 0.0000 0.0000 0.0000 0.0000
0.0000 0.0001 0.0113 0.1980 0.5886 0.1932 0.0086 0.0001 0.0000 0.0000 0.0000
0.0000 0.0000 0.0001 0.0101 0.1932 0.5983 0.1923 0.0060 0.0000 0.0000 0.0000
0.0000 0.0000 0.0000 0.0001 0.0086 0.1923 0.6441 0.1517 0.0031 0.0000 0.0000
0.0000 0.0000 0.0000 0.0000 0.0001 0.0060 0.1517 0.6915 0.1477 0.0030 0.0000
0.0000 0.0000 0.0000 0.0000 0.0000 0.0000 0.0031 0.1477 0.7017 0.1466 0.0008
0.0000 0.0000 0.0000 0.0000 0.0000 0.0000 0.0000 0.0030 0.1466 0.7598 0.0905
0.0000 0.0000 0.0000 0.0000 0.0000 0.0000 0.0000 0.0000 0.0008 0.0905 0.9087
#DG from neighbouring lambda in kcal/mol
0.0000 0.1000 0.0926 0.0489
0.1000 0.2000 -0.6726 0.0429
0.2000 0.3000 -1.4474 0.0427
0.3000 0.4000 -2.2883 0.0462
0.4000 0.5000 -3.0481 0.0476
0.5000 0.6000 -3.8171 0.0486
0.6000 0.7000 -4.3574 0.0592
0.7000 0.8000 -4.9957 0.0612
0.8000 0.9000 -4.4659 0.0621
0.9000 1.0000 -0.1406 0.0862
#PMF from MBAR in kcal/mol
0.0000 0.0000 0.0000
0.1000 0.0926 0.0489
0.2000 -0.5800 0.0745
0.3000 -2.0274 0.0929
0.4000 -4.3157 0.1099
0.5000 -7.3637 0.1251
0.6000 -11.1808 0.1391
0.7000 -15.5382 0.1557
0.8000 -20.5339 0.1715
0.9000 -24.9997 0.1863
1.0000 -25.1404 0.2091
#TI average gradients and standard deviation in kcal/mol
0.0000 131583654.0635 1864927119.8228
0.1000 -3.1593 11.4034
0.2000 -10.6592 11.2710
0.3000 -18.9334 11.7627
0.4000 -27.1308 12.3570
0.5000 -35.6533 12.2006
0.6000 -39.9890 14.9260
0.7000 -47.7762 14.2236
0.8000 -50.5881 15.4016
0.9000 -33.1963 19.0909
1.0000 54.2448 20.2291
#PMF from TI in kcal/mol
0.0000 0.0000
0.1000 6579182.5452
0.2000 6579181.8543
0.3000 6579180.3747
0.4000 6579178.0715
0.5000 6579174.9323
0.6000 6579171.1501
0.7000 6579166.7619
0.8000 6579161.8437
0.9000 6579157.6544
1.0000 6579158.7069
#MBAR free energy difference in kcal/mol: 
-25.140354, 0.209089  #WARNING SUBSAMPLING DISABLED, CONSIDER RERUN WITH SUBSAMPLING OPTION
#TI free energy difference in kcal/mol: 
6579158.706855  #WARNING SUBSAMPLING DISABLED, CONSIDER RERUN WITH SUBSAMPLING OPTION 
Starting /export/users/common/BioSimSpace/sire.app/bin/analyse_freenrg: number of threads equals 32
