# Analysing data contained in file(s) ['lambda_0.0000/simfile_snipped.dat', 'lambda_0.1000/simfile_snipped.dat', 'lambda_0.2000/simfile_snipped.dat', 'lambda_0.3000/simfile_snipped.dat', 'lambda_0.4000/simfile_snipped.dat', 'lambda_0.5000/simfile_snipped.dat', 'lambda_0.6000/simfile_snipped.dat', 'lambda_0.7000/simfile_snipped.dat', 'lambda_0.8000/simfile_snipped.dat', 'lambda_0.9000/simfile_snipped.dat', 'lambda_1.0000/simfile_snipped.dat']
#Overlap matrix
0.8598 0.1392 0.0009 0.0000 0.0000 0.0000 0.0000 0.0000 0.0000 0.0000 0.0000
0.1392 0.7224 0.1374 0.0010 0.0000 0.0000 0.0000 0.0000 0.0000 0.0000 0.0000
0.0009 0.1374 0.7098 0.1499 0.0020 0.0000 0.0000 0.0000 0.0000 0.0000 0.0000
0.0000 0.0010 0.1499 0.6693 0.1758 0.0040 0.0000 0.0000 0.0000 0.0000 0.0000
0.0000 0.0000 0.0020 0.1758 0.6324 0.1828 0.0069 0.0000 0.0000 0.0000 0.0000
0.0000 0.0000 0.0000 0.0040 0.1828 0.5996 0.2045 0.0090 0.0001 0.0000 0.0000
0.0000 0.0000 0.0000 0.0000 0.0069 0.2045 0.5720 0.2044 0.0121 0.0001 0.0000
0.0000 0.0000 0.0000 0.0000 0.0000 0.0090 0.2044 0.5568 0.2178 0.0119 0.0001
0.0000 0.0000 0.0000 0.0000 0.0000 0.0001 0.0121 0.2178 0.5559 0.2065 0.0076
0.0000 0.0000 0.0000 0.0000 0.0000 0.0000 0.0001 0.0119 0.2065 0.5840 0.1975
0.0000 0.0000 0.0000 0.0000 0.0000 0.0000 0.0000 0.0001 0.0076 0.1975 0.7949
#DG from neighbouring lambda in kcal/mol
0.0000 0.1000 -0.7181 0.0653
0.1000 0.2000 -1.9650 0.0656
0.2000 0.3000 -3.2196 0.0614
0.3000 0.4000 -4.0576 0.0539
0.4000 0.5000 -4.4813 0.0513
0.5000 0.6000 -4.5592 0.0460
0.6000 0.7000 -4.4574 0.0451
0.7000 0.8000 -4.0255 0.0423
0.8000 0.9000 -3.1138 0.0450
0.9000 1.0000 -0.6965 0.0489
#PMF from MBAR in kcal/mol
0.0000 0.0000 0.0000
0.1000 -0.7181 0.0653
0.2000 -2.6830 0.1007
0.3000 -5.9027 0.1245
0.4000 -9.9602 0.1412
0.5000 -14.4415 0.1551
0.6000 -19.0007 0.1660
0.7000 -23.4581 0.1759
0.8000 -27.4837 0.1845
0.9000 -30.5975 0.1933
1.0000 -31.2940 0.2029
#TI average gradients and standard deviation in kcal/mol
0.0000 -1.3565 15.9395
0.1000 -13.3379 14.6569
0.2000 -26.7263 15.4813
0.3000 -37.1227 14.3768
0.4000 -42.9986 13.2150
0.5000 -46.4315 12.6469
0.6000 -45.2560 12.9031
0.7000 -43.0935 12.1610
0.8000 -36.7005 12.0189
0.9000 -23.7215 13.1585
1.0000 18.7899 13.8181
#PMF from TI in kcal/mol
0.0000 0.0000
0.1000 -0.7347
0.2000 -2.7379
0.3000 -5.9304
0.4000 -9.9364
0.5000 -14.4079
0.6000 -18.9923
0.7000 -23.4098
0.8000 -27.3995
0.9000 -30.4206
1.0000 -30.6672
#MBAR free energy difference in kcal/mol: 
-31.293979, 0.202895  #WARNING SUBSAMPLING DISABLED, CONSIDER RERUN WITH SUBSAMPLING OPTION
#TI free energy difference in kcal/mol: 
-30.667173  #WARNING SUBSAMPLING DISABLED, CONSIDER RERUN WITH SUBSAMPLING OPTION 
Starting /export/users/common/BioSimSpace/sire.app/bin/analyse_freenrg: number of threads equals 32
