# Analysing data contained in file(s) ['lambda_0.0000/simfile_snipped.dat', 'lambda_0.1000/simfile_snipped.dat', 'lambda_0.2000/simfile_snipped.dat', 'lambda_0.3000/simfile_snipped.dat', 'lambda_0.4000/simfile_snipped.dat', 'lambda_0.5000/simfile_snipped.dat', 'lambda_0.6000/simfile_snipped.dat', 'lambda_0.7000/simfile_snipped.dat', 'lambda_0.8000/simfile_snipped.dat', 'lambda_0.9000/simfile_snipped.dat', 'lambda_1.0000/simfile_snipped.dat']
#Overlap matrix
1.0000 0.0000 0.0000 0.0000 0.0000 0.0000 0.0000 0.0000 0.0000 0.0000 0.0000
0.0000 0.9999 0.0001 0.0000 0.0000 0.0000 0.0000 0.0000 0.0000 0.0000 0.0000
0.0000 0.0001 0.9578 0.0421 0.0000 0.0000 0.0000 0.0000 0.0000 0.0000 0.0000
0.0000 0.0000 0.0421 0.8644 0.0933 0.0002 0.0000 0.0000 0.0000 0.0000 0.0000
0.0000 0.0000 0.0000 0.0933 0.7808 0.1253 0.0006 0.0000 0.0000 0.0000 0.0000
0.0000 0.0000 0.0000 0.0002 0.1253 0.7229 0.1509 0.0007 0.0000 0.0000 0.0000
0.0000 0.0000 0.0000 0.0000 0.0006 0.1509 0.7114 0.1360 0.0011 0.0000 0.0000
0.0000 0.0000 0.0000 0.0000 0.0000 0.0007 0.1360 0.7314 0.1316 0.0003 0.0000
0.0000 0.0000 0.0000 0.0000 0.0000 0.0000 0.0011 0.1316 0.7711 0.0962 0.0000
0.0000 0.0000 0.0000 0.0000 0.0000 0.0000 0.0000 0.0003 0.0962 0.9004 0.0031
0.0000 0.0000 0.0000 0.0000 0.0000 0.0000 0.0000 0.0000 0.0000 0.0031 0.9969
#DG from neighbouring lambda in kcal/mol
0.0000 0.1000 55.6592 2.2160
0.1000 0.2000 -2.5078 2.4557
0.2000 0.3000 -13.3169 0.1344
0.3000 0.4000 -16.0268 0.0849
0.4000 0.5000 -16.9592 0.0702
0.5000 0.6000 -17.4231 0.0616
0.6000 0.7000 -17.7953 0.0660
0.7000 0.8000 -17.9363 0.0677
0.8000 0.9000 -18.7899 0.0834
0.9000 1.0000 -23.3375 0.5146
#PMF from MBAR in kcal/mol
0.0000 0.0000 0.0000
0.1000 55.6592 2.2160
0.2000 53.1514 0.2912
0.3000 39.8345 0.2701
0.4000 23.8077 0.2634
0.5000 6.8485 0.2610
0.6000 -10.5746 0.2610
0.7000 -28.3698 0.2633
0.8000 -46.3061 0.2679
0.9000 -65.0960 0.2773
1.0000 -88.4336 0.5386
#TI average gradients and standard deviation in kcal/mol
0.0000 3025.0646 89.0068
0.1000 125.6110 57.8183
0.2000 -110.3831 26.5962
0.3000 -150.7791 20.2056
0.4000 -166.2474 16.8695
0.5000 -172.7778 16.0886
0.6000 -175.4588 15.8131
0.7000 -178.6674 14.3218
0.8000 -182.6547 17.5679
0.9000 -193.6722 19.3949
1.0000 -481.1610 123.3397
#PMF from TI in kcal/mol
0.0000 0.0000
0.1000 157.5338
0.2000 158.2952
0.3000 145.2371
0.4000 129.3857
0.5000 112.4345
0.6000 95.0226
0.7000 77.3163
0.8000 59.2502
0.9000 40.4339
1.0000 6.6922
#MBAR free energy difference in kcal/mol: 
-88.433556, 0.538554  #WARNING SUBSAMPLING DISABLED, CONSIDER RERUN WITH SUBSAMPLING OPTION
#TI free energy difference in kcal/mol: 
6.692234  #WARNING SUBSAMPLING DISABLED, CONSIDER RERUN WITH SUBSAMPLING OPTION 
Starting /export/users/common/BioSimSpace/sire.app/bin/analyse_freenrg: number of threads equals 32
