# Analysing data contained in file(s) ['lambda_0.0000/simfile_snipped.dat', 'lambda_0.1000/simfile_snipped.dat', 'lambda_0.2000/simfile_snipped.dat', 'lambda_0.3000/simfile_snipped.dat', 'lambda_0.4000/simfile_snipped.dat', 'lambda_0.5000/simfile_snipped.dat', 'lambda_0.6000/simfile_snipped.dat', 'lambda_0.7000/simfile_snipped.dat', 'lambda_0.8000/simfile_snipped.dat', 'lambda_0.9000/simfile_snipped.dat', 'lambda_1.0000/simfile_snipped.dat']
#Overlap matrix
0.7444 0.2403 0.0152 0.0002 0.0000 0.0000 0.0000 0.0000 0.0000 0.0000 0.0000
0.2403 0.5509 0.1945 0.0139 0.0004 0.0000 0.0000 0.0000 0.0000 0.0000 0.0000
0.0152 0.1945 0.5337 0.2314 0.0246 0.0006 0.0000 0.0000 0.0000 0.0000 0.0000
0.0002 0.0139 0.2314 0.5149 0.2318 0.0078 0.0000 0.0000 0.0000 0.0000 0.0000
0.0000 0.0004 0.0246 0.2318 0.6357 0.1065 0.0009 0.0000 0.0000 0.0000 0.0000
0.0000 0.0000 0.0006 0.0078 0.1065 0.7926 0.0919 0.0006 0.0000 0.0000 0.0000
0.0000 0.0000 0.0000 0.0000 0.0009 0.0919 0.8414 0.0655 0.0002 0.0000 0.0000
0.0000 0.0000 0.0000 0.0000 0.0000 0.0006 0.0655 0.8225 0.1113 0.0002 0.0000
0.0000 0.0000 0.0000 0.0000 0.0000 0.0000 0.0002 0.1113 0.8553 0.0332 0.0000
0.0000 0.0000 0.0000 0.0000 0.0000 0.0000 0.0000 0.0002 0.0332 0.9523 0.0143
0.0000 0.0000 0.0000 0.0000 0.0000 0.0000 0.0000 0.0000 0.0000 0.0143 0.9857
#DG from neighbouring lambda in kcal/mol
0.0000 0.1000 -0.5175 0.0400
0.1000 0.2000 -0.3000 0.0455
0.2000 0.3000 -0.2238 0.0380
0.3000 0.4000 0.8827 0.0388
0.4000 0.5000 2.8369 0.0743
0.5000 0.6000 3.5949 0.0850
0.6000 0.7000 4.2329 0.1043
0.7000 0.8000 4.0941 0.0760
0.8000 0.9000 7.8111 0.1524
0.9000 1.0000 18.1691 0.2374
#PMF from MBAR in kcal/mol
0.0000 0.0000 0.0000
0.1000 -0.5175 0.0400
0.2000 -0.8175 0.0699
0.3000 -1.0413 0.0872
0.4000 -0.1585 0.1010
0.5000 2.6784 0.1301
0.6000 6.2733 0.1602
0.7000 10.5061 0.1950
0.8000 14.6002 0.2131
0.9000 22.4113 0.2651
1.0000 40.5804 0.3582
#TI average gradients and standard deviation in kcal/mol
0.0000 -22.2106 15.0214
0.1000 -0.1697 11.7818
0.2000 -4.4680 10.7928
0.3000 0.4903 10.5412
0.4000 19.4077 13.7153
0.5000 34.5173 21.0539
0.6000 40.9375 19.1654
0.7000 35.7200 20.3680
0.8000 55.3690 20.5638
0.9000 106.9556 29.9271
1.0000 321.2887 30.4043
#PMF from TI in kcal/mol
0.0000 0.0000
0.1000 -1.1190
0.2000 -1.3509
0.3000 -1.5498
0.4000 -0.5549
0.5000 2.1414
0.6000 5.9141
0.7000 9.7470
0.8000 14.3014
0.9000 22.4177
1.0000 43.8299
#MBAR free energy difference in kcal/mol: 
40.580361, 0.358171  #WARNING SUBSAMPLING DISABLED, CONSIDER RERUN WITH SUBSAMPLING OPTION
#TI free energy difference in kcal/mol: 
43.829887  #WARNING SUBSAMPLING DISABLED, CONSIDER RERUN WITH SUBSAMPLING OPTION 
Starting /export/users/common/BioSimSpace/sire.app/bin/analyse_freenrg: number of threads equals 32
