# Analysing data contained in file(s) ['lambda_0.0000/simfile_snipped.dat', 'lambda_0.1000/simfile_snipped.dat', 'lambda_0.2000/simfile_snipped.dat', 'lambda_0.3000/simfile_snipped.dat', 'lambda_0.4000/simfile_snipped.dat', 'lambda_0.5000/simfile_snipped.dat', 'lambda_0.6000/simfile_snipped.dat', 'lambda_0.7000/simfile_snipped.dat', 'lambda_0.8000/simfile_snipped.dat', 'lambda_0.9000/simfile_snipped.dat', 'lambda_1.0000/simfile_snipped.dat']
#Overlap matrix
0.9079 0.0911 0.0010 0.0000 0.0000 0.0000 0.0000 0.0000 0.0000 0.0000 0.0000
0.0911 0.7310 0.1777 0.0003 0.0000 0.0000 0.0000 0.0000 0.0000 0.0000 0.0000
0.0010 0.1777 0.7767 0.0443 0.0003 0.0000 0.0000 0.0000 0.0000 0.0000 0.0000
0.0000 0.0003 0.0443 0.7653 0.1864 0.0036 0.0000 0.0000 0.0000 0.0000 0.0000
0.0000 0.0000 0.0003 0.1864 0.7213 0.0919 0.0000 0.0000 0.0000 0.0000 0.0000
0.0000 0.0000 0.0000 0.0036 0.0919 0.8991 0.0053 0.0000 0.0000 0.0000 0.0000
0.0000 0.0000 0.0000 0.0000 0.0000 0.0053 0.9597 0.0348 0.0001 0.0000 0.0000
0.0000 0.0000 0.0000 0.0000 0.0000 0.0000 0.0348 0.8857 0.0789 0.0005 0.0000
0.0000 0.0000 0.0000 0.0000 0.0000 0.0000 0.0001 0.0789 0.7971 0.1233 0.0006
0.0000 0.0000 0.0000 0.0000 0.0000 0.0000 0.0000 0.0005 0.1233 0.7899 0.0862
0.0000 0.0000 0.0000 0.0000 0.0000 0.0000 0.0000 0.0000 0.0006 0.0862 0.9132
#DG from neighbouring lambda in kcal/mol
0.0000 0.1000 5.7825 0.0858
0.1000 0.2000 3.9157 0.0546
0.2000 0.3000 1.4000 0.1296
0.3000 0.4000 0.2429 0.0520
0.4000 0.5000 5.1101 0.0839
0.5000 0.6000 6.0474 0.3924
0.6000 0.7000 3.9769 0.1487
0.7000 0.8000 2.8921 0.0937
0.8000 0.9000 2.7516 0.0708
0.9000 1.0000 5.5760 0.0889
#PMF from MBAR in kcal/mol
0.0000 0.0000 0.0000
0.1000 5.7825 0.0858
0.2000 9.6982 0.1091
0.3000 11.0983 0.1741
0.4000 11.3412 0.1860
0.5000 16.4513 0.2073
0.6000 22.4988 0.4457
0.7000 26.4756 0.4716
0.8000 29.3677 0.4824
0.9000 32.1193 0.4892
1.0000 37.6953 0.4988
#TI average gradients and standard deviation in kcal/mol
0.0000 20987558248.7338 319224854350.8200
0.1000 44.8103 16.4122
0.2000 35.3118 13.3346
0.3000 -4.8552 13.8267
0.4000 13.7964 15.3442
0.5000 98.2562 38.2632
0.6000 49.6240 27.3148
0.7000 31.3106 22.3434
0.8000 23.3366 16.3869
0.9000 35.0402 17.1419
1.0000 83.2427 24.0227
#PMF from TI in kcal/mol
0.0000 0.0000
0.1000 1049377914.6772
0.2000 1049377918.6833
0.3000 1049377920.2061
0.4000 1049377920.6532
0.5000 1049377926.2558
0.6000 1049377933.6498
0.7000 1049377937.6966
0.8000 1049377940.4289
0.9000 1049377943.3478
1.0000 1049377949.2619
#MBAR free energy difference in kcal/mol: 
37.695259, 0.498811  #WARNING SUBSAMPLING DISABLED, CONSIDER RERUN WITH SUBSAMPLING OPTION
#TI free energy difference in kcal/mol: 
1049377949.261912  #WARNING SUBSAMPLING DISABLED, CONSIDER RERUN WITH SUBSAMPLING OPTION 
Starting /export/users/common/BioSimSpace/sire.app/bin/analyse_freenrg: number of threads equals 32
