# Analysing data contained in file(s) ['lambda_0.0000/simfile.dat', 'lambda_0.1000/simfile.dat', 'lambda_0.2000/simfile.dat', 'lambda_0.3000/simfile.dat', 'lambda_0.4000/simfile.dat', 'lambda_0.5000/simfile.dat', 'lambda_0.6000/simfile.dat', 'lambda_0.7000/simfile.dat', 'lambda_0.8000/simfile.dat', 'lambda_0.9000/simfile.dat', 'lambda_1.0000/simfile.dat']
#Overlap matrix
0.9994 0.0006 0.0000 0.0000 0.0000 0.0000 0.0000 0.0000 0.0000 0.0000 0.0000
0.0006 0.9986 0.0007 0.0000 0.0000 0.0000 0.0000 0.0000 0.0000 0.0000 0.0000
0.0000 0.0007 0.9992 0.0000 0.0000 0.0000 0.0000 0.0000 0.0000 0.0000 0.0000
0.0000 0.0000 0.0000 1.0000 0.0000 0.0000 0.0000 0.0000 0.0000 0.0000 0.0000
0.0000 0.0000 0.0000 0.0000 0.9946 0.0054 0.0000 0.0000 0.0000 0.0000 0.0000
0.0000 0.0000 0.0000 0.0000 0.0054 0.9722 0.0224 0.0000 0.0000 0.0000 0.0000
0.0000 0.0000 0.0000 0.0000 0.0000 0.0224 0.9317 0.0459 0.0000 0.0000 0.0000
0.0000 0.0000 0.0000 0.0000 0.0000 0.0000 0.0459 0.8984 0.0556 0.0000 0.0000
0.0000 0.0000 0.0000 0.0000 0.0000 0.0000 0.0000 0.0556 0.9012 0.0431 0.0000
0.0000 0.0000 0.0000 0.0000 0.0000 0.0000 0.0000 0.0000 0.0431 0.9001 0.0568
0.0000 0.0000 0.0000 0.0000 0.0000 0.0000 0.0000 0.0000 0.0000 0.0568 0.9432
#DG from neighbouring lambda in kcal/mol
0.0000 0.1000 -17.3469 1.0626
0.1000 0.2000 -12.7102 0.9579
0.2000 0.3000 -17.5212 10.9795
0.3000 0.4000 -30.6511 8.2599
0.4000 0.5000 -9.3488 0.3542
0.5000 0.6000 -2.2795 0.1710
0.6000 0.7000 -3.2282 0.1163
0.7000 0.8000 -6.4981 0.1046
0.8000 0.9000 -11.6057 0.1205
0.9000 1.0000 -16.8346 0.1034
#PMF from MBAR in kcal/mol
0.0000 0.0000 0.0000
0.1000 -17.3469 1.0626
0.2000 -30.0571 1.4311
0.3000 -47.5783 11.0724
0.4000 -78.2294 2.9183
0.5000 -87.5782 2.9027
0.6000 -89.8577 2.9005
0.7000 -93.0858 2.9001
0.8000 -99.5839 2.9004
0.9000 -111.1896 2.9016
1.0000 -128.0242 2.9031
#TI average gradients and standard deviation in kcal/mol
0.0000 -206.3055 40.1612
0.1000 -133.2997 36.4114
0.2000 -148.6377 42.2406
0.3000 -189.7606 47.1905
0.4000 -193.9103 38.6178
0.5000 -29.3777 30.1034
0.6000 -24.0607 25.0765
0.7000 -41.4643 23.6970
0.8000 -87.6196 22.9975
0.9000 -144.6651 22.6982
1.0000 -161.6273 24.9756
#PMF from TI in kcal/mol
0.0000 0.0000
0.1000 -16.9803
0.2000 -31.0771
0.3000 -47.9970
0.4000 -67.1806
0.5000 -78.3450
0.6000 -81.0169
0.7000 -84.2932
0.8000 -90.7474
0.9000 -102.3616
1.0000 -117.6762
#MBAR free energy difference in kcal/mol: 
-128.024197, 2.903059 
#TI free energy difference in kcal/mol: 
-117.676210  
Starting /export/users/common/BioSimSpace/sire.app/bin/analyse_freenrg: number of threads equals 32
