# Analysing data contained in file(s) ['lambda_0.0000/simfile.dat', 'lambda_0.1000/simfile.dat', 'lambda_0.2000/simfile.dat', 'lambda_0.3000/simfile.dat', 'lambda_0.4000/simfile.dat', 'lambda_0.5000/simfile.dat', 'lambda_0.6000/simfile.dat', 'lambda_0.7000/simfile.dat', 'lambda_0.8000/simfile.dat', 'lambda_0.9000/simfile.dat', 'lambda_1.0000/simfile.dat']
#Overlap matrix
1.0000 0.0000 0.0000 0.0000 0.0000 0.0000 0.0000 0.0000 0.0000 0.0000 0.0000
0.0000 0.9638 0.0362 0.0000 0.0000 0.0000 0.0000 0.0000 0.0000 0.0000 0.0000
0.0000 0.0362 0.8432 0.1201 0.0005 0.0000 0.0000 0.0000 0.0000 0.0000 0.0000
0.0000 0.0000 0.1201 0.7604 0.1190 0.0005 0.0000 0.0000 0.0000 0.0000 0.0000
0.0000 0.0000 0.0005 0.1190 0.7226 0.1566 0.0013 0.0000 0.0000 0.0000 0.0000
0.0000 0.0000 0.0000 0.0005 0.1566 0.7035 0.1388 0.0006 0.0000 0.0000 0.0000
0.0000 0.0000 0.0000 0.0000 0.0013 0.1388 0.7238 0.1359 0.0002 0.0000 0.0000
0.0000 0.0000 0.0000 0.0000 0.0000 0.0006 0.1359 0.7832 0.0803 0.0000 0.0000
0.0000 0.0000 0.0000 0.0000 0.0000 0.0000 0.0002 0.0803 0.9128 0.0067 0.0000
0.0000 0.0000 0.0000 0.0000 0.0000 0.0000 0.0000 0.0000 0.0067 0.9933 0.0000
0.0000 0.0000 0.0000 0.0000 0.0000 0.0000 0.0000 0.0000 0.0000 0.0000 1.0000
#DG from neighbouring lambda in kcal/mol
0.0000 0.1000 43.5995 0.1492
0.1000 0.2000 13.1189 0.1256
0.2000 0.3000 8.9843 0.0623
0.3000 0.4000 6.8610 0.0625
0.4000 0.5000 4.8010 0.0515
0.5000 0.6000 3.3379 0.0561
0.6000 0.7000 1.3771 0.0572
0.7000 0.8000 -1.2646 0.0801
0.8000 0.9000 -9.3018 0.3003
0.9000 1.0000 -171.1753 0.2853
#PMF from MBAR in kcal/mol
0.0000 0.0000 0.0000
0.1000 43.5995 0.1492
0.2000 56.7184 0.0951
0.3000 65.7027 0.0790
0.4000 72.5637 0.0673
0.5000 77.3647 0.0642
0.6000 80.7026 0.0678
0.7000 82.0797 0.0779
0.8000 80.8151 0.1016
0.9000 71.5133 0.2853
1.0000 -99.6620 0.0000
#TI average gradients and standard deviation in kcal/mol
0.0000 8898.7046 913.1439
0.1000 180.2663 29.9742
0.2000 102.8111 16.6180
0.3000 81.7518 16.9891
0.4000 62.9139 15.7147
0.5000 41.6876 11.5409
0.6000 29.6496 8.3138
0.7000 0.7337 16.9827
0.8000 -34.5919 16.2905
0.9000 -182.7752 51.1065
1.0000 -2879.7182 86.0814
#PMF from TI in kcal/mol
0.0000 0.0000
0.1000 453.9485
0.2000 468.1024
0.3000 477.3306
0.4000 484.5638
0.5000 489.7939
0.6000 493.3608
0.7000 494.8799
0.8000 493.1870
0.9000 482.3187
1.0000 329.1940
#MBAR free energy difference in kcal/mol: 
-99.662012, 0.000000 
#TI free energy difference in kcal/mol: 
329.194003  #WARNING SUBSAMPLING GRADIENTS RESULTED IN LESS THAN 50 SAMPLES, CONSIDER RERUN WITHOUT SUBSAMPLE OPTION 
Starting /export/users/common/BioSimSpace/sire.app/bin/analyse_freenrg: number of threads equals 32
