# Analysing data contained in file(s) ['lambda_0.0000/simfile.dat', 'lambda_0.1000/simfile.dat', 'lambda_0.2000/simfile.dat', 'lambda_0.3000/simfile.dat', 'lambda_0.4000/simfile.dat', 'lambda_0.5000/simfile.dat', 'lambda_0.6000/simfile.dat', 'lambda_0.7000/simfile.dat', 'lambda_0.8000/simfile.dat', 'lambda_0.9000/simfile.dat', 'lambda_1.0000/simfile.dat']
#Overlap matrix
0.9140 0.0859 0.0000 0.0000 0.0000 0.0000 0.0000 0.0000 0.0000 0.0000 0.0000
0.0859 0.8641 0.0499 0.0000 0.0000 0.0000 0.0000 0.0000 0.0000 0.0000 0.0000
0.0000 0.0499 0.8493 0.0989 0.0019 0.0000 0.0000 0.0000 0.0000 0.0000 0.0000
0.0000 0.0000 0.0989 0.7275 0.1703 0.0033 0.0000 0.0000 0.0000 0.0000 0.0000
0.0000 0.0000 0.0019 0.1703 0.7306 0.0966 0.0007 0.0000 0.0000 0.0000 0.0000
0.0000 0.0000 0.0000 0.0033 0.0966 0.8578 0.0423 0.0000 0.0000 0.0000 0.0000
0.0000 0.0000 0.0000 0.0000 0.0007 0.0423 0.9569 0.0000 0.0000 0.0000 0.0000
0.0000 0.0000 0.0000 0.0000 0.0000 0.0000 0.0000 0.9983 0.0017 0.0000 0.0000
0.0000 0.0000 0.0000 0.0000 0.0000 0.0000 0.0000 0.0017 0.9916 0.0067 0.0000
0.0000 0.0000 0.0000 0.0000 0.0000 0.0000 0.0000 0.0000 0.0067 0.9842 0.0091
0.0000 0.0000 0.0000 0.0000 0.0000 0.0000 0.0000 0.0000 0.0000 0.0091 0.9909
#DG from neighbouring lambda in kcal/mol
0.0000 0.1000 0.4711 0.0732
0.1000 0.2000 -4.4168 0.1001
0.2000 0.3000 -11.0962 0.0664
0.3000 0.4000 -13.8002 0.0454
0.4000 0.5000 -13.9345 0.0665
0.5000 0.6000 -6.0697 0.1087
0.6000 0.7000 13.8472 0.4758
0.7000 0.8000 1.8991 0.5764
0.8000 0.9000 0.6482 0.2865
0.9000 1.0000 2.6868 0.2445
#PMF from MBAR in kcal/mol
0.0000 0.0000 0.0000
0.1000 0.4711 0.0732
0.2000 -3.9457 0.1284
0.3000 -15.0419 0.1484
0.4000 -28.8421 0.1583
0.5000 -42.7765 0.1743
0.6000 -48.8462 0.2077
0.7000 -34.9991 0.4740
0.8000 -33.1000 0.2409
0.9000 -32.4518 0.2409
1.0000 -29.7650 0.2974
#TI average gradients and standard deviation in kcal/mol
0.0000 11.0369 18.3009
0.1000 -14.9229 19.9672
0.2000 -81.3867 22.0904
0.3000 -130.7076 14.7294
0.4000 -140.7642 17.5145
0.5000 -126.0918 19.1793
0.6000 42.9027 34.7697
0.7000 19.4375 39.2748
0.8000 10.6512 35.3723
0.9000 15.2341 32.6914
1.0000 50.5200 29.7374
#PMF from TI in kcal/mol
0.0000 0.0000
0.1000 -0.1943
0.2000 -5.0098
0.3000 -15.6145
0.4000 -29.1881
0.5000 -42.5309
0.6000 -46.6903
0.7000 -43.5733
0.8000 -42.0689
0.9000 -40.7746
1.0000 -37.4869
#MBAR free energy difference in kcal/mol: 
-29.764958, 0.297407 
#TI free energy difference in kcal/mol: 
-37.486935  
Starting /export/users/common/BioSimSpace/sire.app/bin/analyse_freenrg: number of threads equals 32
