# Analysing data contained in file(s) ['lambda_0.0000/simfile.dat', 'lambda_0.1000/simfile.dat', 'lambda_0.2000/simfile.dat', 'lambda_0.3000/simfile.dat', 'lambda_0.4000/simfile.dat', 'lambda_0.5000/simfile.dat', 'lambda_0.6000/simfile.dat', 'lambda_0.7000/simfile.dat', 'lambda_0.8000/simfile.dat', 'lambda_0.9000/simfile.dat', 'lambda_1.0000/simfile.dat']
#Overlap matrix
0.9066 0.0930 0.0004 0.0000 0.0000 0.0000 0.0000 0.0000 0.0000 0.0000 0.0000
0.0930 0.7759 0.1292 0.0019 0.0000 0.0000 0.0000 0.0000 0.0000 0.0000 0.0000
0.0004 0.1292 0.7048 0.1626 0.0031 0.0000 0.0000 0.0000 0.0000 0.0000 0.0000
0.0000 0.0019 0.1626 0.6603 0.1709 0.0043 0.0000 0.0000 0.0000 0.0000 0.0000
0.0000 0.0000 0.0031 0.1709 0.6432 0.1789 0.0039 0.0000 0.0000 0.0000 0.0000
0.0000 0.0000 0.0000 0.0043 0.1789 0.6304 0.1816 0.0048 0.0000 0.0000 0.0000
0.0000 0.0000 0.0000 0.0000 0.0039 0.1816 0.6207 0.1888 0.0050 0.0000 0.0000
0.0000 0.0000 0.0000 0.0000 0.0000 0.0048 0.1888 0.6159 0.1867 0.0037 0.0000
0.0000 0.0000 0.0000 0.0000 0.0000 0.0000 0.0050 0.1867 0.6444 0.1625 0.0013
0.0000 0.0000 0.0000 0.0000 0.0000 0.0000 0.0000 0.0037 0.1625 0.6996 0.1341
0.0000 0.0000 0.0000 0.0000 0.0000 0.0000 0.0000 0.0000 0.0013 0.1341 0.8645
#DG from neighbouring lambda in kcal/mol
0.0000 0.1000 -11.5948 0.0687
0.1000 0.2000 -8.8899 0.0552
0.2000 0.3000 -6.9957 0.0464
0.3000 0.4000 -5.6747 0.0443
0.4000 0.5000 -4.5753 0.0426
0.5000 0.6000 -3.6803 0.0421
0.6000 0.7000 -2.6882 0.0406
0.7000 0.8000 -1.6040 0.0412
0.8000 0.9000 -0.4812 0.0464
0.9000 1.0000 0.4456 0.0540
#PMF from MBAR in kcal/mol
0.0000 0.0000 0.0000
0.1000 -11.5948 0.0687
0.2000 -20.4847 0.0939
0.3000 -27.4804 0.1094
0.4000 -33.1551 0.1221
0.5000 -37.7303 0.1329
0.6000 -41.4106 0.1428
0.7000 -44.0988 0.1516
0.8000 -45.7027 0.1601
0.9000 -46.1840 0.1696
1.0000 -45.7384 0.1808
#TI average gradients and standard deviation in kcal/mol
0.0000 -137.2939 21.1680
0.1000 -99.7935 18.1740
0.2000 -78.5857 15.6429
0.3000 -62.2985 14.4299
0.4000 -51.2780 14.0989
0.5000 -41.3489 13.7854
0.6000 -30.5444 13.6621
0.7000 -21.2505 13.4875
0.8000 -10.7128 13.7949
0.9000 0.5060 15.3170
1.0000 12.9788 18.2776
#PMF from TI in kcal/mol
0.0000 0.0000
0.1000 -11.8544
0.2000 -20.7733
0.3000 -27.8175
0.4000 -33.4964
0.5000 -38.1277
0.6000 -41.7224
0.7000 -44.3121
0.8000 -45.9103
0.9000 -46.4206
1.0000 -45.7464
#MBAR free energy difference in kcal/mol: 
-45.738357, 0.180830 
#TI free energy difference in kcal/mol: 
-45.746379  
Starting /export/users/common/BioSimSpace/sire.app/bin/analyse_freenrg: number of threads equals 32
