# Analysing data contained in file(s) ['lambda_0.0000/simfile.dat', 'lambda_0.1000/simfile.dat', 'lambda_0.2000/simfile.dat', 'lambda_0.3000/simfile.dat', 'lambda_0.4000/simfile.dat', 'lambda_0.5000/simfile.dat', 'lambda_0.6000/simfile.dat', 'lambda_0.7000/simfile.dat', 'lambda_0.8000/simfile.dat', 'lambda_0.9000/simfile.dat', 'lambda_1.0000/simfile.dat']
#Overlap matrix
1.0000 0.0000 0.0000 0.0000 0.0000 0.0000 0.0000 0.0000 0.0000 0.0000 0.0000
0.0000 0.9843 0.0157 0.0000 0.0000 0.0000 0.0000 0.0000 0.0000 0.0000 0.0000
0.0000 0.0157 0.9617 0.0225 0.0001 0.0000 0.0000 0.0000 0.0000 0.0000 0.0000
0.0000 0.0000 0.0225 0.8128 0.1647 0.0000 0.0000 0.0000 0.0000 0.0000 0.0000
0.0000 0.0000 0.0001 0.1647 0.8309 0.0043 0.0000 0.0000 0.0000 0.0000 0.0000
0.0000 0.0000 0.0000 0.0000 0.0043 0.9770 0.0187 0.0000 0.0000 0.0000 0.0000
0.0000 0.0000 0.0000 0.0000 0.0000 0.0187 0.9813 0.0000 0.0000 0.0000 0.0000
0.0000 0.0000 0.0000 0.0000 0.0000 0.0000 0.0000 1.0000 0.0000 0.0000 0.0000
0.0000 0.0000 0.0000 0.0000 0.0000 0.0000 0.0000 0.0000 1.0000 0.0000 0.0000
0.0000 0.0000 0.0000 0.0000 0.0000 0.0000 0.0000 0.0000 0.0000 1.0000 0.0000
0.0000 0.0000 0.0000 0.0000 0.0000 0.0000 0.0000 0.0000 0.0000 0.0000 1.0000
#DG from neighbouring lambda in kcal/mol
0.0000 0.1000 47.1354 0.2375
0.1000 0.2000 13.0916 0.1949
0.2000 0.3000 0.9401 0.1615
0.3000 0.4000 -4.4144 0.0501
0.4000 0.5000 -7.7494 0.3742
0.5000 0.6000 -4.3121 0.1784
0.6000 0.7000 23.8878 28.8908
0.7000 0.8000 3.5375 43.2877
0.8000 0.9000 -5.7583 3.9988
0.9000 1.0000 -89.1433 14.6734
#PMF from MBAR in kcal/mol
0.0000 0.0000 0.0000
0.1000 47.1354 0.2375
0.2000 60.2270 0.1739
0.3000 61.1671 0.1454
0.4000 56.7527 0.1455
0.5000 49.0033 0.2612
0.6000 44.6912 0.3004
0.7000 68.5790 28.8892
0.8000 72.1165 14.4907
0.9000 66.3582 14.6734
1.0000 -22.7852 0.0000
#TI average gradients and standard deviation in kcal/mol
0.0000 2088.3482 348.8717
0.1000 216.9863 30.4063
0.2000 72.7357 19.6461
0.3000 -33.9015 12.7131
0.4000 -38.7621 13.0474
0.5000 -95.9945 19.4439
0.6000 83.8727 37.2683
0.7000 38.2248 53.5760
0.8000 -9.8675 55.0522
0.9000 -199.9897 87.8462
1.0000 -2473.9733 83.9386
#PMF from TI in kcal/mol
0.0000 0.0000
0.1000 115.2667
0.2000 129.7528
0.3000 131.6945
0.4000 128.0614
0.5000 121.3235
0.6000 120.7174
0.7000 126.8223
0.8000 128.2402
0.9000 117.7473
1.0000 -15.9508
#MBAR free energy difference in kcal/mol: 
-22.785167, 0.000000 
#TI free energy difference in kcal/mol: 
-15.950828  #WARNING SUBSAMPLING GRADIENTS RESULTED IN LESS THAN 50 SAMPLES, CONSIDER RERUN WITHOUT SUBSAMPLE OPTION 
Starting /export/users/common/BioSimSpace/sire.app/bin/analyse_freenrg: number of threads equals 32
