# Analysing data contained in file(s) ['lambda_0.0000/simfile.dat', 'lambda_0.1000/simfile.dat', 'lambda_0.2000/simfile.dat', 'lambda_0.3000/simfile.dat', 'lambda_0.4000/simfile.dat', 'lambda_0.5000/simfile.dat', 'lambda_0.6000/simfile.dat', 'lambda_0.7000/simfile.dat', 'lambda_0.8000/simfile.dat', 'lambda_0.9000/simfile.dat', 'lambda_1.0000/simfile.dat']
#Overlap matrix
0.9214 0.0785 0.0001 0.0000 0.0000 0.0000 0.0000 0.0000 0.0000 0.0000 0.0000
0.0785 0.8214 0.1000 0.0000 0.0000 0.0000 0.0000 0.0000 0.0000 0.0000 0.0000
0.0001 0.1000 0.8509 0.0491 0.0000 0.0000 0.0000 0.0000 0.0000 0.0000 0.0000
0.0000 0.0000 0.0491 0.8622 0.0881 0.0006 0.0000 0.0000 0.0000 0.0000 0.0000
0.0000 0.0000 0.0000 0.0881 0.7367 0.1745 0.0008 0.0000 0.0000 0.0000 0.0000
0.0000 0.0000 0.0000 0.0006 0.1745 0.7436 0.0813 0.0000 0.0000 0.0000 0.0000
0.0000 0.0000 0.0000 0.0000 0.0008 0.0813 0.8940 0.0239 0.0000 0.0000 0.0000
0.0000 0.0000 0.0000 0.0000 0.0000 0.0000 0.0239 0.9577 0.0184 0.0000 0.0000
0.0000 0.0000 0.0000 0.0000 0.0000 0.0000 0.0000 0.0184 0.9716 0.0100 0.0000
0.0000 0.0000 0.0000 0.0000 0.0000 0.0000 0.0000 0.0000 0.0100 0.9657 0.0244
0.0000 0.0000 0.0000 0.0000 0.0000 0.0000 0.0000 0.0000 0.0000 0.0244 0.9756
#DG from neighbouring lambda in kcal/mol
0.0000 0.1000 29.2861 0.0815
0.1000 0.2000 25.7638 0.0703
0.2000 0.3000 21.2962 0.1066
0.3000 0.4000 15.4471 0.0758
0.4000 0.5000 13.4073 0.0478
0.5000 0.6000 13.2655 0.0794
0.6000 0.7000 13.9106 0.1570
0.7000 0.8000 13.3756 0.1800
0.8000 0.9000 12.6287 0.2465
0.9000 1.0000 9.9247 0.1555
#PMF from MBAR in kcal/mol
0.0000 0.0000 0.0000
0.1000 29.2861 0.0815
0.2000 55.0500 0.1132
0.3000 76.3462 0.1594
0.4000 91.7933 0.1800
0.5000 105.2005 0.1894
0.6000 118.4661 0.2082
0.7000 132.3767 0.2631
0.8000 145.7523 0.3207
0.9000 158.3810 0.4060
1.0000 168.3057 0.4362
#TI average gradients and standard deviation in kcal/mol
0.0000 315.4859 19.9249
0.1000 273.7295 15.8810
0.2000 246.1515 20.7051
0.3000 175.1328 25.7401
0.4000 139.6539 17.7082
0.5000 136.7550 15.3645
0.6000 138.6620 23.1547
0.7000 136.9069 26.9510
0.8000 131.6350 29.9548
0.9000 119.7155 32.6513
1.0000 88.5923 28.3840
#PMF from TI in kcal/mol
0.0000 0.0000
0.1000 29.4608
0.2000 55.4548
0.3000 76.5190
0.4000 92.2584
0.5000 106.0788
0.6000 119.8497
0.7000 133.6281
0.8000 147.0552
0.9000 159.6227
1.0000 170.0381
#MBAR free energy difference in kcal/mol: 
168.305728, 0.436216 
#TI free energy difference in kcal/mol: 
170.038120  #WARNING SUBSAMPLING GRADIENTS RESULTED IN LESS THAN 50 SAMPLES, CONSIDER RERUN WITHOUT SUBSAMPLE OPTION 
Starting /export/users/common/BioSimSpace/sire.app/bin/analyse_freenrg: number of threads equals 32
