# Analysing data contained in file(s) ['lambda_0.0000/simfile.dat', 'lambda_0.1000/simfile.dat', 'lambda_0.2000/simfile.dat', 'lambda_0.3000/simfile.dat', 'lambda_0.4000/simfile.dat', 'lambda_0.5000/simfile.dat', 'lambda_0.6000/simfile.dat', 'lambda_0.7000/simfile.dat', 'lambda_0.8000/simfile.dat', 'lambda_0.9000/simfile.dat', 'lambda_1.0000/simfile.dat']
#Overlap matrix
1.0000 0.0000 0.0000 0.0000 0.0000 0.0000 0.0000 0.0000 0.0000 0.0000 0.0000
0.0000 1.0000 0.0000 0.0000 0.0000 0.0000 0.0000 0.0000 0.0000 0.0000 0.0000
0.0000 0.0000 0.9074 0.0926 0.0000 0.0000 0.0000 0.0000 0.0000 0.0000 0.0000
0.0000 0.0000 0.0926 0.8566 0.0508 0.0000 0.0000 0.0000 0.0000 0.0000 0.0000
0.0000 0.0000 0.0000 0.0508 0.8744 0.0747 0.0001 0.0000 0.0000 0.0000 0.0000
0.0000 0.0000 0.0000 0.0000 0.0747 0.8096 0.1157 0.0000 0.0000 0.0000 0.0000
0.0000 0.0000 0.0000 0.0000 0.0001 0.1157 0.8841 0.0000 0.0000 0.0000 0.0000
0.0000 0.0000 0.0000 0.0000 0.0000 0.0000 0.0000 0.9894 0.0106 0.0000 0.0000
0.0000 0.0000 0.0000 0.0000 0.0000 0.0000 0.0000 0.0106 0.9833 0.0061 0.0000
0.0000 0.0000 0.0000 0.0000 0.0000 0.0000 0.0000 0.0000 0.0061 0.9939 0.0000
0.0000 0.0000 0.0000 0.0000 0.0000 0.0000 0.0000 0.0000 0.0000 0.0000 1.0000
#DG from neighbouring lambda in kcal/mol
0.0000 0.1000 100.4303 0.0000
0.1000 0.2000 24.0221 1.4532
0.2000 0.3000 -1.3510 0.0734
0.3000 0.4000 -8.3858 0.1040
0.4000 0.5000 -15.9930 0.0834
0.5000 0.6000 -18.7727 0.0637
0.6000 0.7000 -13.7839 3.8563
0.7000 0.8000 -20.0530 0.2382
0.8000 0.9000 -24.3313 0.3148
0.9000 1.0000 -139.6120 2.4333
#PMF from MBAR in kcal/mol
0.0000 0.0000 0.0000
0.1000 100.4303 0.0000
0.2000 124.4524 1.4532
0.3000 123.1014 1.4515
0.4000 114.7156 1.4495
0.5000 98.7226 1.4488
0.6000 79.9499 1.4491
0.7000 66.1660 2.4118
0.8000 46.1130 2.4178
0.9000 21.7817 2.4333
1.0000 -117.8303 0.0000
#TI average gradients and standard deviation in kcal/mol
0.0000 5551.5209 159.5852
0.1000 675.7710 56.0195
0.2000 17.3701 18.4614
0.3000 -45.5465 19.2373
0.4000 -127.4094 21.6027
0.5000 -192.3243 18.5236
0.6000 -156.3877 21.1160
0.7000 -202.1146 25.7870
0.8000 -223.0360 31.2866
0.9000 -276.9474 35.1506
1.0000 -5331.6684 216.3531
#PMF from TI in kcal/mol
0.0000 0.0000
0.1000 311.3646
0.2000 346.0217
0.3000 344.6128
0.4000 335.9650
0.5000 319.9784
0.6000 302.5428
0.7000 284.6176
0.8000 263.3601
0.9000 238.3609
1.0000 -42.0698
#MBAR free energy difference in kcal/mol: 
-117.830329, 0.000000 
#TI free energy difference in kcal/mol: 
-42.069843  
Starting /export/users/common/BioSimSpace/sire.app/bin/analyse_freenrg: number of threads equals 32
