# Analysing data contained in file(s) ['lambda_0.0000/simfile.dat', 'lambda_0.1000/simfile.dat', 'lambda_0.2000/simfile.dat', 'lambda_0.3000/simfile.dat', 'lambda_0.4000/simfile.dat', 'lambda_0.5000/simfile.dat', 'lambda_0.6000/simfile.dat', 'lambda_0.7000/simfile.dat', 'lambda_0.8000/simfile.dat', 'lambda_0.9000/simfile.dat', 'lambda_1.0000/simfile.dat']
#Overlap matrix
0.9968 0.0032 0.0000 0.0000 0.0000 0.0000 0.0000 0.0000 0.0000 0.0000 0.0000
0.0032 0.9965 0.0003 0.0000 0.0000 0.0000 0.0000 0.0000 0.0000 0.0000 0.0000
0.0000 0.0003 0.9996 0.0000 0.0000 0.0000 0.0000 0.0000 0.0000 0.0000 0.0000
0.0000 0.0000 0.0000 1.0000 0.0000 0.0000 0.0000 0.0000 0.0000 0.0000 0.0000
0.0000 0.0000 0.0000 0.0000 0.9955 0.0045 0.0000 0.0000 0.0000 0.0000 0.0000
0.0000 0.0000 0.0000 0.0000 0.0045 0.9768 0.0187 0.0000 0.0000 0.0000 0.0000
0.0000 0.0000 0.0000 0.0000 0.0000 0.0187 0.9191 0.0622 0.0000 0.0000 0.0000
0.0000 0.0000 0.0000 0.0000 0.0000 0.0000 0.0622 0.8793 0.0584 0.0000 0.0000
0.0000 0.0000 0.0000 0.0000 0.0000 0.0000 0.0000 0.0584 0.8957 0.0459 0.0000
0.0000 0.0000 0.0000 0.0000 0.0000 0.0000 0.0000 0.0000 0.0459 0.8575 0.0966
0.0000 0.0000 0.0000 0.0000 0.0000 0.0000 0.0000 0.0000 0.0000 0.0966 0.9034
#DG from neighbouring lambda in kcal/mol
0.0000 0.1000 -8.1929 0.4103
0.1000 0.2000 -6.8729 1.3188
0.2000 0.3000 -9.3931 3.6353
0.3000 0.4000 -14.8909 3024.3251
0.4000 0.5000 0.3112 0.3449
0.5000 0.6000 8.3838 0.1676
0.6000 0.7000 9.5920 0.0876
0.7000 0.8000 7.6217 0.0908
0.8000 0.9000 2.9373 0.1038
0.9000 1.0000 -0.2569 0.0675
#PMF from MBAR in kcal/mol
0.0000 0.0000 0.0000
0.1000 -8.1929 0.4103
0.2000 -15.0659 1.3815
0.3000 -24.4590 3.8891
0.4000 -39.3499 3024.3276
0.5000 -39.0388 3024.3277
0.6000 -30.6550 3024.3277
0.7000 -21.0630 3024.3277
0.8000 -13.4413 3024.3277
0.9000 -10.5039 3024.3277
1.0000 -10.7608 3024.3277
#TI average gradients and standard deviation in kcal/mol
0.0000 -130.6056 33.8401
0.1000 -65.0516 38.5006
0.2000 -69.4657 41.0661
0.3000 -78.5409 45.1128
0.4000 -98.9191 40.0645
0.5000 67.9729 28.0346
0.6000 92.9388 23.5491
0.7000 91.8270 19.1067
0.8000 54.7377 20.3737
0.9000 7.9403 20.9737
1.0000 12.6752 17.1016
#PMF from TI in kcal/mol
0.0000 0.0000
0.1000 -9.7829
0.2000 -16.5087
0.3000 -23.9091
0.4000 -32.7821
0.5000 -34.3294
0.6000 -26.2838
0.7000 -17.0455
0.8000 -9.7173
0.9000 -6.5834
1.0000 -5.5526
#MBAR free energy difference in kcal/mol: 
-10.760800, 3024.327679 
#TI free energy difference in kcal/mol: 
-5.552593  
Starting /export/users/common/BioSimSpace/sire.app/bin/analyse_freenrg: number of threads equals 32
