# Analysing data contained in file(s) ['lambda_0.0000/simfile.dat', 'lambda_0.1000/simfile.dat', 'lambda_0.2000/simfile.dat', 'lambda_0.3000/simfile.dat', 'lambda_0.4000/simfile.dat', 'lambda_0.5000/simfile.dat', 'lambda_0.6000/simfile.dat', 'lambda_0.7000/simfile.dat', 'lambda_0.8000/simfile.dat', 'lambda_0.9000/simfile.dat', 'lambda_1.0000/simfile.dat']
#Overlap matrix
0.9423 0.0576 0.0002 0.0000 0.0000 0.0000 0.0000 0.0000 0.0000 0.0000 0.0000
0.0576 0.7934 0.1476 0.0014 0.0000 0.0000 0.0000 0.0000 0.0000 0.0000 0.0000
0.0002 0.1476 0.7035 0.1469 0.0018 0.0000 0.0000 0.0000 0.0000 0.0000 0.0000
0.0000 0.0014 0.1469 0.6836 0.1656 0.0026 0.0000 0.0000 0.0000 0.0000 0.0000
0.0000 0.0000 0.0018 0.1656 0.6825 0.1484 0.0018 0.0000 0.0000 0.0000 0.0000
0.0000 0.0000 0.0000 0.0026 0.1484 0.7465 0.1021 0.0004 0.0000 0.0000 0.0000
0.0000 0.0000 0.0000 0.0000 0.0018 0.1021 0.8354 0.0608 0.0001 0.0000 0.0000
0.0000 0.0000 0.0000 0.0000 0.0000 0.0004 0.0608 0.8835 0.0553 0.0001 0.0000
0.0000 0.0000 0.0000 0.0000 0.0000 0.0000 0.0001 0.0553 0.8882 0.0565 0.0000
0.0000 0.0000 0.0000 0.0000 0.0000 0.0000 0.0000 0.0001 0.0565 0.8802 0.0633
0.0000 0.0000 0.0000 0.0000 0.0000 0.0000 0.0000 0.0000 0.0000 0.0633 0.9367
#DG from neighbouring lambda in kcal/mol
0.0000 0.1000 6.4964 0.0961
0.1000 0.2000 3.9770 0.0532
0.2000 0.3000 2.5778 0.0530
0.3000 0.4000 1.3351 0.0484
0.4000 0.5000 0.9488 0.0524
0.5000 0.6000 1.8243 0.0676
0.6000 0.7000 3.1075 0.0929
0.7000 0.8000 3.5575 0.0984
0.8000 0.9000 4.0703 0.0972
0.9000 1.0000 5.5813 0.0911
#PMF from MBAR in kcal/mol
0.0000 0.0000 0.0000
0.1000 6.4964 0.0961
0.2000 10.4733 0.1151
0.3000 13.0512 0.1311
0.4000 14.3862 0.1437
0.5000 15.3350 0.1564
0.6000 17.1593 0.1736
0.7000 20.2668 0.1997
0.8000 23.8242 0.2253
0.9000 27.8945 0.2478
1.0000 33.4758 0.2662
#TI average gradients and standard deviation in kcal/mol
0.0000 82.0467 21.4609
0.1000 43.0164 16.1366
0.2000 30.8230 16.0449
0.3000 18.9802 15.3778
0.4000 8.5189 12.5168
0.5000 11.9232 18.8441
0.6000 24.7867 21.6924
0.7000 33.3607 20.8629
0.8000 36.7167 21.9700
0.9000 42.7700 18.9384
1.0000 78.6224 23.6332
#PMF from TI in kcal/mol
0.0000 0.0000
0.1000 6.2532
0.2000 9.9451
0.3000 12.4353
0.4000 13.8103
0.5000 14.8324
0.6000 16.6679
0.7000 19.5752
0.8000 23.0791
0.9000 27.0534
1.0000 33.1231
#MBAR free energy difference in kcal/mol: 
33.475797, 0.266238 
#TI free energy difference in kcal/mol: 
33.123051  
Starting /export/users/common/BioSimSpace/sire.app/bin/analyse_freenrg: number of threads equals 32
