# Analysing data contained in file(s) ['lambda_0.0000/simfile.dat', 'lambda_0.1000/simfile.dat', 'lambda_0.2000/simfile.dat', 'lambda_0.3000/simfile.dat', 'lambda_0.4000/simfile.dat', 'lambda_0.5000/simfile.dat', 'lambda_0.6000/simfile.dat', 'lambda_0.7000/simfile.dat', 'lambda_0.8000/simfile.dat', 'lambda_0.9000/simfile.dat', 'lambda_1.0000/simfile.dat']
#Overlap matrix
0.9478 0.0522 0.0000 0.0000 0.0000 0.0000 0.0000 0.0000 0.0000 0.0000 0.0000
0.0522 0.8971 0.0506 0.0000 0.0000 0.0000 0.0000 0.0000 0.0000 0.0000 0.0000
0.0000 0.0506 0.9062 0.0432 0.0000 0.0000 0.0000 0.0000 0.0000 0.0000 0.0000
0.0000 0.0000 0.0432 0.9003 0.0565 0.0000 0.0000 0.0000 0.0000 0.0000 0.0000
0.0000 0.0000 0.0000 0.0565 0.8872 0.0563 0.0000 0.0000 0.0000 0.0000 0.0000
0.0000 0.0000 0.0000 0.0000 0.0563 0.9173 0.0264 0.0000 0.0000 0.0000 0.0000
0.0000 0.0000 0.0000 0.0000 0.0000 0.0264 0.9736 0.0000 0.0000 0.0000 0.0000
0.0000 0.0000 0.0000 0.0000 0.0000 0.0000 0.0000 1.0000 0.0000 0.0000 0.0000
0.0000 0.0000 0.0000 0.0000 0.0000 0.0000 0.0000 0.0000 1.0000 0.0000 0.0000
0.0000 0.0000 0.0000 0.0000 0.0000 0.0000 0.0000 0.0000 0.0000 1.0000 0.0000
0.0000 0.0000 0.0000 0.0000 0.0000 0.0000 0.0000 0.0000 0.0000 0.0000 1.0000
#DG from neighbouring lambda in kcal/mol
0.0000 0.1000 -1.3984 0.1103
0.1000 0.2000 -5.7432 0.1122
0.2000 0.3000 -12.4151 0.1225
0.3000 0.4000 -19.2020 0.1055
0.4000 0.5000 -24.0130 0.1057
0.5000 0.6000 -20.6713 0.1596
0.6000 0.7000 -2.3821 2769.1989
0.7000 0.8000 -0.4800 51.4254
0.8000 0.9000 -1.8526 32.3112
0.9000 1.0000 2.0280 6.3404
#PMF from MBAR in kcal/mol
0.0000 0.0000 0.0000
0.1000 -1.3984 0.1103
0.2000 -7.1417 0.1618
0.3000 -19.5568 0.2064
0.4000 -38.7588 0.2348
0.5000 -62.7718 0.2602
0.6000 -83.4431 0.3076
0.7000 -85.8252 2769.1989
0.8000 -86.3052 2769.6764
0.9000 -88.1578 2769.8648
1.0000 -86.1298 2769.8721
#TI average gradients and standard deviation in kcal/mol
0.0000 2.1851 22.8048
0.1000 -31.3053 20.7072
0.2000 -86.7308 25.0779
0.3000 -159.6425 20.3707
0.4000 -219.1281 19.3867
0.5000 -245.2525 22.3226
0.6000 -131.1138 32.2765
0.7000 -66.8636 38.0980
0.8000 -34.1866 58.5496
0.9000 -34.5172 45.1250
1.0000 69.4541 47.9018
#PMF from TI in kcal/mol
0.0000 0.0000
0.1000 -1.4560
0.2000 -7.3578
0.3000 -19.6765
0.4000 -38.6150
0.5000 -61.8340
0.6000 -80.6524
0.7000 -90.5512
0.8000 -95.6037
0.9000 -99.0389
1.0000 -97.2921
#MBAR free energy difference in kcal/mol: 
-86.129795, 2769.872095 
#TI free energy difference in kcal/mol: 
-97.292082  
Starting /export/users/common/BioSimSpace/sire.app/bin/analyse_freenrg: number of threads equals 32
