# Analysing data contained in file(s) ['lambda_0.0000/simfile.dat', 'lambda_0.1000/simfile.dat', 'lambda_0.2000/simfile.dat', 'lambda_0.3000/simfile.dat', 'lambda_0.4000/simfile.dat', 'lambda_0.5000/simfile.dat', 'lambda_0.6000/simfile.dat', 'lambda_0.7000/simfile.dat', 'lambda_0.8000/simfile.dat', 'lambda_0.9000/simfile.dat', 'lambda_1.0000/simfile.dat']
#Overlap matrix
1.0000 0.0000 0.0000 0.0000 0.0000 0.0000 0.0000 0.0000 0.0000 0.0000 0.0000
0.0000 1.0000 0.0000 0.0000 0.0000 0.0000 0.0000 0.0000 0.0000 0.0000 0.0000
0.0000 0.0000 1.0000 0.0000 0.0000 0.0000 0.0000 0.0000 0.0000 0.0000 0.0000
0.0000 0.0000 0.0000 0.8844 0.1153 0.0003 0.0000 0.0000 0.0000 0.0000 0.0000
0.0000 0.0000 0.0000 0.1153 0.7609 0.1235 0.0003 0.0000 0.0000 0.0000 0.0000
0.0000 0.0000 0.0000 0.0003 0.1235 0.7557 0.1203 0.0002 0.0000 0.0000 0.0000
0.0000 0.0000 0.0000 0.0000 0.0003 0.1203 0.7724 0.1069 0.0001 0.0000 0.0000
0.0000 0.0000 0.0000 0.0000 0.0000 0.0002 0.1069 0.8029 0.0900 0.0000 0.0000
0.0000 0.0000 0.0000 0.0000 0.0000 0.0000 0.0001 0.0900 0.8756 0.0342 0.0000
0.0000 0.0000 0.0000 0.0000 0.0000 0.0000 0.0000 0.0000 0.0342 0.9658 0.0000
0.0000 0.0000 0.0000 0.0000 0.0000 0.0000 0.0000 0.0000 0.0000 0.0000 1.0000
#DG from neighbouring lambda in kcal/mol
0.0000 0.1000 94.0729 1765.4588
0.1000 0.2000 43.6773 3.5495
0.2000 0.3000 16.1176 2265.6855
0.3000 0.4000 2.3718 0.0604
0.4000 0.5000 2.3270 0.0576
0.5000 0.6000 2.3863 0.0587
0.6000 0.7000 2.1853 0.0634
0.7000 0.8000 1.6208 0.0706
0.8000 0.9000 -0.3386 0.1221
0.9000 1.0000 -174.2559 503.2270
#PMF from MBAR in kcal/mol
0.0000 0.0000 0.0000
0.1000 94.0729 1765.4588
0.2000 137.7502 1765.4560
0.3000 153.8678 500.2298
0.4000 156.2396 500.2298
0.5000 158.5666 500.2298
0.6000 160.9530 500.2298
0.7000 163.1383 500.2298
0.8000 164.7591 500.2298
0.9000 164.4205 500.2298
1.0000 -9.8354 2.9965
#TI average gradients and standard deviation in kcal/mol
0.0000 3245.3631 240.4608
0.1000 656.9214 62.9260
0.2000 326.3286 36.7024
0.3000 22.6842 17.2110
0.4000 23.2062 17.5486
0.5000 21.6372 17.5297
0.6000 21.9013 18.0518
0.7000 20.5198 17.9643
0.8000 9.4767 21.4076
0.9000 -28.9950 29.3359
1.0000 -2494.3917 222.4693
#PMF from TI in kcal/mol
0.0000 0.0000
0.1000 195.1142
0.2000 244.2767
0.3000 261.7274
0.4000 264.0219
0.5000 266.2640
0.6000 268.4410
0.7000 270.5620
0.8000 272.0618
0.9000 271.0859
1.0000 144.9166
#MBAR free energy difference in kcal/mol: 
-9.835414, 2.996539 
#TI free energy difference in kcal/mol: 
144.916598  
Starting /export/users/common/BioSimSpace/sire.app/bin/analyse_freenrg: number of threads equals 32
