# Analysing data contained in file(s) ['lambda_0.0000/simfile.dat', 'lambda_0.1000/simfile.dat', 'lambda_0.2000/simfile.dat', 'lambda_0.3000/simfile.dat', 'lambda_0.4000/simfile.dat', 'lambda_0.5000/simfile.dat', 'lambda_0.6000/simfile.dat', 'lambda_0.7000/simfile.dat', 'lambda_0.8000/simfile.dat', 'lambda_0.9000/simfile.dat', 'lambda_1.0000/simfile.dat']
#Overlap matrix
0.8621 0.1369 0.0010 0.0000 0.0000 0.0000 0.0000 0.0000 0.0000 0.0000 0.0000
0.1369 0.7136 0.1479 0.0016 0.0000 0.0000 0.0000 0.0000 0.0000 0.0000 0.0000
0.0010 0.1479 0.7008 0.1490 0.0012 0.0000 0.0000 0.0000 0.0000 0.0000 0.0000
0.0000 0.0016 0.1490 0.7096 0.1385 0.0012 0.0000 0.0000 0.0000 0.0000 0.0000
0.0000 0.0000 0.0012 0.1385 0.7218 0.1379 0.0006 0.0000 0.0000 0.0000 0.0000
0.0000 0.0000 0.0000 0.0012 0.1379 0.7637 0.0971 0.0001 0.0000 0.0000 0.0000
0.0000 0.0000 0.0000 0.0000 0.0006 0.0971 0.8333 0.0691 0.0000 0.0000 0.0000
0.0000 0.0000 0.0000 0.0000 0.0000 0.0001 0.0691 0.9044 0.0264 0.0000 0.0000
0.0000 0.0000 0.0000 0.0000 0.0000 0.0000 0.0000 0.0264 0.9692 0.0044 0.0000
0.0000 0.0000 0.0000 0.0000 0.0000 0.0000 0.0000 0.0000 0.0044 0.9942 0.0014
0.0000 0.0000 0.0000 0.0000 0.0000 0.0000 0.0000 0.0000 0.0000 0.0014 0.9986
#DG from neighbouring lambda in kcal/mol
0.0000 0.1000 -9.0615 0.0586
0.1000 0.2000 -4.7404 0.0551
0.2000 0.3000 -0.6780 0.0547
0.3000 0.4000 2.9346 0.0577
0.4000 0.5000 6.6657 0.0581
0.5000 0.6000 10.1203 0.0733
0.6000 0.7000 12.5589 0.0902
0.7000 0.8000 12.6458 0.1532
0.8000 0.9000 7.1429 0.3847
0.9000 1.0000 -1.2620 0.6806
#PMF from MBAR in kcal/mol
0.0000 0.0000 0.0000
0.1000 -9.0615 0.0586
0.2000 -13.8019 0.0878
0.3000 -14.4799 0.1092
0.4000 -11.5453 0.1284
0.5000 -4.8796 0.1452
0.6000 5.2407 0.1665
0.7000 17.7995 0.1927
0.8000 30.4453 0.2488
0.9000 37.5882 0.4595
1.0000 36.3262 0.8220
#TI average gradients and standard deviation in kcal/mol
0.0000 -119.4219 18.0529
0.1000 -68.5215 16.0851
0.2000 -27.0449 15.5487
0.3000 11.8686 15.5955
0.4000 48.3040 15.6356
0.5000 84.9970 17.5619
0.6000 114.7837 19.8212
0.7000 131.5340 23.5231
0.8000 109.5410 31.3583
0.9000 36.9648 36.8566
1.0000 -55.4360 45.1230
#PMF from TI in kcal/mol
0.0000 0.0000
0.1000 -9.3972
0.2000 -14.1755
0.3000 -14.9343
0.4000 -11.9257
0.5000 -5.2606
0.6000 4.7284
0.7000 17.0443
0.8000 29.0981
0.9000 36.4234
1.0000 35.4998
#MBAR free energy difference in kcal/mol: 
36.326178, 0.821995 
#TI free energy difference in kcal/mol: 
35.499789  
Starting /export/users/common/BioSimSpace/sire.app/bin/analyse_freenrg: number of threads equals 32
