# Analysing data contained in file(s) ['lambda_0.0000/simfile.dat', 'lambda_0.1000/simfile.dat', 'lambda_0.2000/simfile.dat', 'lambda_0.3000/simfile.dat', 'lambda_0.4000/simfile.dat', 'lambda_0.5000/simfile.dat', 'lambda_0.6000/simfile.dat', 'lambda_0.7000/simfile.dat', 'lambda_0.8000/simfile.dat', 'lambda_0.9000/simfile.dat', 'lambda_1.0000/simfile.dat']
#Overlap matrix
0.9961 0.0039 0.0000 0.0000 0.0000 0.0000 0.0000 0.0000 0.0000 0.0000 0.0000
0.0039 0.9951 0.0011 0.0000 0.0000 0.0000 0.0000 0.0000 0.0000 0.0000 0.0000
0.0000 0.0011 0.9970 0.0020 0.0000 0.0000 0.0000 0.0000 0.0000 0.0000 0.0000
0.0000 0.0000 0.0020 0.9980 0.0000 0.0000 0.0000 0.0000 0.0000 0.0000 0.0000
0.0000 0.0000 0.0000 0.0000 0.9838 0.0162 0.0000 0.0000 0.0000 0.0000 0.0000
0.0000 0.0000 0.0000 0.0000 0.0162 0.9701 0.0137 0.0000 0.0000 0.0000 0.0000
0.0000 0.0000 0.0000 0.0000 0.0000 0.0137 0.9204 0.0659 0.0000 0.0000 0.0000
0.0000 0.0000 0.0000 0.0000 0.0000 0.0000 0.0659 0.8886 0.0455 0.0000 0.0000
0.0000 0.0000 0.0000 0.0000 0.0000 0.0000 0.0000 0.0455 0.8690 0.0854 0.0001
0.0000 0.0000 0.0000 0.0000 0.0000 0.0000 0.0000 0.0000 0.0854 0.8421 0.0725
0.0000 0.0000 0.0000 0.0000 0.0000 0.0000 0.0000 0.0000 0.0001 0.0725 0.9274
#DG from neighbouring lambda in kcal/mol
0.0000 0.1000 4.5958 0.3699
0.1000 0.2000 5.5623 0.7020
0.2000 0.3000 4.5887 0.5193
0.3000 0.4000 -4.8929 37.6493
0.4000 0.5000 4.8544 0.1783
0.5000 0.6000 8.4746 0.1944
0.6000 0.7000 7.1123 0.0838
0.7000 0.8000 2.1517 0.1031
0.8000 0.9000 -4.3927 0.0719
0.9000 1.0000 -9.1804 0.0792
#PMF from MBAR in kcal/mol
0.0000 0.0000 0.0000
0.1000 4.5958 0.3699
0.2000 10.1581 0.7942
0.3000 14.7468 0.9495
0.4000 9.8539 37.6612
0.5000 14.7083 37.6617
0.6000 23.1829 37.6622
0.7000 30.2952 37.6623
0.8000 32.4469 37.6625
0.9000 28.0542 37.6625
1.0000 18.8738 37.6626
#TI average gradients and standard deviation in kcal/mol
0.0000 -16.4566 36.9173
0.1000 69.6460 37.5936
0.2000 53.5012 42.7904
0.3000 42.0576 37.0580
0.4000 -44.4905 41.5118
0.5000 96.4212 27.7556
0.6000 75.2662 26.1432
0.7000 55.8307 19.3265
0.8000 -14.7017 20.9036
0.9000 -68.2158 14.9184
1.0000 -95.0339 21.1430
#PMF from TI in kcal/mol
0.0000 0.0000
0.1000 2.6595
0.2000 8.8168
0.3000 13.5948
0.4000 13.4731
0.5000 16.0697
0.6000 24.6540
0.7000 31.2089
0.8000 33.2653
0.9000 29.1194
1.0000 20.9570
#MBAR free energy difference in kcal/mol: 
18.873765, 37.662632 
#TI free energy difference in kcal/mol: 
20.956959  
Starting /export/users/common/BioSimSpace/sire.app/bin/analyse_freenrg: number of threads equals 32
