# Analysing data contained in file(s) ['lambda_0.0000/simfile.dat', 'lambda_0.1000/simfile.dat', 'lambda_0.2000/simfile.dat', 'lambda_0.3000/simfile.dat', 'lambda_0.4000/simfile.dat', 'lambda_0.5000/simfile.dat', 'lambda_0.6000/simfile.dat', 'lambda_0.7000/simfile.dat', 'lambda_0.8000/simfile.dat', 'lambda_0.9000/simfile.dat', 'lambda_1.0000/simfile.dat']
#Overlap matrix
0.9400 0.0599 0.0001 0.0000 0.0000 0.0000 0.0000 0.0000 0.0000 0.0000 0.0000
0.0599 0.8689 0.0709 0.0003 0.0000 0.0000 0.0000 0.0000 0.0000 0.0000 0.0000
0.0001 0.0709 0.8524 0.0752 0.0013 0.0001 0.0000 0.0000 0.0000 0.0000 0.0000
0.0000 0.0003 0.0752 0.7734 0.1395 0.0114 0.0003 0.0000 0.0000 0.0000 0.0000
0.0000 0.0000 0.0013 0.1395 0.6380 0.2096 0.0116 0.0000 0.0000 0.0000 0.0000
0.0000 0.0000 0.0001 0.0114 0.2096 0.5789 0.1945 0.0055 0.0000 0.0000 0.0000
0.0000 0.0000 0.0000 0.0003 0.0116 0.1945 0.5960 0.1905 0.0071 0.0000 0.0000
0.0000 0.0000 0.0000 0.0000 0.0000 0.0055 0.1905 0.5832 0.2106 0.0101 0.0001
0.0000 0.0000 0.0000 0.0000 0.0000 0.0000 0.0071 0.2106 0.5632 0.2094 0.0097
0.0000 0.0000 0.0000 0.0000 0.0000 0.0000 0.0000 0.0101 0.2094 0.5681 0.2124
0.0000 0.0000 0.0000 0.0000 0.0000 0.0000 0.0000 0.0001 0.0097 0.2124 0.7778
#DG from neighbouring lambda in kcal/mol
0.0000 0.1000 -3.3317 0.0985
0.1000 0.2000 -2.1163 0.0892
0.2000 0.3000 -1.6063 0.0854
0.3000 0.4000 -0.2621 0.0551
0.4000 0.5000 1.3058 0.0392
0.5000 0.6000 1.1025 0.0425
0.6000 0.7000 -0.0544 0.0440
0.7000 0.8000 -0.8113 0.0399
0.8000 0.9000 -1.1373 0.0397
0.9000 1.0000 -1.3408 0.0408
#PMF from MBAR in kcal/mol
0.0000 0.0000 0.0000
0.1000 -3.3317 0.0985
0.2000 -5.4480 0.1376
0.3000 -7.0543 0.1658
0.4000 -7.3164 0.1780
0.5000 -6.0106 0.1847
0.6000 -4.9082 0.1922
0.7000 -4.9626 0.2001
0.8000 -5.7739 0.2067
0.9000 -6.9112 0.2131
1.0000 -8.2519 0.2194
#TI average gradients and standard deviation in kcal/mol
0.0000 -45.6919 23.2588
0.1000 -25.7051 20.7922
0.2000 -17.8820 21.1557
0.3000 -12.5296 20.1038
0.4000 9.1127 13.7538
0.5000 14.6010 12.1356
0.6000 6.1778 13.3550
0.7000 -4.9634 12.6106
0.8000 -10.2901 12.3016
0.9000 -12.6449 12.5077
1.0000 -9.8955 12.1981
#PMF from TI in kcal/mol
0.0000 0.0000
0.1000 -3.5699
0.2000 -5.7492
0.3000 -7.2698
0.4000 -7.4406
0.5000 -6.2550
0.6000 -5.2160
0.7000 -5.1553
0.8000 -5.9180
0.9000 -7.0647
1.0000 -8.1917
#MBAR free energy difference in kcal/mol: 
-8.251937, 0.219385 
#TI free energy difference in kcal/mol: 
-8.191740  
Starting /export/users/common/BioSimSpace/sire.app/bin/analyse_freenrg: number of threads equals 32
