# Analysing data contained in file(s) ['lambda_0.0000/simfile.dat', 'lambda_0.1000/simfile.dat', 'lambda_0.2000/simfile.dat', 'lambda_0.3000/simfile.dat', 'lambda_0.4000/simfile.dat', 'lambda_0.5000/simfile.dat', 'lambda_0.6000/simfile.dat', 'lambda_0.7000/simfile.dat', 'lambda_0.8000/simfile.dat', 'lambda_0.9000/simfile.dat', 'lambda_1.0000/simfile.dat']
#Overlap matrix
0.9489 0.0511 0.0000 0.0000 0.0000 0.0000 0.0000 0.0000 0.0000 0.0000 0.0000
0.0511 0.8929 0.0560 0.0000 0.0000 0.0000 0.0000 0.0000 0.0000 0.0000 0.0000
0.0000 0.0560 0.8792 0.0648 0.0000 0.0000 0.0000 0.0000 0.0000 0.0000 0.0000
0.0000 0.0000 0.0648 0.8630 0.0721 0.0000 0.0000 0.0000 0.0000 0.0000 0.0000
0.0000 0.0000 0.0000 0.0721 0.8528 0.0750 0.0000 0.0000 0.0000 0.0000 0.0000
0.0000 0.0000 0.0000 0.0000 0.0750 0.9145 0.0104 0.0000 0.0000 0.0000 0.0000
0.0000 0.0000 0.0000 0.0000 0.0000 0.0104 0.9895 0.0000 0.0000 0.0000 0.0000
0.0000 0.0000 0.0000 0.0000 0.0000 0.0000 0.0000 1.0000 0.0000 0.0000 0.0000
0.0000 0.0000 0.0000 0.0000 0.0000 0.0000 0.0000 0.0000 1.0000 0.0000 0.0000
0.0000 0.0000 0.0000 0.0000 0.0000 0.0000 0.0000 0.0000 0.0000 0.9999 0.0001
0.0000 0.0000 0.0000 0.0000 0.0000 0.0000 0.0000 0.0000 0.0000 0.0001 0.9999
#DG from neighbouring lambda in kcal/mol
0.0000 0.1000 6.2683 0.0998
0.1000 0.2000 -0.2258 0.0948
0.2000 0.3000 -7.1370 0.0872
0.3000 0.4000 -13.9900 0.0820
0.4000 0.5000 -18.1198 0.0801
0.5000 0.6000 -12.7246 0.2304
0.6000 0.7000 -3.8627 13.9703
0.7000 0.8000 -2.2492 18.6020
0.8000 0.9000 -2.8471 9.5382
0.9000 1.0000 0.2606 3.2764
#PMF from MBAR in kcal/mol
0.0000 0.0000 0.0000
0.1000 6.2683 0.0998
0.2000 6.0426 0.1417
0.3000 -1.0944 0.1697
0.4000 -15.0845 0.1915
0.5000 -33.2043 0.2103
0.6000 -45.9289 0.3137
0.7000 -49.7915 13.9738
0.8000 -52.0408 23.2659
0.9000 -54.8879 25.1452
1.0000 -54.6273 25.3578
#TI average gradients and standard deviation in kcal/mol
0.0000 80.5899 23.2789
0.1000 31.2225 21.0504
0.2000 -35.7156 21.2903
0.3000 -107.3472 20.5935
0.4000 -170.2544 20.2834
0.5000 -176.9547 21.8499
0.6000 -73.8297 43.8725
0.7000 -57.6794 45.0832
0.8000 -45.6026 48.4554
0.9000 -30.5970 45.3185
1.0000 40.0391 45.4872
#PMF from TI in kcal/mol
0.0000 0.0000
0.1000 5.5906
0.2000 5.3660
0.3000 -1.7872
0.4000 -15.6673
0.5000 -33.0277
0.6000 -45.5669
0.7000 -52.1424
0.8000 -57.3065
0.9000 -61.1165
1.0000 -60.6444
#MBAR free energy difference in kcal/mol: 
-54.627269, 25.357794 
#TI free energy difference in kcal/mol: 
-60.644362  
Starting /export/users/common/BioSimSpace/sire.app/bin/analyse_freenrg: number of threads equals 32
