# Analysing data contained in file(s) ['lambda_0.0000/simfile.dat', 'lambda_0.1000/simfile.dat', 'lambda_0.2000/simfile.dat', 'lambda_0.3000/simfile.dat', 'lambda_0.4000/simfile.dat', 'lambda_0.5000/simfile.dat', 'lambda_0.6000/simfile.dat', 'lambda_0.7000/simfile.dat', 'lambda_0.8000/simfile.dat', 'lambda_0.9000/simfile.dat', 'lambda_1.0000/simfile.dat']
#Overlap matrix
0.6532 0.2844 0.0573 0.0050 0.0002 0.0000 0.0000 0.0000 0.0000 0.0000 0.0000
0.2844 0.4114 0.2422 0.0567 0.0051 0.0002 0.0000 0.0000 0.0000 0.0000 0.0000
0.0573 0.2422 0.4010 0.2443 0.0514 0.0038 0.0001 0.0000 0.0000 0.0000 0.0000
0.0050 0.0567 0.2443 0.4194 0.2363 0.0359 0.0025 0.0001 0.0000 0.0000 0.0000
0.0002 0.0051 0.0514 0.2363 0.4653 0.2138 0.0264 0.0014 0.0000 0.0000 0.0000
0.0000 0.0002 0.0038 0.0359 0.2138 0.5212 0.2051 0.0192 0.0009 0.0000 0.0000
0.0000 0.0000 0.0001 0.0025 0.0264 0.2051 0.5478 0.2015 0.0161 0.0005 0.0000
0.0000 0.0000 0.0000 0.0001 0.0014 0.0192 0.2015 0.5835 0.1851 0.0091 0.0001
0.0000 0.0000 0.0000 0.0000 0.0000 0.0009 0.0161 0.1851 0.6378 0.1578 0.0023
0.0000 0.0000 0.0000 0.0000 0.0000 0.0000 0.0005 0.0091 0.1578 0.7162 0.1164
0.0000 0.0000 0.0000 0.0000 0.0000 0.0000 0.0000 0.0001 0.0023 0.1164 0.8812
#DG from neighbouring lambda in kcal/mol
0.0000 0.1000 -1.1108 0.0260
0.1000 0.2000 -0.9541 0.0251
0.2000 0.3000 -0.8416 0.0251
0.3000 0.4000 -0.6030 0.0280
0.4000 0.5000 -0.3106 0.0336
0.5000 0.6000 -0.1114 0.0371
0.6000 0.7000 -0.0122 0.0393
0.7000 0.8000 0.3540 0.0437
0.8000 0.9000 1.2260 0.0520
0.9000 1.0000 3.3660 0.0666
#PMF from MBAR in kcal/mol
0.0000 0.0000 0.0000
0.1000 -1.1108 0.0260
0.2000 -2.0649 0.0444
0.3000 -2.9065 0.0576
0.4000 -3.5095 0.0695
0.5000 -3.8202 0.0821
0.6000 -3.9315 0.0946
0.7000 -3.9438 0.1067
0.8000 -3.5898 0.1193
0.9000 -2.3638 0.1340
1.0000 1.0022 0.1536
#TI average gradients and standard deviation in kcal/mol
0.0000 -22.5573 8.7113
0.1000 -10.1172 8.7110
0.2000 -9.4765 8.6244
0.3000 -6.9190 8.9408
0.4000 -4.5449 10.1622
0.5000 -1.7763 11.6531
0.6000 0.2292 12.6166
0.7000 1.9250 12.5017
0.8000 6.1491 14.5189
0.9000 19.6102 16.4666
1.0000 54.8898 21.0173
#PMF from TI in kcal/mol
0.0000 0.0000
0.1000 -1.6337
0.2000 -2.6134
0.3000 -3.4332
0.4000 -4.0064
0.5000 -4.3224
0.6000 -4.3998
0.7000 -4.2921
0.8000 -3.8884
0.9000 -2.6004
1.0000 1.1246
#MBAR free energy difference in kcal/mol: 
1.002222, 0.153637 
#TI free energy difference in kcal/mol: 
1.124584  
Starting /export/users/common/BioSimSpace/sire.app/bin/analyse_freenrg: number of threads equals 32
