# Analysing data contained in file(s) ['lambda_0.0000/simfile.dat', 'lambda_0.1000/simfile.dat', 'lambda_0.2000/simfile.dat', 'lambda_0.3000/simfile.dat', 'lambda_0.4000/simfile.dat', 'lambda_0.5000/simfile.dat', 'lambda_0.6000/simfile.dat', 'lambda_0.7000/simfile.dat', 'lambda_0.8000/simfile.dat', 'lambda_0.9000/simfile.dat', 'lambda_1.0000/simfile.dat']
#Overlap matrix
0.9064 0.0935 0.0001 0.0000 0.0000 0.0000 0.0000 0.0000 0.0000 0.0000 0.0000
0.0935 0.8178 0.0887 0.0000 0.0000 0.0000 0.0000 0.0000 0.0000 0.0000 0.0000
0.0001 0.0887 0.8547 0.0565 0.0000 0.0000 0.0000 0.0000 0.0000 0.0000 0.0000
0.0000 0.0000 0.0565 0.8494 0.0939 0.0002 0.0000 0.0000 0.0000 0.0000 0.0000
0.0000 0.0000 0.0000 0.0939 0.7921 0.1132 0.0008 0.0000 0.0000 0.0000 0.0000
0.0000 0.0000 0.0000 0.0002 0.1132 0.8156 0.0710 0.0000 0.0000 0.0000 0.0000
0.0000 0.0000 0.0000 0.0000 0.0008 0.0710 0.9282 0.0000 0.0000 0.0000 0.0000
0.0000 0.0000 0.0000 0.0000 0.0000 0.0000 0.0000 0.9979 0.0021 0.0000 0.0000
0.0000 0.0000 0.0000 0.0000 0.0000 0.0000 0.0000 0.0021 0.9810 0.0169 0.0000
0.0000 0.0000 0.0000 0.0000 0.0000 0.0000 0.0000 0.0000 0.0169 0.9831 0.0000
0.0000 0.0000 0.0000 0.0000 0.0000 0.0000 0.0000 0.0000 0.0000 0.0000 1.0000
#DG from neighbouring lambda in kcal/mol
0.0000 0.1000 6.1576 0.0727
0.1000 0.2000 5.2230 0.0751
0.2000 0.3000 2.0503 0.0977
0.3000 0.4000 -2.2617 0.0724
0.4000 0.5000 -4.6681 0.0641
0.5000 0.6000 1.6621 0.0852
0.6000 0.7000 15.4248 1512.2353
0.7000 0.8000 0.7883 0.5322
0.8000 0.9000 -1.3431 0.1865
0.9000 1.0000 -45.2955 1058.5645
#PMF from MBAR in kcal/mol
0.0000 0.0000 0.0000
0.1000 6.1576 0.0727
0.2000 11.3806 0.1101
0.3000 13.4308 0.1512
0.4000 11.1691 0.1713
0.5000 6.5010 0.1861
0.6000 8.1630 0.2074
0.7000 23.5878 1512.2353
0.8000 24.3761 1512.2354
0.9000 23.0330 1512.2354
1.0000 -22.2625 453.6710
#TI average gradients and standard deviation in kcal/mol
0.0000 53.4330 20.2325
0.1000 61.4244 8.9901
0.2000 37.6114 13.7631
0.3000 3.4047 20.3099
0.4000 -41.1108 21.6281
0.5000 -42.8896 15.4306
0.6000 107.8086 42.8629
0.7000 54.3617 48.0771
0.8000 4.8925 41.3633
0.9000 -76.3364 81.6629
1.0000 -1052.8752 65.8375
#PMF from TI in kcal/mol
0.0000 0.0000
0.1000 5.7429
0.2000 10.6947
0.3000 12.7455
0.4000 10.8602
0.5000 6.6601
0.6000 9.9061
0.7000 18.0146
0.8000 20.9773
0.9000 17.4051
1.0000 -39.0555
#MBAR free energy difference in kcal/mol: 
-22.262481, 453.670957 
#TI free energy difference in kcal/mol: 
-39.055464  #WARNING SUBSAMPLING GRADIENTS RESULTED IN LESS THAN 50 SAMPLES, CONSIDER RERUN WITHOUT SUBSAMPLE OPTION 
Starting /export/users/common/BioSimSpace/sire.app/bin/analyse_freenrg: number of threads equals 32
