# Analysing data contained in file(s) ['lambda_0.0000/simfile.dat', 'lambda_0.1000/simfile.dat', 'lambda_0.2000/simfile.dat', 'lambda_0.3000/simfile.dat', 'lambda_0.4000/simfile.dat', 'lambda_0.5000/simfile.dat', 'lambda_0.6000/simfile.dat', 'lambda_0.7000/simfile.dat', 'lambda_0.8000/simfile.dat', 'lambda_0.9000/simfile.dat', 'lambda_1.0000/simfile.dat']
#Overlap matrix
1.0000 0.0000 0.0000 0.0000 0.0000 0.0000 0.0000 0.0000 0.0000 0.0000 0.0000
0.0000 0.9965 0.0035 0.0000 0.0000 0.0000 0.0000 0.0000 0.0000 0.0000 0.0000
0.0000 0.0035 0.9897 0.0068 0.0000 0.0000 0.0000 0.0000 0.0000 0.0000 0.0000
0.0000 0.0000 0.0068 0.9932 0.0000 0.0000 0.0000 0.0000 0.0000 0.0000 0.0000
0.0000 0.0000 0.0000 0.0000 0.8842 0.1147 0.0011 0.0000 0.0000 0.0000 0.0000
0.0000 0.0000 0.0000 0.0000 0.1147 0.7586 0.1267 0.0000 0.0000 0.0000 0.0000
0.0000 0.0000 0.0000 0.0000 0.0011 0.1267 0.8432 0.0290 0.0000 0.0000 0.0000
0.0000 0.0000 0.0000 0.0000 0.0000 0.0000 0.0290 0.8739 0.0969 0.0002 0.0000
0.0000 0.0000 0.0000 0.0000 0.0000 0.0000 0.0000 0.0969 0.7727 0.1304 0.0000
0.0000 0.0000 0.0000 0.0000 0.0000 0.0000 0.0000 0.0002 0.1304 0.8694 0.0000
0.0000 0.0000 0.0000 0.0000 0.0000 0.0000 0.0000 0.0000 0.0000 0.0000 1.0000
#DG from neighbouring lambda in kcal/mol
0.0000 0.1000 30.5272 49.7749
0.1000 0.2000 -4.8963 0.3832
0.2000 0.3000 -8.8894 0.2716
0.3000 0.4000 -16.8287 74.6599
0.4000 0.5000 -4.3361 0.0582
0.5000 0.6000 -0.4861 0.0545
0.6000 0.7000 -2.3800 0.1288
0.7000 0.8000 -7.7394 0.0651
0.8000 0.9000 -9.8602 0.0537
0.9000 1.0000 -32.0704 24.8871
#PMF from MBAR in kcal/mol
0.0000 0.0000 0.0000
0.1000 30.5272 49.7749
0.2000 25.6309 49.7738
0.3000 16.7415 49.7734
0.4000 -0.0872 24.8868
0.5000 -4.4234 24.8868
0.6000 -4.9095 24.8868
0.7000 -7.2895 24.8869
0.8000 -15.0289 24.8870
0.9000 -24.8890 24.8871
1.0000 -56.9594 0.0000
#TI average gradients and standard deviation in kcal/mol
0.0000 2551.9596 373.8941
0.1000 27.9610 45.3264
0.2000 -78.8971 37.9862
0.3000 -82.6961 25.7218
0.4000 -108.0230 24.3300
0.5000 -10.2897 15.7021
0.6000 -6.1571 20.7218
0.7000 -58.1737 18.6709
0.8000 -94.9459 15.1157
0.9000 -109.6502 23.6068
1.0000 -4303.3482 1443.2641
#PMF from TI in kcal/mol
0.0000 0.0000
0.1000 128.9960
0.2000 126.4492
0.3000 118.3696
0.4000 108.8336
0.5000 102.9180
0.6000 102.0956
0.7000 98.8791
0.8000 91.2231
0.9000 80.9933
1.0000 -139.6566
#MBAR free energy difference in kcal/mol: 
-56.959394, 0.000006 
#TI free energy difference in kcal/mol: 
-139.656597  #WARNING SUBSAMPLING GRADIENTS RESULTED IN LESS THAN 50 SAMPLES, CONSIDER RERUN WITHOUT SUBSAMPLE OPTION 
Starting /export/users/common/BioSimSpace/sire.app/bin/analyse_freenrg: number of threads equals 32
