# Analysing data contained in file(s) ['lambda_0.0000/simfile.dat', 'lambda_0.1000/simfile.dat', 'lambda_0.2000/simfile.dat', 'lambda_0.3000/simfile.dat', 'lambda_0.4000/simfile.dat', 'lambda_0.5000/simfile.dat', 'lambda_0.6000/simfile.dat', 'lambda_0.7000/simfile.dat', 'lambda_0.8000/simfile.dat', 'lambda_0.9000/simfile.dat', 'lambda_1.0000/simfile.dat']
#Overlap matrix
0.9997 0.0003 0.0000 0.0000 0.0000 0.0000 0.0000 0.0000 0.0000 0.0000 0.0000
0.0003 0.9975 0.0021 0.0000 0.0000 0.0000 0.0000 0.0000 0.0000 0.0000 0.0000
0.0000 0.0021 0.9965 0.0014 0.0000 0.0000 0.0000 0.0000 0.0000 0.0000 0.0000
0.0000 0.0000 0.0014 0.9963 0.0024 0.0000 0.0000 0.0000 0.0000 0.0000 0.0000
0.0000 0.0000 0.0000 0.0024 0.9711 0.0265 0.0000 0.0000 0.0000 0.0000 0.0000
0.0000 0.0000 0.0000 0.0000 0.0265 0.9701 0.0034 0.0000 0.0000 0.0000 0.0000
0.0000 0.0000 0.0000 0.0000 0.0000 0.0034 0.9639 0.0328 0.0000 0.0000 0.0000
0.0000 0.0000 0.0000 0.0000 0.0000 0.0000 0.0328 0.8763 0.0910 0.0000 0.0000
0.0000 0.0000 0.0000 0.0000 0.0000 0.0000 0.0000 0.0910 0.8965 0.0126 0.0000
0.0000 0.0000 0.0000 0.0000 0.0000 0.0000 0.0000 0.0000 0.0126 0.9355 0.0519
0.0000 0.0000 0.0000 0.0000 0.0000 0.0000 0.0000 0.0000 0.0000 0.0519 0.9481
#DG from neighbouring lambda in kcal/mol
0.0000 0.1000 20.0840 1.2745
0.1000 0.2000 21.1854 0.5026
0.2000 0.3000 21.8687 0.6321
0.3000 0.4000 18.2843 0.4765
0.4000 0.5000 25.7840 0.1390
0.5000 0.6000 21.8490 0.3991
0.6000 0.7000 15.4268 0.1242
0.7000 0.8000 13.2732 0.0698
0.8000 0.9000 9.8594 0.2049
0.9000 1.0000 6.2299 0.0966
#PMF from MBAR in kcal/mol
0.0000 0.0000 0.0000
0.1000 20.0840 1.2745
0.2000 41.2694 1.3704
0.3000 63.1381 1.5095
0.4000 81.4224 1.5833
0.5000 107.2064 1.5897
0.6000 129.0554 1.6394
0.7000 144.4822 1.6444
0.8000 157.7554 1.6462
0.9000 167.6149 1.6592
1.0000 173.8447 1.6624
#TI average gradients and standard deviation in kcal/mol
0.0000 207.4261 40.0955
0.1000 203.6923 43.5065
0.2000 220.8673 30.7424
0.3000 155.2979 53.5648
0.4000 241.6584 26.4243
0.5000 256.1353 25.5371
0.6000 172.6531 25.1366
0.7000 133.9429 25.1238
0.8000 130.3820 23.2149
0.9000 73.9436 22.9373
1.0000 56.5996 22.0998
#PMF from TI in kcal/mol
0.0000 0.0000
0.1000 20.5559
0.2000 41.7839
0.3000 60.5922
0.4000 80.4400
0.5000 105.3297
0.6000 126.7691
0.7000 142.0989
0.8000 155.3151
0.9000 165.5314
1.0000 172.0586
#MBAR free energy difference in kcal/mol: 
173.844727, 1.662363 
#TI free energy difference in kcal/mol: 
172.058563  
Starting /export/users/common/BioSimSpace/sire.app/bin/analyse_freenrg: number of threads equals 32
