# Analysing data contained in file(s) ['lambda_0.0000/simfile.dat', 'lambda_0.1000/simfile.dat', 'lambda_0.2000/simfile.dat', 'lambda_0.3000/simfile.dat', 'lambda_0.4000/simfile.dat', 'lambda_0.5000/simfile.dat', 'lambda_0.6000/simfile.dat', 'lambda_0.7000/simfile.dat', 'lambda_0.8000/simfile.dat', 'lambda_0.9000/simfile.dat', 'lambda_1.0000/simfile.dat']
#Overlap matrix
1.0000 0.0000 0.0000 0.0000 0.0000 0.0000 0.0000 0.0000 0.0000 0.0000 0.0000
0.0000 1.0000 0.0000 0.0000 0.0000 0.0000 0.0000 0.0000 0.0000 0.0000 0.0000
0.0000 0.0000 1.0000 0.0000 0.0000 0.0000 0.0000 0.0000 0.0000 0.0000 0.0000
0.0000 0.0000 0.0000 1.0000 0.0000 0.0000 0.0000 0.0000 0.0000 0.0000 0.0000
0.0000 0.0000 0.0000 0.0000 0.9983 0.0017 0.0000 0.0000 0.0000 0.0000 0.0000
0.0000 0.0000 0.0000 0.0000 0.0017 0.9777 0.0206 0.0000 0.0000 0.0000 0.0000
0.0000 0.0000 0.0000 0.0000 0.0000 0.0206 0.9194 0.0601 0.0000 0.0000 0.0000
0.0000 0.0000 0.0000 0.0000 0.0000 0.0000 0.0601 0.9169 0.0230 0.0000 0.0000
0.0000 0.0000 0.0000 0.0000 0.0000 0.0000 0.0000 0.0230 0.9740 0.0029 0.0000
0.0000 0.0000 0.0000 0.0000 0.0000 0.0000 0.0000 0.0000 0.0029 0.9971 0.0000
0.0000 0.0000 0.0000 0.0000 0.0000 0.0000 0.0000 0.0000 0.0000 0.0000 1.0000
#DG from neighbouring lambda in kcal/mol
0.0000 0.1000 35.7029 602.1023
0.1000 0.2000 -3.7482 1204.3187
0.2000 0.3000 -18.1434 602.3147
0.3000 0.4000 -27.7468 0.5157
0.4000 0.5000 -3.9060 0.5797
0.5000 0.6000 15.8255 0.1621
0.6000 0.7000 14.7395 0.0909
0.7000 0.8000 5.5247 0.1530
0.8000 0.9000 -8.7044 0.4376
0.9000 1.0000 -44.4121 0.3987
#PMF from MBAR in kcal/mol
0.0000 0.0000 0.0000
0.1000 35.7029 602.1023
0.2000 31.9547 602.2164
0.3000 13.8114 0.0983
0.4000 -13.9355 0.5063
0.5000 -17.8414 0.1774
0.6000 -2.0159 0.1496
0.7000 12.7236 0.1495
0.8000 18.2483 0.1747
0.9000 9.5439 0.3987
1.0000 -34.8682 0.0000
#TI average gradients and standard deviation in kcal/mol
0.0000 1344.7494 75.0482
0.1000 73.5946 57.6770
0.2000 -72.5780 57.1603
0.3000 -154.2002 62.9995
0.4000 -306.4233 59.2625
0.5000 121.9633 33.2250
0.6000 169.0231 22.8447
0.7000 112.5401 22.3613
0.8000 -3.9320 27.2709
0.9000 -175.7312 36.0029
1.0000 -1945.8053 88.7907
#PMF from TI in kcal/mol
0.0000 0.0000
0.1000 70.9172
0.2000 70.9680
0.3000 59.6291
0.4000 36.5979
0.5000 27.3749
0.6000 41.9243
0.7000 56.0024
0.8000 61.4328
0.9000 52.4497
1.0000 -53.6272
#MBAR free energy difference in kcal/mol: 
-34.868180, 0.000000 
#TI free energy difference in kcal/mol: 
-53.627162  
Starting /export/users/common/BioSimSpace/sire.app/bin/analyse_freenrg: number of threads equals 32
