# Analysing data contained in file(s) ['lambda_0.0000/simfile.dat', 'lambda_0.1000/simfile.dat', 'lambda_0.2000/simfile.dat', 'lambda_0.3000/simfile.dat', 'lambda_0.4000/simfile.dat', 'lambda_0.5000/simfile.dat', 'lambda_0.6000/simfile.dat', 'lambda_0.7000/simfile.dat', 'lambda_0.8000/simfile.dat', 'lambda_0.9000/simfile.dat', 'lambda_1.0000/simfile.dat']
#Overlap matrix
0.8194 0.1774 0.0032 0.0000 0.0000 0.0000 0.0000 0.0000 0.0000 0.0000 0.0000
0.1774 0.6523 0.1688 0.0015 0.0000 0.0000 0.0000 0.0000 0.0000 0.0000 0.0000
0.0032 0.1688 0.6885 0.1390 0.0005 0.0000 0.0000 0.0000 0.0000 0.0000 0.0000
0.0000 0.0015 0.1390 0.7394 0.1192 0.0008 0.0000 0.0000 0.0000 0.0000 0.0000
0.0000 0.0000 0.0005 0.1192 0.7206 0.1555 0.0041 0.0000 0.0000 0.0000 0.0000
0.0000 0.0000 0.0000 0.0008 0.1555 0.6761 0.1663 0.0013 0.0000 0.0000 0.0000
0.0000 0.0000 0.0000 0.0000 0.0041 0.1663 0.7884 0.0412 0.0000 0.0000 0.0000
0.0000 0.0000 0.0000 0.0000 0.0000 0.0013 0.0412 0.9315 0.0259 0.0000 0.0000
0.0000 0.0000 0.0000 0.0000 0.0000 0.0000 0.0000 0.0259 0.9539 0.0202 0.0000
0.0000 0.0000 0.0000 0.0000 0.0000 0.0000 0.0000 0.0000 0.0202 0.9642 0.0157
0.0000 0.0000 0.0000 0.0000 0.0000 0.0000 0.0000 0.0000 0.0000 0.0157 0.9843
#DG from neighbouring lambda in kcal/mol
0.0000 0.1000 -5.5588 0.0468
0.1000 0.2000 -6.8621 0.0483
0.2000 0.3000 -8.7838 0.0562
0.3000 0.4000 -11.7079 0.0625
0.4000 0.5000 -14.4977 0.0513
0.5000 0.6000 -14.8927 0.0487
0.6000 0.7000 -12.4135 0.1154
0.7000 0.8000 -11.8126 0.1507
0.8000 0.9000 -10.9788 0.1718
0.9000 1.0000 -9.4773 0.1958
#PMF from MBAR in kcal/mol
0.0000 0.0000 0.0000
0.1000 -5.5588 0.0468
0.2000 -12.4209 0.0751
0.3000 -21.2047 0.0998
0.4000 -32.9125 0.1228
0.5000 -47.4103 0.1375
0.6000 -62.3030 0.1494
0.7000 -74.7165 0.1915
0.8000 -86.5291 0.2462
0.9000 -97.5079 0.3023
1.0000 -106.9852 0.3619
#TI average gradients and standard deviation in kcal/mol
0.0000 -52.5674 13.8222
0.1000 -61.6402 14.1641
0.2000 -76.9225 15.0932
0.3000 -101.4088 16.7004
0.4000 -133.5393 16.0176
0.5000 -153.8483 14.3312
0.6000 -137.9617 17.5090
0.7000 -117.4639 27.9401
0.8000 -116.0548 26.7138
0.9000 -104.1723 28.0058
1.0000 -84.6365 29.7740
#PMF from TI in kcal/mol
0.0000 0.0000
0.1000 -5.7104
0.2000 -12.6385
0.3000 -21.5551
0.4000 -33.3025
0.5000 -47.6719
0.6000 -62.2624
0.7000 -75.0336
0.8000 -86.7096
0.9000 -97.7209
1.0000 -107.1614
#MBAR free energy difference in kcal/mol: 
-106.985163, 0.361865 
#TI free energy difference in kcal/mol: 
-107.161379  
Starting /export/users/common/BioSimSpace/sire.app/bin/analyse_freenrg: number of threads equals 32
