# Analysing data contained in file(s) ['lambda_0.0000/simfile.dat', 'lambda_0.1000/simfile.dat', 'lambda_0.2000/simfile.dat', 'lambda_0.3000/simfile.dat', 'lambda_0.4000/simfile.dat', 'lambda_0.5000/simfile.dat', 'lambda_0.6000/simfile.dat', 'lambda_0.7000/simfile.dat', 'lambda_0.8000/simfile.dat', 'lambda_0.9000/simfile.dat', 'lambda_1.0000/simfile.dat']
#Overlap matrix
0.9959 0.0041 0.0000 0.0000 0.0000 0.0000 0.0000 0.0000 0.0000 0.0000 0.0000
0.0041 0.9822 0.0137 0.0000 0.0000 0.0000 0.0000 0.0000 0.0000 0.0000 0.0000
0.0000 0.0137 0.9757 0.0106 0.0000 0.0000 0.0000 0.0000 0.0000 0.0000 0.0000
0.0000 0.0000 0.0106 0.9636 0.0258 0.0000 0.0000 0.0000 0.0000 0.0000 0.0000
0.0000 0.0000 0.0000 0.0258 0.9742 0.0000 0.0000 0.0000 0.0000 0.0000 0.0000
0.0000 0.0000 0.0000 0.0000 0.0000 0.9998 0.0002 0.0000 0.0000 0.0000 0.0000
0.0000 0.0000 0.0000 0.0000 0.0000 0.0002 0.9998 0.0000 0.0000 0.0000 0.0000
0.0000 0.0000 0.0000 0.0000 0.0000 0.0000 0.0000 0.9999 0.0001 0.0000 0.0000
0.0000 0.0000 0.0000 0.0000 0.0000 0.0000 0.0000 0.0001 0.9995 0.0004 0.0000
0.0000 0.0000 0.0000 0.0000 0.0000 0.0000 0.0000 0.0000 0.0004 0.9966 0.0030
0.0000 0.0000 0.0000 0.0000 0.0000 0.0000 0.0000 0.0000 0.0000 0.0030 0.9970
#DG from neighbouring lambda in kcal/mol
0.0000 0.1000 26.6780 0.3766
0.1000 0.2000 14.3294 0.2029
0.2000 0.3000 4.4829 0.2321
0.3000 0.4000 0.6811 0.1461
0.4000 0.5000 11.5911 21.9530
0.5000 0.6000 12.3388 1.6882
0.6000 0.7000 19.1254 15.8918
0.7000 0.8000 0.7187 2.7200
0.8000 0.9000 -5.2479 1.2190
0.9000 1.0000 -10.7950 0.4404
#PMF from MBAR in kcal/mol
0.0000 0.0000 0.0000
0.1000 26.6780 0.3766
0.2000 41.0074 0.4291
0.3000 45.4903 0.4891
0.4000 46.1715 0.5116
0.5000 57.7625 21.9590
0.6000 70.1013 22.0238
0.7000 89.2267 6.6403
0.8000 89.9454 6.3556
0.9000 84.6975 6.3556
1.0000 73.9025 6.3633
#TI average gradients and standard deviation in kcal/mol
0.0000 306.2658 27.9508
0.1000 197.4685 33.0529
0.2000 91.4375 31.4439
0.3000 4.5625 30.4564
0.4000 42.2521 25.7487
0.5000 83.0974 57.2808
0.6000 214.4280 59.3996
0.7000 36.1513 50.9731
0.8000 -18.5237 40.7674
0.9000 -85.3590 37.9559
1.0000 -122.8165 33.6935
#PMF from TI in kcal/mol
0.0000 0.0000
0.1000 25.1867
0.2000 39.6320
0.3000 44.4320
0.4000 46.7727
0.5000 53.0402
0.6000 67.9165
0.7000 80.4455
0.8000 81.3268
0.9000 76.1327
1.0000 65.7239
#MBAR free energy difference in kcal/mol: 
73.902506, 6.363305 
#TI free energy difference in kcal/mol: 
65.723913  
Starting /export/users/common/BioSimSpace/sire.app/bin/analyse_freenrg: number of threads equals 32
