# Analysing data contained in file(s) ['lambda_0.0000/simfile.dat', 'lambda_0.1000/simfile.dat', 'lambda_0.2000/simfile.dat', 'lambda_0.3000/simfile.dat', 'lambda_0.4000/simfile.dat', 'lambda_0.5000/simfile.dat', 'lambda_0.6000/simfile.dat', 'lambda_0.7000/simfile.dat', 'lambda_0.8000/simfile.dat', 'lambda_0.9000/simfile.dat', 'lambda_1.0000/simfile.dat']
#Overlap matrix
0.9934 0.0066 0.0000 0.0000 0.0000 0.0000 0.0000 0.0000 0.0000 0.0000 0.0000
0.0066 0.9895 0.0040 0.0000 0.0000 0.0000 0.0000 0.0000 0.0000 0.0000 0.0000
0.0000 0.0040 0.9950 0.0010 0.0000 0.0000 0.0000 0.0000 0.0000 0.0000 0.0000
0.0000 0.0000 0.0010 0.9977 0.0013 0.0000 0.0000 0.0000 0.0000 0.0000 0.0000
0.0000 0.0000 0.0000 0.0013 0.9852 0.0135 0.0000 0.0000 0.0000 0.0000 0.0000
0.0000 0.0000 0.0000 0.0000 0.0135 0.9865 0.0000 0.0000 0.0000 0.0000 0.0000
0.0000 0.0000 0.0000 0.0000 0.0000 0.0000 0.9231 0.0769 0.0000 0.0000 0.0000
0.0000 0.0000 0.0000 0.0000 0.0000 0.0000 0.0769 0.8689 0.0543 0.0000 0.0000
0.0000 0.0000 0.0000 0.0000 0.0000 0.0000 0.0000 0.0543 0.8939 0.0518 0.0000
0.0000 0.0000 0.0000 0.0000 0.0000 0.0000 0.0000 0.0000 0.0518 0.9110 0.0372
0.0000 0.0000 0.0000 0.0000 0.0000 0.0000 0.0000 0.0000 0.0000 0.0372 0.9628
#DG from neighbouring lambda in kcal/mol
0.0000 0.1000 -2.2732 0.3207
0.1000 0.2000 -0.8969 0.4133
0.2000 0.3000 -3.6921 0.8095
0.3000 0.4000 -2.9618 0.7338
0.4000 0.5000 4.1595 0.2223
0.5000 0.6000 -0.6830 8.1203
0.6000 0.7000 9.5049 0.0868
0.7000 0.8000 8.4007 0.1060
0.8000 0.9000 3.7772 0.1089
0.9000 1.0000 -1.6563 0.1306
#PMF from MBAR in kcal/mol
0.0000 0.0000 0.0000
0.1000 -2.2732 0.3207
0.2000 -3.1701 0.5244
0.3000 -6.8622 0.9653
0.4000 -9.8241 1.2131
0.5000 -5.6645 1.2338
0.6000 -6.3476 8.2135
0.7000 3.1573 8.2140
0.8000 11.5580 8.2148
0.9000 15.3353 8.2156
1.0000 13.6789 8.2167
#TI average gradients and standard deviation in kcal/mol
0.0000 -40.8000 22.3629
0.1000 -8.5636 31.2699
0.2000 -38.2165 40.8426
0.3000 -35.3630 41.9158
0.4000 -23.6006 41.6700
0.5000 55.9112 38.6034
0.6000 56.7807 24.2222
0.7000 103.6480 18.6444
0.8000 64.7365 22.4170
0.9000 14.3431 29.6685
1.0000 -33.1136 25.1580
#PMF from TI in kcal/mol
0.0000 0.0000
0.1000 -2.4682
0.2000 -4.8072
0.3000 -8.4862
0.4000 -11.4343
0.5000 -9.8188
0.6000 -4.1842
0.7000 3.8372
0.8000 12.2564
0.9000 16.2104
1.0000 15.2719
#MBAR free energy difference in kcal/mol: 
13.678930, 8.216720 
#TI free energy difference in kcal/mol: 
15.271908  #WARNING SUBSAMPLING GRADIENTS RESULTED IN LESS THAN 50 SAMPLES, CONSIDER RERUN WITHOUT SUBSAMPLE OPTION 
Starting /export/users/common/BioSimSpace/sire.app/bin/analyse_freenrg: number of threads equals 32
