# Analysing data contained in file(s) ['lambda_0.0000/simfile.dat', 'lambda_0.1000/simfile.dat', 'lambda_0.2000/simfile.dat', 'lambda_0.3000/simfile.dat', 'lambda_0.4000/simfile.dat', 'lambda_0.5000/simfile.dat', 'lambda_0.6000/simfile.dat', 'lambda_0.7000/simfile.dat', 'lambda_0.8000/simfile.dat', 'lambda_0.9000/simfile.dat', 'lambda_1.0000/simfile.dat']
#Overlap matrix
0.9677 0.0323 0.0000 0.0000 0.0000 0.0000 0.0000 0.0000 0.0000 0.0000 0.0000
0.0323 0.8667 0.1008 0.0003 0.0000 0.0000 0.0000 0.0000 0.0000 0.0000 0.0000
0.0000 0.1008 0.7649 0.1339 0.0005 0.0000 0.0000 0.0000 0.0000 0.0000 0.0000
0.0000 0.0003 0.1339 0.7350 0.1303 0.0005 0.0000 0.0000 0.0000 0.0000 0.0000
0.0000 0.0000 0.0005 0.1303 0.7532 0.1159 0.0001 0.0000 0.0000 0.0000 0.0000
0.0000 0.0000 0.0000 0.0005 0.1159 0.7931 0.0904 0.0001 0.0000 0.0000 0.0000
0.0000 0.0000 0.0000 0.0000 0.0001 0.0904 0.8291 0.0804 0.0000 0.0000 0.0000
0.0000 0.0000 0.0000 0.0000 0.0000 0.0001 0.0804 0.9110 0.0085 0.0000 0.0000
0.0000 0.0000 0.0000 0.0000 0.0000 0.0000 0.0000 0.0085 0.9915 0.0000 0.0000
0.0000 0.0000 0.0000 0.0000 0.0000 0.0000 0.0000 0.0000 0.0000 1.0000 0.0000
0.0000 0.0000 0.0000 0.0000 0.0000 0.0000 0.0000 0.0000 0.0000 0.0000 1.0000
#DG from neighbouring lambda in kcal/mol
0.0000 0.1000 8.5278 0.1223
0.1000 0.2000 5.8545 0.0639
0.2000 0.3000 4.6875 0.0530
0.3000 0.4000 3.7313 0.0539
0.4000 0.5000 2.8320 0.0583
0.5000 0.6000 1.4818 0.0683
0.6000 0.7000 1.5121 0.0734
0.7000 0.8000 6.2012 0.2443
0.8000 0.9000 5.0091 358.5429
0.9000 1.0000 -48.3439 322.6887
#PMF from MBAR in kcal/mol
0.0000 0.0000 0.0000
0.1000 8.5278 0.1223
0.2000 14.3823 0.1416
0.3000 19.0698 0.1545
0.4000 22.8011 0.1667
0.5000 25.6331 0.1794
0.6000 27.1149 0.1946
0.7000 28.6270 0.2104
0.8000 34.8281 0.3240
0.9000 39.8372 358.5430
1.0000 -8.5067 35.8546
#TI average gradients and standard deviation in kcal/mol
0.0000 114.0403 28.7600
0.1000 71.3368 19.0653
0.2000 49.0955 15.3839
0.3000 41.5126 17.2762
0.4000 33.5740 18.8975
0.5000 18.6642 17.2686
0.6000 5.9865 20.8316
0.7000 26.7530 20.3335
0.8000 86.7069 38.4131
0.9000 -60.1485 65.0433
1.0000 -6367.9162 1609.0140
#PMF from TI in kcal/mol
0.0000 0.0000
0.1000 9.2689
0.2000 15.2905
0.3000 19.8209
0.4000 23.5752
0.5000 26.1871
0.6000 27.4197
0.7000 29.0566
0.8000 34.7296
0.9000 36.0575
1.0000 -285.3457
#MBAR free energy difference in kcal/mol: 
-8.506668, 35.854562 
#TI free energy difference in kcal/mol: 
-285.345698  #WARNING SUBSAMPLING GRADIENTS RESULTED IN LESS THAN 50 SAMPLES, CONSIDER RERUN WITHOUT SUBSAMPLE OPTION 
Starting /export/users/common/BioSimSpace/sire.app/bin/analyse_freenrg: number of threads equals 32
