# Analysing data contained in file(s) ['lambda_0.0000/simfile.dat', 'lambda_0.1000/simfile.dat', 'lambda_0.2000/simfile.dat', 'lambda_0.3000/simfile.dat', 'lambda_0.4000/simfile.dat', 'lambda_0.5000/simfile.dat', 'lambda_0.6000/simfile.dat', 'lambda_0.7000/simfile.dat', 'lambda_0.8000/simfile.dat', 'lambda_0.9000/simfile.dat', 'lambda_1.0000/simfile.dat']
#Overlap matrix
1.0000 0.0000 0.0000 0.0000 0.0000 0.0000 0.0000 0.0000 0.0000 0.0000 0.0000
0.0000 0.9983 0.0017 0.0000 0.0000 0.0000 0.0000 0.0000 0.0000 0.0000 0.0000
0.0000 0.0017 0.9630 0.0353 0.0000 0.0000 0.0000 0.0000 0.0000 0.0000 0.0000
0.0000 0.0000 0.0353 0.9587 0.0060 0.0000 0.0000 0.0000 0.0000 0.0000 0.0000
0.0000 0.0000 0.0000 0.0060 0.9888 0.0052 0.0000 0.0000 0.0000 0.0000 0.0000
0.0000 0.0000 0.0000 0.0000 0.0052 0.9911 0.0038 0.0000 0.0000 0.0000 0.0000
0.0000 0.0000 0.0000 0.0000 0.0000 0.0038 0.9948 0.0015 0.0000 0.0000 0.0000
0.0000 0.0000 0.0000 0.0000 0.0000 0.0000 0.0015 0.9969 0.0017 0.0000 0.0000
0.0000 0.0000 0.0000 0.0000 0.0000 0.0000 0.0000 0.0017 0.9981 0.0003 0.0000
0.0000 0.0000 0.0000 0.0000 0.0000 0.0000 0.0000 0.0000 0.0003 0.9997 0.0000
0.0000 0.0000 0.0000 0.0000 0.0000 0.0000 0.0000 0.0000 0.0000 0.0000 1.0000
#DG from neighbouring lambda in kcal/mol
0.0000 0.1000 61.6876 0.7368
0.1000 0.2000 29.7284 0.6244
0.2000 0.3000 13.5436 0.1313
0.3000 0.4000 5.6323 0.3284
0.4000 0.5000 -3.6625 0.3547
0.5000 0.6000 -11.5917 0.4153
0.6000 0.7000 -19.2782 0.6691
0.7000 0.8000 -27.6133 0.6240
0.8000 0.9000 -33.9247 1.6054
0.9000 1.0000 -168.8071 1.6029
#PMF from MBAR in kcal/mol
0.0000 0.0000 0.0000
0.1000 61.6876 0.7368
0.2000 91.4159 0.4884
0.3000 104.9595 0.4778
0.4000 110.5918 0.4380
0.5000 106.9293 0.4216
0.6000 95.3376 0.4439
0.7000 76.0594 0.5888
0.8000 48.4460 0.7509
0.9000 14.5214 1.6029
1.0000 -154.2858 0.0000
#TI average gradients and standard deviation in kcal/mol
0.0000 7248.3908 271.4542
0.1000 372.5108 29.3149
0.2000 193.7570 49.1375
0.3000 111.6422 25.4050
0.4000 8.6055 26.3618
0.5000 -83.2694 21.5633
0.6000 -175.7754 28.2516
0.7000 -236.6444 36.6676
0.8000 -295.9632 33.1371
0.9000 -407.0892 24.5118
1.0000 -8511.9603 181.6114
#PMF from TI in kcal/mol
0.0000 0.0000
0.1000 381.0451
0.2000 409.3585
0.3000 424.6284
0.4000 430.6408
0.5000 426.9076
0.6000 413.9554
0.7000 393.3344
0.8000 366.7040
0.9000 331.5514
1.0000 -114.4011
#MBAR free energy difference in kcal/mol: 
-154.285759, 0.000000 
#TI free energy difference in kcal/mol: 
-114.401086  #WARNING SUBSAMPLING GRADIENTS RESULTED IN LESS THAN 50 SAMPLES, CONSIDER RERUN WITHOUT SUBSAMPLE OPTION 
Starting /export/users/common/BioSimSpace/sire.app/bin/analyse_freenrg: number of threads equals 32
