# Analysing data contained in file(s) ['lambda_0.0000/simfile.dat', 'lambda_0.1000/simfile.dat', 'lambda_0.2000/simfile.dat', 'lambda_0.3000/simfile.dat', 'lambda_0.4000/simfile.dat', 'lambda_0.5000/simfile.dat', 'lambda_0.6000/simfile.dat', 'lambda_0.7000/simfile.dat', 'lambda_0.8000/simfile.dat', 'lambda_0.9000/simfile.dat', 'lambda_1.0000/simfile.dat']
#Overlap matrix
0.7710 0.2088 0.0195 0.0007 0.0000 0.0000 0.0000 0.0000 0.0000 0.0000 0.0000
0.2088 0.5212 0.2348 0.0329 0.0022 0.0001 0.0000 0.0000 0.0000 0.0000 0.0000
0.0195 0.2348 0.4545 0.2374 0.0479 0.0055 0.0003 0.0000 0.0000 0.0000 0.0000
0.0007 0.0329 0.2374 0.4213 0.2513 0.0520 0.0042 0.0001 0.0000 0.0000 0.0000
0.0000 0.0022 0.0479 0.2513 0.4573 0.2148 0.0250 0.0014 0.0000 0.0000 0.0000
0.0000 0.0001 0.0055 0.0520 0.2148 0.5241 0.1838 0.0188 0.0009 0.0000 0.0000
0.0000 0.0000 0.0003 0.0042 0.0250 0.1838 0.5569 0.2103 0.0190 0.0005 0.0000
0.0000 0.0000 0.0000 0.0001 0.0014 0.0188 0.2103 0.5567 0.2004 0.0122 0.0001
0.0000 0.0000 0.0000 0.0000 0.0000 0.0009 0.0190 0.2004 0.5965 0.1797 0.0034
0.0000 0.0000 0.0000 0.0000 0.0000 0.0000 0.0005 0.0122 0.1797 0.6787 0.1288
0.0000 0.0000 0.0000 0.0000 0.0000 0.0000 0.0000 0.0001 0.0034 0.1288 0.8676
#DG from neighbouring lambda in kcal/mol
0.0000 0.1000 6.3647 0.0379
0.1000 0.2000 4.9948 0.0301
0.2000 0.3000 3.9825 0.0266
0.3000 0.4000 3.4043 0.0236
0.4000 0.5000 3.4396 0.0296
0.5000 0.6000 3.2196 0.0376
0.6000 0.7000 2.7799 0.0350
0.7000 0.8000 2.7127 0.0374
0.8000 0.9000 3.2007 0.0433
0.9000 1.0000 4.7847 0.0577
#PMF from MBAR in kcal/mol
0.0000 0.0000 0.0000
0.1000 6.3647 0.0379
0.2000 11.3595 0.0563
0.3000 15.3420 0.0681
0.4000 18.7463 0.0764
0.5000 22.1859 0.0852
0.6000 25.4055 0.0967
0.7000 28.1853 0.1066
0.8000 30.8980 0.1164
0.9000 34.0987 0.1276
1.0000 38.8834 0.1437
#TI average gradients and standard deviation in kcal/mol
0.0000 69.5258 15.1971
0.1000 56.0344 11.3397
0.2000 44.3695 9.7116
0.3000 36.5316 9.4919
0.4000 33.1442 9.8463
0.5000 33.6394 12.6534
0.6000 28.8233 12.8004
0.7000 27.5560 12.9178
0.8000 28.0994 13.6649
0.9000 37.4039 15.9712
1.0000 63.6876 17.9103
#PMF from TI in kcal/mol
0.0000 0.0000
0.1000 6.2780
0.2000 11.2982
0.3000 15.3433
0.4000 18.8271
0.5000 22.1662
0.6000 25.2894
0.7000 28.1083
0.8000 30.8911
0.9000 34.1663
1.0000 39.2208
#MBAR free energy difference in kcal/mol: 
38.883432, 0.143743 
#TI free energy difference in kcal/mol: 
39.220834  
Starting /export/users/common/BioSimSpace/sire.app/bin/analyse_freenrg: number of threads equals 32
