# Analysing data contained in file(s) ['lambda_0.0000/simfile.dat', 'lambda_0.1000/simfile.dat', 'lambda_0.2000/simfile.dat', 'lambda_0.3000/simfile.dat', 'lambda_0.4000/simfile.dat', 'lambda_0.5000/simfile.dat', 'lambda_0.6000/simfile.dat', 'lambda_0.7000/simfile.dat', 'lambda_0.8000/simfile.dat', 'lambda_0.9000/simfile.dat', 'lambda_1.0000/simfile.dat']
#Overlap matrix
0.9978 0.0022 0.0000 0.0000 0.0000 0.0000 0.0000 0.0000 0.0000 0.0000 0.0000
0.0022 0.9971 0.0007 0.0000 0.0000 0.0000 0.0000 0.0000 0.0000 0.0000 0.0000
0.0000 0.0007 0.9993 0.0000 0.0000 0.0000 0.0000 0.0000 0.0000 0.0000 0.0000
0.0000 0.0000 0.0000 0.9982 0.0018 0.0000 0.0000 0.0000 0.0000 0.0000 0.0000
0.0000 0.0000 0.0000 0.0018 0.9952 0.0030 0.0000 0.0000 0.0000 0.0000 0.0000
0.0000 0.0000 0.0000 0.0000 0.0030 0.9970 0.0000 0.0000 0.0000 0.0000 0.0000
0.0000 0.0000 0.0000 0.0000 0.0000 0.0000 0.9458 0.0542 0.0000 0.0000 0.0000
0.0000 0.0000 0.0000 0.0000 0.0000 0.0000 0.0542 0.9157 0.0301 0.0000 0.0000
0.0000 0.0000 0.0000 0.0000 0.0000 0.0000 0.0000 0.0301 0.9191 0.0508 0.0000
0.0000 0.0000 0.0000 0.0000 0.0000 0.0000 0.0000 0.0000 0.0508 0.8929 0.0562
0.0000 0.0000 0.0000 0.0000 0.0000 0.0000 0.0000 0.0000 0.0000 0.0562 0.9438
#DG from neighbouring lambda in kcal/mol
0.0000 0.1000 22.4984 0.5336
0.1000 0.2000 20.3952 0.9272
0.2000 0.3000 14.4683 6.8811
0.3000 0.4000 18.2118 0.5848
0.4000 0.5000 19.8673 0.4520
0.5000 0.6000 14.7335 17.5909
0.6000 0.7000 19.5197 0.1011
0.7000 0.8000 13.7730 0.1393
0.8000 0.9000 3.4933 0.1048
0.9000 1.0000 -3.6496 0.0990
#PMF from MBAR in kcal/mol
0.0000 0.0000 0.0000
0.1000 22.4984 0.5336
0.2000 42.8937 1.0703
0.3000 57.3620 6.9640
0.4000 75.5738 6.9886
0.5000 95.4411 7.0032
0.6000 110.1747 18.9337
0.7000 129.6943 18.9340
0.8000 143.4674 18.9345
0.9000 146.9607 18.9349
1.0000 143.3111 18.9352
#TI average gradients and standard deviation in kcal/mol
0.0000 222.5577 35.4244
0.1000 223.1350 41.0828
0.2000 184.4338 44.6817
0.3000 167.4675 41.3142
0.4000 203.9971 33.0055
0.5000 205.4109 39.0251
0.6000 171.4301 20.2456
0.7000 178.9436 22.7067
0.8000 79.7170 26.6088
0.9000 -6.4985 18.8606
1.0000 -58.4074 21.0663
#PMF from TI in kcal/mol
0.0000 0.0000
0.1000 22.2846
0.2000 42.6631
0.3000 60.2581
0.4000 78.8314
0.5000 99.3018
0.6000 118.1438
0.7000 135.6625
0.8000 148.5955
0.9000 152.2565
1.0000 149.0112
#MBAR free energy difference in kcal/mol: 
143.311052, 18.935160 
#TI free energy difference in kcal/mol: 
149.011164  
Starting /export/users/common/BioSimSpace/sire.app/bin/analyse_freenrg: number of threads equals 32
