# Analysing data contained in file(s) ['lambda_0.0000/simfile.dat', 'lambda_0.1000/simfile.dat', 'lambda_0.2000/simfile.dat', 'lambda_0.3000/simfile.dat', 'lambda_0.4000/simfile.dat', 'lambda_0.5000/simfile.dat', 'lambda_0.6000/simfile.dat', 'lambda_0.7000/simfile.dat', 'lambda_0.8000/simfile.dat', 'lambda_0.9000/simfile.dat', 'lambda_1.0000/simfile.dat']
#Overlap matrix
0.8161 0.1758 0.0080 0.0001 0.0000 0.0000 0.0000 0.0000 0.0000 0.0000 0.0000
0.1758 0.6144 0.1980 0.0116 0.0002 0.0000 0.0000 0.0000 0.0000 0.0000 0.0000
0.0080 0.1980 0.5585 0.2170 0.0182 0.0003 0.0000 0.0000 0.0000 0.0000 0.0000
0.0001 0.0116 0.2170 0.5273 0.2253 0.0184 0.0003 0.0000 0.0000 0.0000 0.0000
0.0000 0.0002 0.0182 0.2253 0.5159 0.2212 0.0188 0.0003 0.0000 0.0000 0.0000
0.0000 0.0000 0.0003 0.0184 0.2212 0.5151 0.2269 0.0178 0.0002 0.0000 0.0000
0.0000 0.0000 0.0000 0.0003 0.0188 0.2269 0.5216 0.2171 0.0150 0.0001 0.0000
0.0000 0.0000 0.0000 0.0000 0.0003 0.0178 0.2171 0.5377 0.2144 0.0125 0.0001
0.0000 0.0000 0.0000 0.0000 0.0000 0.0002 0.0150 0.2144 0.5488 0.2110 0.0105
0.0000 0.0000 0.0000 0.0000 0.0000 0.0000 0.0001 0.0125 0.2110 0.5536 0.2227
0.0000 0.0000 0.0000 0.0000 0.0000 0.0000 0.0000 0.0001 0.0105 0.2227 0.7667
#DG from neighbouring lambda in kcal/mol
0.0000 0.1000 0.9667 0.0493
0.1000 0.2000 1.7824 0.0429
0.2000 0.3000 2.1071 0.0382
0.3000 0.4000 2.2741 0.0361
0.4000 0.5000 2.3134 0.0365
0.5000 0.6000 2.3521 0.0358
0.6000 0.7000 2.4022 0.0378
0.7000 0.8000 2.4125 0.0389
0.8000 0.9000 2.3835 0.0401
0.9000 1.0000 2.3539 0.0402
#PMF from MBAR in kcal/mol
0.0000 0.0000 0.0000
0.1000 0.9667 0.0493
0.2000 2.7491 0.0734
0.3000 4.8562 0.0892
0.4000 7.1303 0.1013
0.5000 9.4437 0.1124
0.6000 11.7959 0.1222
0.7000 14.1981 0.1319
0.8000 16.6105 0.1414
0.9000 18.9940 0.1507
1.0000 21.3480 0.1596
#TI average gradients and standard deviation in kcal/mol
0.0000 3.9006 15.3647
0.1000 13.9813 12.7386
0.2000 19.7196 12.7386
0.3000 22.4858 11.5351
0.4000 22.7229 10.7293
0.5000 22.8240 11.0710
0.6000 23.5380 11.1326
0.7000 23.6867 11.6218
0.8000 23.0604 11.7958
0.9000 24.1252 12.3350
1.0000 26.9276 12.8462
#PMF from TI in kcal/mol
0.0000 0.0000
0.1000 0.8941
0.2000 2.5791
0.3000 4.6894
0.4000 6.9498
0.5000 9.2272
0.6000 11.5453
0.7000 13.9065
0.8000 16.2439
0.9000 18.6031
1.0000 21.1558
#MBAR free energy difference in kcal/mol: 
21.347985, 0.159566 
#TI free energy difference in kcal/mol: 
21.155789  
Starting /export/users/common/BioSimSpace/sire.app/bin/analyse_freenrg: number of threads equals 32
