# Analysing data contained in file(s) ['lambda_0.0000/simfile.dat', 'lambda_0.1000/simfile.dat', 'lambda_0.2000/simfile.dat', 'lambda_0.3000/simfile.dat', 'lambda_0.4000/simfile.dat', 'lambda_0.5000/simfile.dat', 'lambda_0.6000/simfile.dat', 'lambda_0.7000/simfile.dat', 'lambda_0.8000/simfile.dat', 'lambda_0.9000/simfile.dat', 'lambda_1.0000/simfile.dat']
#Overlap matrix
0.9992 0.0008 0.0000 0.0000 0.0000 0.0000 0.0000 0.0000 0.0000 0.0000 0.0000
0.0008 0.9975 0.0017 0.0000 0.0000 0.0000 0.0000 0.0000 0.0000 0.0000 0.0000
0.0000 0.0017 0.9970 0.0013 0.0000 0.0000 0.0000 0.0000 0.0000 0.0000 0.0000
0.0000 0.0000 0.0013 0.9959 0.0028 0.0000 0.0000 0.0000 0.0000 0.0000 0.0000
0.0000 0.0000 0.0000 0.0028 0.9969 0.0002 0.0000 0.0000 0.0000 0.0000 0.0000
0.0000 0.0000 0.0000 0.0000 0.0002 0.9986 0.0012 0.0000 0.0000 0.0000 0.0000
0.0000 0.0000 0.0000 0.0000 0.0000 0.0012 0.9970 0.0018 0.0000 0.0000 0.0000
0.0000 0.0000 0.0000 0.0000 0.0000 0.0000 0.0018 0.9980 0.0002 0.0000 0.0000
0.0000 0.0000 0.0000 0.0000 0.0000 0.0000 0.0000 0.0002 0.9998 0.0000 0.0000
0.0000 0.0000 0.0000 0.0000 0.0000 0.0000 0.0000 0.0000 0.0000 0.9998 0.0002
0.0000 0.0000 0.0000 0.0000 0.0000 0.0000 0.0000 0.0000 0.0000 0.0002 0.9998
#DG from neighbouring lambda in kcal/mol
0.0000 0.1000 -0.7261 0.8488
0.1000 0.2000 -6.3189 0.5571
0.2000 0.3000 -11.9130 0.6517
0.3000 0.4000 -14.3193 0.4364
0.4000 0.5000 -14.6942 1.5027
0.5000 0.6000 -19.4294 0.6785
0.6000 0.7000 -20.4744 0.5425
0.7000 0.8000 -21.7788 1.7370
0.8000 0.9000 -23.4099 3.9183
0.9000 1.0000 -23.6965 1.6309
#PMF from MBAR in kcal/mol
0.0000 0.0000 0.0000
0.1000 -0.7261 0.8488
0.2000 -7.0450 1.0159
0.3000 -18.9580 1.2074
0.4000 -33.2773 1.2842
0.5000 -47.9715 1.9770
0.6000 -67.4009 2.0905
0.7000 -87.8754 2.1600
0.8000 -109.6542 2.7720
0.9000 -133.0641 4.7998
1.0000 -156.7606 5.0694
#TI average gradients and standard deviation in kcal/mol
0.0000 5164827739906.0654 243587265711837.5938
0.1000 -36.2757 36.5242
0.2000 -85.2087 36.3603
0.3000 -141.3979 36.0914
0.4000 -131.9682 37.4173
0.5000 -168.1475 42.8323
0.6000 -204.3489 41.8783
0.7000 -217.0119 42.5711
0.8000 -240.6954 44.0945
0.9000 -248.4437 44.0812
1.0000 -185.6739 53.3355
#PMF from TI in kcal/mol
0.0000 0.0000
0.1000 258241386993.4895
0.2000 258241386987.4153
0.3000 258241386976.0850
0.4000 258241386962.4167
0.5000 258241386947.4109
0.6000 258241386928.7861
0.7000 258241386907.7180
0.8000 258241386884.8327
0.9000 258241386860.3757
1.0000 258241386838.6699
#MBAR free energy difference in kcal/mol: 
-156.760597, 5.069395 
#TI free energy difference in kcal/mol: 
258241386838.669861  
Starting /export/users/common/BioSimSpace/sire.app/bin/analyse_freenrg: number of threads equals 32
