# Analysing data contained in file(s) ['lambda_0.0000/simfile.dat', 'lambda_0.1000/simfile.dat', 'lambda_0.2000/simfile.dat', 'lambda_0.3000/simfile.dat', 'lambda_0.4000/simfile.dat', 'lambda_0.5000/simfile.dat', 'lambda_0.6000/simfile.dat', 'lambda_0.7000/simfile.dat', 'lambda_0.8000/simfile.dat', 'lambda_0.9000/simfile.dat', 'lambda_1.0000/simfile.dat']
#Overlap matrix
0.8970 0.1019 0.0010 0.0000 0.0000 0.0000 0.0000 0.0000 0.0000 0.0000 0.0000
0.1019 0.7668 0.1291 0.0022 0.0000 0.0000 0.0000 0.0000 0.0000 0.0000 0.0000
0.0010 0.1291 0.7328 0.1347 0.0024 0.0000 0.0000 0.0000 0.0000 0.0000 0.0000
0.0000 0.0022 0.1347 0.7376 0.1241 0.0014 0.0000 0.0000 0.0000 0.0000 0.0000
0.0000 0.0000 0.0024 0.1241 0.7722 0.0989 0.0016 0.0005 0.0002 0.0000 0.0000
0.0000 0.0000 0.0000 0.0014 0.0989 0.7887 0.0906 0.0166 0.0036 0.0001 0.0000
0.0000 0.0000 0.0000 0.0000 0.0016 0.0906 0.6504 0.2299 0.0264 0.0011 0.0000
0.0000 0.0000 0.0000 0.0000 0.0005 0.0166 0.2299 0.5160 0.2114 0.0253 0.0004
0.0000 0.0000 0.0000 0.0000 0.0002 0.0036 0.0264 0.2114 0.4951 0.2490 0.0144
0.0000 0.0000 0.0000 0.0000 0.0000 0.0001 0.0011 0.0253 0.2490 0.5459 0.1784
0.0000 0.0000 0.0000 0.0000 0.0000 0.0000 0.0000 0.0004 0.0144 0.1784 0.8068
#DG from neighbouring lambda in kcal/mol
0.0000 0.1000 1.3950 0.0652
0.1000 0.2000 4.4251 0.0554
0.2000 0.3000 4.8701 0.0534
0.3000 0.4000 4.6163 0.0566
0.4000 0.5000 3.8967 0.0653
0.5000 0.6000 3.7271 0.0619
0.6000 0.7000 5.3774 0.0305
0.7000 0.8000 5.4787 0.0316
0.8000 0.9000 4.4873 0.0286
0.9000 1.0000 3.0989 0.0420
#PMF from MBAR in kcal/mol
0.0000 0.0000 0.0000
0.1000 1.3950 0.0652
0.2000 5.8201 0.0913
0.3000 10.6902 0.1103
0.4000 15.3065 0.1277
0.5000 19.2032 0.1468
0.6000 22.9303 0.1621
0.7000 28.3078 0.1660
0.8000 33.7864 0.1707
0.9000 38.2738 0.1752
1.0000 41.3727 0.1825
#TI average gradients and standard deviation in kcal/mol
0.0000 -20.1958 19.5722
0.1000 36.8887 17.7780
0.2000 48.0982 17.3778
0.3000 47.3275 16.9115
0.4000 42.0637 18.2147
0.5000 38.8226 19.0754
0.6000 43.6482 14.1919
0.7000 57.8131 10.7700
0.8000 49.5269 10.7145
0.9000 39.1603 10.6567
1.0000 31.3041 16.0792
#PMF from TI in kcal/mol
0.0000 0.0000
0.1000 0.8346
0.2000 5.0840
0.3000 9.8553
0.4000 14.3248
0.5000 18.3692
0.6000 22.4927
0.7000 27.5658
0.8000 32.9328
0.9000 37.3671
1.0000 40.8903
#MBAR free energy difference in kcal/mol: 
41.372736, 0.182462 
#TI free energy difference in kcal/mol: 
40.890341  
Starting /export/users/common/BioSimSpace/sire.app/bin/analyse_freenrg: number of threads equals 32
