# Analysing data contained in file(s) ['lambda_0.0000/simfile.dat', 'lambda_0.1000/simfile.dat', 'lambda_0.2000/simfile.dat', 'lambda_0.3000/simfile.dat', 'lambda_0.4000/simfile.dat', 'lambda_0.5000/simfile.dat', 'lambda_0.6000/simfile.dat', 'lambda_0.7000/simfile.dat', 'lambda_0.8000/simfile.dat', 'lambda_0.9000/simfile.dat', 'lambda_1.0000/simfile.dat']
#Overlap matrix
0.9985 0.0015 0.0000 0.0000 0.0000 0.0000 0.0000 0.0000 0.0000 0.0000 0.0000
0.0015 0.9984 0.0001 0.0000 0.0000 0.0000 0.0000 0.0000 0.0000 0.0000 0.0000
0.0000 0.0001 0.9999 0.0000 0.0000 0.0000 0.0000 0.0000 0.0000 0.0000 0.0000
0.0000 0.0000 0.0000 1.0000 0.0000 0.0000 0.0000 0.0000 0.0000 0.0000 0.0000
0.0000 0.0000 0.0000 0.0000 0.9926 0.0074 0.0000 0.0000 0.0000 0.0000 0.0000
0.0000 0.0000 0.0000 0.0000 0.0074 0.9823 0.0103 0.0000 0.0000 0.0000 0.0000
0.0000 0.0000 0.0000 0.0000 0.0000 0.0103 0.9393 0.0504 0.0000 0.0000 0.0000
0.0000 0.0000 0.0000 0.0000 0.0000 0.0000 0.0504 0.9110 0.0387 0.0000 0.0000
0.0000 0.0000 0.0000 0.0000 0.0000 0.0000 0.0000 0.0387 0.9305 0.0308 0.0000
0.0000 0.0000 0.0000 0.0000 0.0000 0.0000 0.0000 0.0000 0.0308 0.9155 0.0537
0.0000 0.0000 0.0000 0.0000 0.0000 0.0000 0.0000 0.0000 0.0000 0.0537 0.9463
#DG from neighbouring lambda in kcal/mol
0.0000 0.1000 -5.2911 0.6169
0.1000 0.2000 -2.4378 2.4628
0.2000 0.3000 -6.0825 26.2099
0.3000 0.4000 -18.4795 19.6989
0.4000 0.5000 4.4527 0.2755
0.5000 0.6000 10.7927 0.2327
0.6000 0.7000 9.4030 0.1009
0.7000 0.8000 4.9866 0.1166
0.8000 0.9000 -2.9080 0.1317
0.9000 1.0000 -7.3638 0.0973
#PMF from MBAR in kcal/mol
0.0000 0.0000 0.0000
0.1000 -5.2911 0.6169
0.2000 -7.7290 2.5391
0.3000 -13.8114 26.3326
0.4000 -32.2910 6.6902
0.5000 -27.8383 6.6861
0.6000 -17.0456 6.6843
0.7000 -7.6426 6.6842
0.8000 -2.6559 6.6843
0.9000 -5.5639 6.6849
1.0000 -12.9278 6.6855
#TI average gradients and standard deviation in kcal/mol
0.0000 -105.7749 41.6651
0.1000 -23.0719 44.5322
0.2000 -30.8693 45.8205
0.3000 -49.1768 46.1562
0.4000 -65.2396 38.1876
0.5000 102.9113 25.6059
0.6000 96.3065 31.9935
0.7000 70.6709 20.2156
0.8000 12.0869 27.8973
0.9000 -53.0957 23.3361
1.0000 -68.8376 24.5635
#PMF from TI in kcal/mol
0.0000 0.0000
0.1000 -6.4423
0.2000 -9.1394
0.3000 -13.1417
0.4000 -18.8625
0.5000 -16.9789
0.6000 -7.0180
0.7000 1.3308
0.8000 5.4687
0.9000 3.4183
1.0000 -2.6784
#MBAR free energy difference in kcal/mol: 
-12.927794, 6.685477 
#TI free energy difference in kcal/mol: 
-2.678390  #WARNING SUBSAMPLING GRADIENTS RESULTED IN LESS THAN 50 SAMPLES, CONSIDER RERUN WITHOUT SUBSAMPLE OPTION 
Starting /export/users/common/BioSimSpace/sire.app/bin/analyse_freenrg: number of threads equals 32
