# Analysing data contained in file(s) ['lambda_0.0000/simfile.dat', 'lambda_0.1000/simfile.dat', 'lambda_0.2000/simfile.dat', 'lambda_0.3000/simfile.dat', 'lambda_0.4000/simfile.dat', 'lambda_0.5000/simfile.dat', 'lambda_0.6000/simfile.dat', 'lambda_0.7000/simfile.dat', 'lambda_0.8000/simfile.dat', 'lambda_0.9000/simfile.dat', 'lambda_1.0000/simfile.dat']
#Overlap matrix
0.9649 0.0351 0.0000 0.0000 0.0000 0.0000 0.0000 0.0000 0.0000 0.0000 0.0000
0.0351 0.9546 0.0103 0.0000 0.0000 0.0000 0.0000 0.0000 0.0000 0.0000 0.0000
0.0000 0.0103 0.9297 0.0599 0.0000 0.0000 0.0000 0.0000 0.0000 0.0000 0.0000
0.0000 0.0000 0.0599 0.8454 0.0947 0.0000 0.0000 0.0000 0.0000 0.0000 0.0000
0.0000 0.0000 0.0000 0.0947 0.9053 0.0000 0.0000 0.0000 0.0000 0.0000 0.0000
0.0000 0.0000 0.0000 0.0000 0.0000 0.9970 0.0030 0.0000 0.0000 0.0000 0.0000
0.0000 0.0000 0.0000 0.0000 0.0000 0.0030 0.9970 0.0000 0.0000 0.0000 0.0000
0.0000 0.0000 0.0000 0.0000 0.0000 0.0000 0.0000 1.0000 0.0000 0.0000 0.0000
0.0000 0.0000 0.0000 0.0000 0.0000 0.0000 0.0000 0.0000 1.0000 0.0000 0.0000
0.0000 0.0000 0.0000 0.0000 0.0000 0.0000 0.0000 0.0000 0.0000 0.9996 0.0004
0.0000 0.0000 0.0000 0.0000 0.0000 0.0000 0.0000 0.0000 0.0000 0.0004 0.9996
#DG from neighbouring lambda in kcal/mol
0.0000 0.1000 5.5813 0.1354
0.1000 0.2000 -7.0346 0.2566
0.2000 0.3000 -20.0585 0.1007
0.3000 0.4000 -24.8564 0.0769
0.4000 0.5000 -13.1930 14.6508
0.5000 0.6000 2.1063 0.4803
0.6000 0.7000 34.9171 10.4735
0.7000 0.8000 16.2743 30.4610
0.8000 0.9000 8.0498 45.6864
0.9000 1.0000 10.3002 1.3538
#PMF from MBAR in kcal/mol
0.0000 0.0000 0.0000
0.1000 5.5813 0.1354
0.2000 -1.4533 0.2925
0.3000 -21.5118 0.3116
0.4000 -46.3682 0.3231
0.5000 -59.5612 14.6544
0.6000 -57.4549 14.6623
0.7000 -22.5377 4.1929
0.8000 -6.2635 30.7482
0.9000 1.7863 15.8019
1.0000 12.0865 15.8212
#TI average gradients and standard deviation in kcal/mol
0.0000 52.9337 22.8577
0.1000 7.4447 31.2863
0.2000 -147.3857 23.1150
0.3000 -245.0282 19.0245
0.4000 -207.4230 22.7794
0.5000 -180.1663 38.8590
0.6000 352.7513 69.0902
0.7000 125.3461 64.4030
0.8000 80.5541 60.0228
0.9000 50.4434 45.0761
1.0000 216.6958 47.8178
#PMF from TI in kcal/mol
0.0000 0.0000
0.1000 3.0189
0.2000 -3.9781
0.3000 -23.5988
0.4000 -46.2214
0.5000 -65.6008
0.6000 -56.9716
0.7000 -33.0667
0.8000 -22.7717
0.9000 -16.2218
1.0000 -2.8649
#MBAR free energy difference in kcal/mol: 
12.086516, 15.821235 
#TI free energy difference in kcal/mol: 
-2.864878  
Starting /export/users/common/BioSimSpace/sire.app/bin/analyse_freenrg: number of threads equals 32
