# Analysing data contained in file(s) ['lambda_0.0000/simfile.dat', 'lambda_0.1000/simfile.dat', 'lambda_0.2000/simfile.dat', 'lambda_0.3000/simfile.dat', 'lambda_0.4000/simfile.dat', 'lambda_0.5000/simfile.dat', 'lambda_0.6000/simfile.dat', 'lambda_0.7000/simfile.dat', 'lambda_0.8000/simfile.dat', 'lambda_0.9000/simfile.dat', 'lambda_1.0000/simfile.dat']
#Overlap matrix
0.9957 0.0043 0.0000 0.0000 0.0000 0.0000 0.0000 0.0000 0.0000 0.0000 0.0000
0.0043 0.9923 0.0034 0.0000 0.0000 0.0000 0.0000 0.0000 0.0000 0.0000 0.0000
0.0000 0.0034 0.9954 0.0013 0.0000 0.0000 0.0000 0.0000 0.0000 0.0000 0.0000
0.0000 0.0000 0.0013 0.9885 0.0102 0.0000 0.0000 0.0000 0.0000 0.0000 0.0000
0.0000 0.0000 0.0000 0.0102 0.9352 0.0546 0.0000 0.0000 0.0000 0.0000 0.0000
0.0000 0.0000 0.0000 0.0000 0.0546 0.9158 0.0295 0.0000 0.0000 0.0000 0.0000
0.0000 0.0000 0.0000 0.0000 0.0000 0.0295 0.9599 0.0105 0.0000 0.0000 0.0000
0.0000 0.0000 0.0000 0.0000 0.0000 0.0000 0.0105 0.9836 0.0059 0.0000 0.0000
0.0000 0.0000 0.0000 0.0000 0.0000 0.0000 0.0000 0.0059 0.9806 0.0135 0.0000
0.0000 0.0000 0.0000 0.0000 0.0000 0.0000 0.0000 0.0000 0.0135 0.9821 0.0044
0.0000 0.0000 0.0000 0.0000 0.0000 0.0000 0.0000 0.0000 0.0000 0.0044 0.9956
#DG from neighbouring lambda in kcal/mol
0.0000 0.1000 37.1699 0.3747
0.1000 0.2000 33.1678 0.4243
0.2000 0.3000 26.3557 0.6918
0.3000 0.4000 23.6731 0.2426
0.4000 0.5000 24.3184 0.0998
0.5000 0.6000 21.5891 0.1396
0.6000 0.7000 15.4962 0.2386
0.7000 0.8000 8.6090 0.3198
0.8000 0.9000 1.4064 0.2097
0.9000 1.0000 -4.7989 0.3714
#PMF from MBAR in kcal/mol
0.0000 0.0000 0.0000
0.1000 37.1699 0.3747
0.2000 70.3377 0.5672
0.3000 96.6934 0.8952
0.4000 120.3665 0.9282
0.5000 144.6849 0.9342
0.6000 166.2740 0.9452
0.7000 181.7702 0.9755
0.8000 190.3792 1.0272
0.9000 191.7856 1.0489
1.0000 186.9867 1.1133
#TI average gradients and standard deviation in kcal/mol
0.0000 388.3797 34.1348
0.1000 351.3628 35.2519
0.2000 297.2578 38.9347
0.3000 236.3305 36.4262
0.4000 239.5304 24.1391
0.5000 240.8565 24.8459
0.6000 189.2365 28.6603
0.7000 124.7140 34.5257
0.8000 46.9381 35.3236
0.9000 -15.1157 29.1618
1.0000 -77.3777 34.3056
#PMF from TI in kcal/mol
0.0000 0.0000
0.1000 36.9871
0.2000 69.4182
0.3000 96.0976
0.4000 119.8906
0.5000 143.9100
0.6000 165.4146
0.7000 181.1121
0.8000 189.6948
0.9000 191.2859
1.0000 186.6612
#MBAR free energy difference in kcal/mol: 
186.986687, 1.113292 
#TI free energy difference in kcal/mol: 
186.661197  
Starting /export/users/common/BioSimSpace/sire.app/bin/analyse_freenrg: number of threads equals 32
