# Analysing data contained in file(s) ['lambda_0.0000/simfile.dat', 'lambda_0.1000/simfile.dat', 'lambda_0.2000/simfile.dat', 'lambda_0.3000/simfile.dat', 'lambda_0.4000/simfile.dat', 'lambda_0.5000/simfile.dat', 'lambda_0.6000/simfile.dat', 'lambda_0.7000/simfile.dat', 'lambda_0.8000/simfile.dat', 'lambda_0.9000/simfile.dat', 'lambda_1.0000/simfile.dat']
#Overlap matrix
1.0000 0.0000 0.0000 0.0000 0.0000 0.0000 0.0000 0.0000 0.0000 0.0000 0.0000
0.0000 1.0000 0.0000 0.0000 0.0000 0.0000 0.0000 0.0000 0.0000 0.0000 0.0000
0.0000 0.0000 0.9996 0.0004 0.0000 0.0000 0.0000 0.0000 0.0000 0.0000 0.0000
0.0000 0.0000 0.0004 0.9802 0.0194 0.0000 0.0000 0.0000 0.0000 0.0000 0.0000
0.0000 0.0000 0.0000 0.0194 0.9263 0.0543 0.0000 0.0000 0.0000 0.0000 0.0000
0.0000 0.0000 0.0000 0.0000 0.0543 0.8872 0.0585 0.0000 0.0000 0.0000 0.0000
0.0000 0.0000 0.0000 0.0000 0.0000 0.0585 0.8927 0.0488 0.0000 0.0000 0.0000
0.0000 0.0000 0.0000 0.0000 0.0000 0.0000 0.0488 0.9059 0.0453 0.0000 0.0000
0.0000 0.0000 0.0000 0.0000 0.0000 0.0000 0.0000 0.0453 0.9402 0.0144 0.0000
0.0000 0.0000 0.0000 0.0000 0.0000 0.0000 0.0000 0.0000 0.0144 0.9856 0.0000
0.0000 0.0000 0.0000 0.0000 0.0000 0.0000 0.0000 0.0000 0.0000 0.0000 1.0000
#DG from neighbouring lambda in kcal/mol
0.0000 0.1000 44.3149 0.0000
0.1000 0.2000 -26.9252 1.0434
0.2000 0.3000 -15.5235 1.1777
0.3000 0.4000 -2.6681 0.1691
0.4000 0.5000 0.0391 0.0972
0.5000 0.6000 -0.4653 0.0932
0.6000 0.7000 -1.7335 0.1032
0.7000 0.8000 -3.3715 0.1075
0.8000 0.9000 -6.5674 0.1970
0.9000 1.0000 -40.0701 0.2634
#PMF from MBAR in kcal/mol
0.0000 0.0000 0.0000
0.1000 44.3149 0.0000
0.2000 17.3897 1.0434
0.3000 1.8662 0.2182
0.4000 -0.8020 0.1809
0.5000 -0.7629 0.1734
0.6000 -1.2282 0.1734
0.7000 -2.9617 0.1817
0.8000 -6.3332 0.1984
0.9000 -12.9007 0.2634
1.0000 -52.9708 0.0000
#TI average gradients and standard deviation in kcal/mol
0.0000 8787.0586 660.6073
0.1000 -38.3740 84.6925
0.2000 -180.1740 63.6808
0.3000 -60.5580 35.7820
0.4000 -3.4017 19.4988
0.5000 -1.8700 15.7664
0.6000 -11.2304 16.6706
0.7000 -27.7309 24.0826
0.8000 -40.4356 21.6240
0.9000 -108.5538 30.0740
1.0000 -1613.2640 96.9266
#PMF from TI in kcal/mol
0.0000 0.0000
0.1000 437.4342
0.2000 426.5068
0.3000 414.4702
0.4000 411.2722
0.5000 411.0087
0.6000 410.3536
0.7000 408.4056
0.8000 404.9973
0.9000 397.5478
1.0000 311.4569
#MBAR free energy difference in kcal/mol: 
-52.970800, 0.000000 
#TI free energy difference in kcal/mol: 
311.456894  #WARNING SUBSAMPLING GRADIENTS RESULTED IN LESS THAN 50 SAMPLES, CONSIDER RERUN WITHOUT SUBSAMPLE OPTION 
Starting /export/users/common/BioSimSpace/sire.app/bin/analyse_freenrg: number of threads equals 32
