# Analysing data contained in file(s) ['lambda_0.0000/simfile.dat', 'lambda_0.1000/simfile.dat', 'lambda_0.2000/simfile.dat', 'lambda_0.3000/simfile.dat', 'lambda_0.4000/simfile.dat', 'lambda_0.5000/simfile.dat', 'lambda_0.6000/simfile.dat', 'lambda_0.7000/simfile.dat', 'lambda_0.8000/simfile.dat', 'lambda_0.9000/simfile.dat', 'lambda_1.0000/simfile.dat']
#Overlap matrix
1.0000 0.0000 0.0000 0.0000 0.0000 0.0000 0.0000 0.0000 0.0000 0.0000 0.0000
0.0000 0.9636 0.0363 0.0000 0.0000 0.0000 0.0000 0.0000 0.0000 0.0000 0.0000
0.0000 0.0363 0.8896 0.0740 0.0000 0.0000 0.0000 0.0000 0.0000 0.0000 0.0000
0.0000 0.0000 0.0740 0.8286 0.0974 0.0001 0.0000 0.0000 0.0000 0.0000 0.0000
0.0000 0.0000 0.0000 0.0974 0.8018 0.1006 0.0002 0.0000 0.0000 0.0000 0.0000
0.0000 0.0000 0.0000 0.0001 0.1006 0.7973 0.1018 0.0001 0.0000 0.0000 0.0000
0.0000 0.0000 0.0000 0.0000 0.0002 0.1018 0.7828 0.1151 0.0002 0.0000 0.0000
0.0000 0.0000 0.0000 0.0000 0.0000 0.0001 0.1151 0.7718 0.1129 0.0001 0.0000
0.0000 0.0000 0.0000 0.0000 0.0000 0.0000 0.0002 0.1129 0.8048 0.0821 0.0000
0.0000 0.0000 0.0000 0.0000 0.0000 0.0000 0.0000 0.0001 0.0821 0.9178 0.0000
0.0000 0.0000 0.0000 0.0000 0.0000 0.0000 0.0000 0.0000 0.0000 0.0000 1.0000
#DG from neighbouring lambda in kcal/mol
0.0000 0.1000 33.0456 0.1569
0.1000 0.2000 11.2251 0.1251
0.2000 0.3000 8.8211 0.0841
0.3000 0.4000 7.1313 0.0712
0.4000 0.5000 5.5200 0.0697
0.5000 0.6000 4.1495 0.0692
0.6000 0.7000 2.4639 0.0640
0.7000 0.8000 1.0379 0.0648
0.8000 0.9000 -0.5270 0.0790
0.9000 1.0000 -99.0058 0.1239
#PMF from MBAR in kcal/mol
0.0000 0.0000 0.0000
0.1000 33.0456 0.1569
0.2000 44.2708 0.1071
0.3000 53.0919 0.0829
0.4000 60.2232 0.0692
0.5000 65.7432 0.0641
0.6000 69.8927 0.0691
0.7000 72.3565 0.0809
0.8000 73.3944 0.0977
0.9000 72.8674 0.1239
1.0000 -26.1384 0.0000
#TI average gradients and standard deviation in kcal/mol
0.0000 3506.2868 255.6878
0.1000 127.9026 25.2915
0.2000 97.5030 20.0537
0.3000 82.4313 20.7265
0.4000 64.8945 17.8812
0.5000 47.1329 15.3868
0.6000 29.7976 16.9107
0.7000 15.2145 20.9246
0.8000 3.3550 18.8361
0.9000 -9.6301 23.0480
1.0000 -4813.8818 681.4936
#PMF from TI in kcal/mol
0.0000 0.0000
0.1000 181.7095
0.2000 192.9798
0.3000 201.9765
0.4000 209.3428
0.5000 214.9441
0.6000 218.7907
0.7000 221.0413
0.8000 221.9697
0.9000 221.6560
1.0000 -19.5196
#MBAR free energy difference in kcal/mol: 
-26.138413, 0.000000 
#TI free energy difference in kcal/mol: 
-19.519608  
Starting /export/users/common/BioSimSpace/sire.app/bin/analyse_freenrg: number of threads equals 32
