# Analysing data contained in file(s) ['lambda_0.0000/simfile.dat', 'lambda_0.1000/simfile.dat', 'lambda_0.2000/simfile.dat', 'lambda_0.3000/simfile.dat', 'lambda_0.4000/simfile.dat', 'lambda_0.5000/simfile.dat', 'lambda_0.6000/simfile.dat', 'lambda_0.7000/simfile.dat', 'lambda_0.8000/simfile.dat', 'lambda_0.9000/simfile.dat', 'lambda_1.0000/simfile.dat']
#Overlap matrix
0.9487 0.0512 0.0001 0.0000 0.0000 0.0000 0.0000 0.0000 0.0000 0.0000 0.0000
0.0512 0.8810 0.0675 0.0002 0.0000 0.0000 0.0000 0.0000 0.0000 0.0000 0.0000
0.0001 0.0675 0.8456 0.0848 0.0020 0.0000 0.0000 0.0000 0.0000 0.0000 0.0000
0.0000 0.0002 0.0848 0.7537 0.1560 0.0054 0.0000 0.0000 0.0000 0.0000 0.0000
0.0000 0.0000 0.0020 0.1560 0.6570 0.1808 0.0043 0.0000 0.0000 0.0000 0.0000
0.0000 0.0000 0.0000 0.0054 0.1808 0.6472 0.1647 0.0020 0.0000 0.0000 0.0000
0.0000 0.0000 0.0000 0.0000 0.0043 0.1647 0.6650 0.1631 0.0029 0.0000 0.0000
0.0000 0.0000 0.0000 0.0000 0.0000 0.0020 0.1631 0.6507 0.1800 0.0042 0.0000
0.0000 0.0000 0.0000 0.0000 0.0000 0.0000 0.0029 0.1800 0.6438 0.1722 0.0010
0.0000 0.0000 0.0000 0.0000 0.0000 0.0000 0.0000 0.0042 0.1722 0.7192 0.1043
0.0000 0.0000 0.0000 0.0000 0.0000 0.0000 0.0000 0.0000 0.0010 0.1043 0.8946
#DG from neighbouring lambda in kcal/mol
0.0000 0.1000 2.4004 0.0970
0.1000 0.2000 2.7210 0.0828
0.2000 0.3000 2.5997 0.0714
0.3000 0.4000 2.9981 0.0471
0.4000 0.5000 2.5045 0.0419
0.5000 0.6000 0.3836 0.0455
0.6000 0.7000 -2.3886 0.0461
0.7000 0.8000 -4.6922 0.0424
0.8000 0.9000 -6.4483 0.0442
0.9000 1.0000 -8.3510 0.0635
#PMF from MBAR in kcal/mol
0.0000 0.0000 0.0000
0.1000 2.4004 0.0970
0.2000 5.1215 0.1316
0.3000 7.7211 0.1531
0.4000 10.7192 0.1631
0.5000 13.2237 0.1710
0.6000 13.6073 0.1796
0.7000 11.2187 0.1881
0.8000 6.5265 0.1953
0.9000 0.0782 0.2026
1.0000 -8.2728 0.2147
#TI average gradients and standard deviation in kcal/mol
0.0000 12.3759 28.3482
0.1000 23.4831 16.8538
0.2000 26.8456 20.0797
0.3000 25.8818 15.6577
0.4000 28.8833 14.6327
0.5000 19.5720 15.2992
0.6000 -13.4964 11.5391
0.7000 -30.2848 11.8261
0.8000 -56.9615 13.7143
0.9000 -73.9788 15.2439
1.0000 -93.7836 22.4311
#PMF from TI in kcal/mol
0.0000 0.0000
0.1000 1.7930
0.2000 4.3094
0.3000 6.9458
0.4000 9.6840
0.5000 12.1068
0.6000 12.4106
0.7000 10.2215
0.8000 5.8592
0.9000 -0.6878
1.0000 -9.0759
#MBAR free energy difference in kcal/mol: 
-8.272831, 0.214671 
#TI free energy difference in kcal/mol: 
-9.075941  #WARNING SUBSAMPLING GRADIENTS RESULTED IN LESS THAN 50 SAMPLES, CONSIDER RERUN WITHOUT SUBSAMPLE OPTION 
Starting /export/users/common/BioSimSpace/sire.app/bin/analyse_freenrg: number of threads equals 32
