# Analysing data contained in file(s) ['lambda_0.0000/simfile.dat', 'lambda_0.1000/simfile.dat', 'lambda_0.2000/simfile.dat', 'lambda_0.3000/simfile.dat', 'lambda_0.4000/simfile.dat', 'lambda_0.5000/simfile.dat', 'lambda_0.6000/simfile.dat', 'lambda_0.7000/simfile.dat', 'lambda_0.8000/simfile.dat', 'lambda_0.9000/simfile.dat', 'lambda_1.0000/simfile.dat']
#Overlap matrix
1.0000 0.0000 0.0000 0.0000 0.0000 0.0000 0.0000 0.0000 0.0000 0.0000 0.0000
0.0000 0.9991 0.0009 0.0000 0.0000 0.0000 0.0000 0.0000 0.0000 0.0000 0.0000
0.0000 0.0009 0.9661 0.0330 0.0000 0.0000 0.0000 0.0000 0.0000 0.0000 0.0000
0.0000 0.0000 0.0330 0.8927 0.0742 0.0001 0.0000 0.0000 0.0000 0.0000 0.0000
0.0000 0.0000 0.0000 0.0742 0.8291 0.0965 0.0002 0.0000 0.0000 0.0000 0.0000
0.0000 0.0000 0.0000 0.0001 0.0965 0.8044 0.0986 0.0005 0.0000 0.0000 0.0000
0.0000 0.0000 0.0000 0.0000 0.0002 0.0986 0.7674 0.1331 0.0007 0.0000 0.0000
0.0000 0.0000 0.0000 0.0000 0.0000 0.0005 0.1331 0.7366 0.1296 0.0002 0.0000
0.0000 0.0000 0.0000 0.0000 0.0000 0.0000 0.0007 0.1296 0.7819 0.0879 0.0000
0.0000 0.0000 0.0000 0.0000 0.0000 0.0000 0.0000 0.0002 0.0879 0.9088 0.0031
0.0000 0.0000 0.0000 0.0000 0.0000 0.0000 0.0000 0.0000 0.0000 0.0031 0.9969
#DG from neighbouring lambda in kcal/mol
0.0000 0.1000 65.1450 0.6905
0.1000 0.2000 -1.5090 0.7507
0.2000 0.3000 -13.3806 0.1222
0.3000 0.4000 -15.9628 0.0777
0.4000 0.5000 -16.9197 0.0663
0.5000 0.6000 -17.5893 0.0653
0.6000 0.7000 -17.6939 0.0536
0.7000 0.8000 -17.6768 0.0547
0.8000 0.9000 -18.1308 0.0702
0.9000 1.0000 -22.5475 0.4117
#PMF from MBAR in kcal/mol
0.0000 0.0000 0.0000
0.1000 65.1450 0.6905
0.2000 63.6360 0.1584
0.3000 50.2554 0.1245
0.4000 34.2925 0.1125
0.5000 17.3728 0.1076
0.6000 -0.2164 0.1076
0.7000 -17.9103 0.1112
0.8000 -35.5871 0.1182
0.9000 -53.7179 0.1324
1.0000 -76.2654 0.3924
#TI average gradients and standard deviation in kcal/mol
0.0000 3037.7720 100.9645
0.1000 127.9978 59.8089
0.2000 -109.4239 29.3600
0.3000 -149.7890 22.1856
0.4000 -164.8507 20.3220
0.5000 -172.1900 18.8234
0.6000 -177.1789 17.3841
0.7000 -177.7340 16.4838
0.8000 -177.6752 17.5581
0.9000 -189.6024 21.6999
1.0000 -448.8292 115.1719
#PMF from TI in kcal/mol
0.0000 0.0000
0.1000 158.2885
0.2000 159.2172
0.3000 146.2565
0.4000 130.5246
0.5000 113.6725
0.6000 96.2041
0.7000 78.4584
0.8000 60.6880
0.9000 42.3241
1.0000 10.4025
#MBAR free energy difference in kcal/mol: 
-76.265401, 0.392414 
#TI free energy difference in kcal/mol: 
10.402513  
Starting /export/users/common/BioSimSpace/sire.app/bin/analyse_freenrg: number of threads equals 32
