# Analysing data contained in file(s) ['lambda_0.0000/simfile.dat', 'lambda_0.1000/simfile.dat', 'lambda_0.2000/simfile.dat', 'lambda_0.3000/simfile.dat', 'lambda_0.4000/simfile.dat', 'lambda_0.5000/simfile.dat', 'lambda_0.6000/simfile.dat', 'lambda_0.7000/simfile.dat', 'lambda_0.8000/simfile.dat', 'lambda_0.9000/simfile.dat', 'lambda_1.0000/simfile.dat']
#Overlap matrix
0.9981 0.0019 0.0000 0.0000 0.0000 0.0000 0.0000 0.0000 0.0000 0.0000 0.0000
0.0019 0.9962 0.0019 0.0000 0.0000 0.0000 0.0000 0.0000 0.0000 0.0000 0.0000
0.0000 0.0019 0.9966 0.0015 0.0000 0.0000 0.0000 0.0000 0.0000 0.0000 0.0000
0.0000 0.0000 0.0015 0.9970 0.0015 0.0000 0.0000 0.0000 0.0000 0.0000 0.0000
0.0000 0.0000 0.0000 0.0015 0.9977 0.0008 0.0000 0.0000 0.0000 0.0000 0.0000
0.0000 0.0000 0.0000 0.0000 0.0008 0.9992 0.0000 0.0000 0.0000 0.0000 0.0000
0.0000 0.0000 0.0000 0.0000 0.0000 0.0000 0.9207 0.0793 0.0001 0.0000 0.0000
0.0000 0.0000 0.0000 0.0000 0.0000 0.0000 0.0793 0.8444 0.0763 0.0000 0.0000
0.0000 0.0000 0.0000 0.0000 0.0000 0.0000 0.0001 0.0763 0.8524 0.0712 0.0000
0.0000 0.0000 0.0000 0.0000 0.0000 0.0000 0.0000 0.0000 0.0712 0.8963 0.0324
0.0000 0.0000 0.0000 0.0000 0.0000 0.0000 0.0000 0.0000 0.0000 0.0324 0.9676
#DG from neighbouring lambda in kcal/mol
0.0000 0.1000 -17.7341 0.5732
0.1000 0.2000 -7.9209 0.5821
0.2000 0.3000 -6.0900 0.6382
0.3000 0.4000 -4.2393 0.6551
0.4000 0.5000 -2.1683 0.8830
0.5000 0.6000 -11.3203 1263.3519
0.6000 0.7000 8.8483 0.0818
0.7000 0.8000 12.0288 0.0837
0.8000 0.9000 7.0443 0.0872
0.9000 1.0000 0.0596 0.1349
#PMF from MBAR in kcal/mol
0.0000 0.0000 0.0000
0.1000 -17.7341 0.5732
0.2000 -25.6550 0.8178
0.3000 -31.7451 1.0379
0.4000 -35.9844 1.2279
0.5000 -38.1527 1.5128
0.6000 -49.4729 1263.3528
0.7000 -40.6247 1263.3528
0.8000 -28.5959 1263.3528
0.9000 -21.5515 1263.3528
1.0000 -21.4919 1263.3528
#TI average gradients and standard deviation in kcal/mol
0.0000 -315.9313 41.0712
0.1000 -99.4987 38.8429
0.2000 -72.3449 39.1605
0.3000 -61.0387 39.9852
0.4000 -40.5133 38.6294
0.5000 -42.1281 52.1520
0.6000 -19.5406 23.9258
0.7000 130.8815 21.0767
0.8000 99.6396 20.3918
0.9000 38.2547 22.7488
1.0000 3.3348 25.6576
#PMF from TI in kcal/mol
0.0000 0.0000
0.1000 -20.7715
0.2000 -29.3637
0.3000 -36.0329
0.4000 -41.1105
0.5000 -45.2425
0.6000 -48.3260
0.7000 -42.7589
0.8000 -31.2329
0.9000 -24.3382
1.0000 -22.2587
#MBAR free energy difference in kcal/mol: 
-21.491948, 1263.352824 
#TI free energy difference in kcal/mol: 
-22.258675  
Starting /export/users/common/BioSimSpace/sire.app/bin/analyse_freenrg: number of threads equals 32
