# Analysing data contained in file(s) ['lambda_0.0000/simfile.dat', 'lambda_0.1000/simfile.dat', 'lambda_0.2000/simfile.dat', 'lambda_0.3000/simfile.dat', 'lambda_0.4000/simfile.dat', 'lambda_0.5000/simfile.dat', 'lambda_0.6000/simfile.dat', 'lambda_0.7000/simfile.dat', 'lambda_0.8000/simfile.dat', 'lambda_0.9000/simfile.dat', 'lambda_1.0000/simfile.dat']
#Overlap matrix
1.0000 0.0000 0.0000 0.0000 0.0000 0.0000 0.0000 0.0000 0.0000 0.0000 0.0000
0.0000 0.9838 0.0162 0.0000 0.0000 0.0000 0.0000 0.0000 0.0000 0.0000 0.0000
0.0000 0.0162 0.9117 0.0720 0.0000 0.0000 0.0000 0.0000 0.0000 0.0000 0.0000
0.0000 0.0000 0.0720 0.8398 0.0881 0.0001 0.0000 0.0000 0.0000 0.0000 0.0000
0.0000 0.0000 0.0000 0.0881 0.8410 0.0708 0.0000 0.0000 0.0000 0.0000 0.0000
0.0000 0.0000 0.0000 0.0001 0.0708 0.9072 0.0219 0.0000 0.0000 0.0000 0.0000
0.0000 0.0000 0.0000 0.0000 0.0000 0.0219 0.9780 0.0000 0.0000 0.0000 0.0000
0.0000 0.0000 0.0000 0.0000 0.0000 0.0000 0.0000 1.0000 0.0000 0.0000 0.0000
0.0000 0.0000 0.0000 0.0000 0.0000 0.0000 0.0000 0.0000 1.0000 0.0000 0.0000
0.0000 0.0000 0.0000 0.0000 0.0000 0.0000 0.0000 0.0000 0.0000 1.0000 0.0000
0.0000 0.0000 0.0000 0.0000 0.0000 0.0000 0.0000 0.0000 0.0000 0.0000 1.0000
#DG from neighbouring lambda in kcal/mol
0.0000 0.1000 41.0704 0.1754
0.1000 0.2000 7.5547 0.1847
0.2000 0.3000 -1.0594 0.0824
0.3000 0.4000 -6.9260 0.0730
0.4000 0.5000 -9.8973 0.0831
0.5000 0.6000 -3.9047 0.1577
0.6000 0.7000 16.7443 23.2564
0.7000 0.8000 8.1414 29.9590
0.8000 0.9000 0.9600 35.7390
0.9000 1.0000 -65.9234 25.8340
#PMF from MBAR in kcal/mol
0.0000 0.0000 0.0000
0.1000 41.0704 0.1754
0.2000 48.6251 0.0852
0.3000 47.5657 0.0679
0.4000 40.6397 0.0680
0.5000 30.7424 0.0854
0.6000 26.8377 0.1569
0.7000 43.5819 23.2558
0.8000 51.7234 15.5450
0.9000 52.6834 25.8340
1.0000 -13.2400 0.0000
#TI average gradients and standard deviation in kcal/mol
0.0000 1811.9168 87.3053
0.1000 146.0964 35.1534
0.2000 26.1000 23.5626
0.3000 -42.8329 19.3907
0.4000 -90.5854 22.9610
0.5000 -94.5682 23.1443
0.6000 64.4435 38.0435
0.7000 73.6232 44.2937
0.8000 50.6590 51.5204
0.9000 -76.4583 60.7961
1.0000 -2284.1839 119.5989
#PMF from TI in kcal/mol
0.0000 0.0000
0.1000 97.9007
0.2000 106.5105
0.3000 105.6738
0.4000 99.0029
0.5000 89.7452
0.6000 88.2390
0.7000 95.1423
0.8000 101.3564
0.9000 100.0665
1.0000 -17.9656
#MBAR free energy difference in kcal/mol: 
-13.239981, 0.000000 
#TI free energy difference in kcal/mol: 
-17.965626  
Starting /export/users/common/BioSimSpace/sire.app/bin/analyse_freenrg: number of threads equals 32
