# Analysing data contained in file(s) ['lambda_0.0000/simfile.dat', 'lambda_0.1000/simfile.dat', 'lambda_0.2000/simfile.dat', 'lambda_0.3000/simfile.dat', 'lambda_0.4000/simfile.dat', 'lambda_0.5000/simfile.dat', 'lambda_0.6000/simfile.dat', 'lambda_0.7000/simfile.dat', 'lambda_0.8000/simfile.dat', 'lambda_0.9000/simfile.dat', 'lambda_1.0000/simfile.dat']
#Overlap matrix
1.0000 0.0000 0.0000 0.0000 0.0000 0.0000 0.0000 0.0000 0.0000 0.0000 0.0000
0.0000 1.0000 0.0000 0.0000 0.0000 0.0000 0.0000 0.0000 0.0000 0.0000 0.0000
0.0000 0.0000 1.0000 0.0000 0.0000 0.0000 0.0000 0.0000 0.0000 0.0000 0.0000
0.0000 0.0000 0.0000 1.0000 0.0000 0.0000 0.0000 0.0000 0.0000 0.0000 0.0000
0.0000 0.0000 0.0000 0.0000 1.0000 0.0000 0.0000 0.0000 0.0000 0.0000 0.0000
0.0000 0.0000 0.0000 0.0000 0.0000 0.9973 0.0027 0.0000 0.0000 0.0000 0.0000
0.0000 0.0000 0.0000 0.0000 0.0000 0.0027 0.9927 0.0046 0.0000 0.0000 0.0000
0.0000 0.0000 0.0000 0.0000 0.0000 0.0000 0.0046 0.9921 0.0033 0.0000 0.0000
0.0000 0.0000 0.0000 0.0000 0.0000 0.0000 0.0000 0.0033 0.9156 0.0811 0.0000
0.0000 0.0000 0.0000 0.0000 0.0000 0.0000 0.0000 0.0000 0.0811 0.9189 0.0000
0.0000 0.0000 0.0000 0.0000 0.0000 0.0000 0.0000 0.0000 0.0000 0.0000 1.0000
#DG from neighbouring lambda in kcal/mol
0.0000 0.1000 -1.2811 0.0000
0.1000 0.2000 4.3842 0.0000
0.2000 0.3000 8.9180 0.0000
0.3000 0.4000 -136.4606 267.8410
0.4000 0.5000 7.9986 312.4139
0.5000 0.6000 73.5941 0.4607
0.6000 0.7000 66.7421 0.3495
0.7000 0.8000 44.5969 0.4144
0.8000 0.9000 33.1908 0.0767
0.9000 1.0000 14.9074 38.7818
#PMF from MBAR in kcal/mol
0.0000 0.0000 0.0000
0.1000 -1.2811 0.0000
0.2000 3.1030 0.0000
0.3000 12.0211 0.0000
0.4000 -124.4395 267.8410
0.5000 -116.4409 44.9751
0.6000 -42.8469 44.9741
0.7000 23.8952 44.9739
0.8000 68.4922 44.9741
0.9000 101.6830 44.9742
1.0000 116.5904 55.6505
#TI average gradients and standard deviation in kcal/mol
0.0000 -164.5579 76.6556
0.1000 1.4355 70.1275
0.2000 79.4347 82.9174
0.3000 100.3782 101.8633
0.4000 -728.0291 129.0622
0.5000 645.3954 38.3318
0.6000 728.5712 32.9248
0.7000 590.4077 38.3757
0.8000 357.9481 31.5796
0.9000 298.4833 26.0438
1.0000 86.6068 22.7074
#PMF from TI in kcal/mol
0.0000 0.0000
0.1000 -8.1561
0.2000 -4.1126
0.3000 4.8780
0.4000 -26.5045
0.5000 -30.6362
0.6000 38.0621
0.7000 104.0111
0.8000 151.4289
0.9000 184.2504
1.0000 203.5049
#MBAR free energy difference in kcal/mol: 
116.590401, 55.650530 
#TI free energy difference in kcal/mol: 
203.504938  
Starting /export/users/common/BioSimSpace/sire.app/bin/analyse_freenrg: number of threads equals 32
