# Analysing data contained in file(s) ['lambda_0.0000/simfile.dat', 'lambda_0.1000/simfile.dat', 'lambda_0.2000/simfile.dat', 'lambda_0.3000/simfile.dat', 'lambda_0.4000/simfile.dat', 'lambda_0.5000/simfile.dat', 'lambda_0.6000/simfile.dat', 'lambda_0.7000/simfile.dat', 'lambda_0.8000/simfile.dat', 'lambda_0.9000/simfile.dat', 'lambda_1.0000/simfile.dat']
#Overlap matrix
0.9814 0.0186 0.0000 0.0000 0.0000 0.0000 0.0000 0.0000 0.0000 0.0000 0.0000
0.0186 0.9724 0.0090 0.0000 0.0000 0.0000 0.0000 0.0000 0.0000 0.0000 0.0000
0.0000 0.0090 0.9842 0.0068 0.0000 0.0000 0.0000 0.0000 0.0000 0.0000 0.0000
0.0000 0.0000 0.0068 0.9932 0.0000 0.0000 0.0000 0.0000 0.0000 0.0000 0.0000
0.0000 0.0000 0.0000 0.0000 0.8855 0.1136 0.0009 0.0000 0.0000 0.0000 0.0000
0.0000 0.0000 0.0000 0.0000 0.1136 0.7643 0.1217 0.0003 0.0000 0.0000 0.0000
0.0000 0.0000 0.0000 0.0000 0.0009 0.1217 0.7655 0.1118 0.0001 0.0000 0.0000
0.0000 0.0000 0.0000 0.0000 0.0000 0.0003 0.1118 0.8183 0.0695 0.0000 0.0000
0.0000 0.0000 0.0000 0.0000 0.0000 0.0000 0.0001 0.0695 0.8485 0.0818 0.0001
0.0000 0.0000 0.0000 0.0000 0.0000 0.0000 0.0000 0.0000 0.0818 0.8406 0.0776
0.0000 0.0000 0.0000 0.0000 0.0000 0.0000 0.0000 0.0000 0.0001 0.0776 0.9223
#DG from neighbouring lambda in kcal/mol
0.0000 0.1000 -3.5566 0.1798
0.1000 0.2000 -3.6873 0.2611
0.2000 0.3000 -3.6878 0.3024
0.3000 0.4000 -9.4532 85.4626
0.4000 0.5000 4.0631 0.0649
0.5000 0.6000 7.9721 0.0619
0.6000 0.7000 6.3242 0.0658
0.7000 0.8000 3.6500 0.0880
0.8000 0.9000 1.5598 0.0799
0.9000 1.0000 2.4349 0.0825
#PMF from MBAR in kcal/mol
0.0000 0.0000 0.0000
0.1000 -3.5566 0.1798
0.2000 -7.2439 0.3190
0.3000 -10.9316 0.4409
0.4000 -20.3848 85.4637
0.5000 -16.3217 85.4638
0.6000 -8.3496 85.4638
0.7000 -2.0255 85.4638
0.8000 1.6245 85.4639
0.9000 3.1844 85.4639
1.0000 5.6193 85.4640
#TI average gradients and standard deviation in kcal/mol
0.0000 -38.7293 26.6387
0.1000 -35.1311 29.4462
0.2000 -39.0238 31.8260
0.3000 -26.7967 29.5032
0.4000 -29.6343 24.3554
0.5000 78.8875 16.4948
0.6000 74.0817 16.4089
0.7000 52.6527 17.5301
0.8000 20.2392 21.7758
0.9000 17.9251 19.2506
1.0000 -9148.3920 305858.7565
#PMF from TI in kcal/mol
0.0000 0.0000
0.1000 -3.6930
0.2000 -7.4008
0.3000 -10.6918
0.4000 -13.5133
0.5000 -11.0507
0.6000 -3.4022
0.7000 2.9345
0.8000 6.5791
0.9000 8.4873
1.0000 -448.0360
#MBAR free energy difference in kcal/mol: 
5.619262, 85.463977 
#TI free energy difference in kcal/mol: 
-448.036041  
Starting /export/users/common/BioSimSpace/sire.app/bin/analyse_freenrg: number of threads equals 32
