# Analysing data contained in file(s) ['lambda_0.0000/simfile.dat', 'lambda_0.1000/simfile.dat', 'lambda_0.2000/simfile.dat', 'lambda_0.3000/simfile.dat', 'lambda_0.4000/simfile.dat', 'lambda_0.5000/simfile.dat', 'lambda_0.6000/simfile.dat', 'lambda_0.7000/simfile.dat', 'lambda_0.8000/simfile.dat', 'lambda_0.9000/simfile.dat', 'lambda_1.0000/simfile.dat']
#Overlap matrix
0.9920 0.0080 0.0000 0.0000 0.0000 0.0000 0.0000 0.0000 0.0000 0.0000 0.0000
0.0080 0.9893 0.0027 0.0000 0.0000 0.0000 0.0000 0.0000 0.0000 0.0000 0.0000
0.0000 0.0027 0.9968 0.0004 0.0000 0.0000 0.0000 0.0000 0.0000 0.0000 0.0000
0.0000 0.0000 0.0004 0.9996 0.0000 0.0000 0.0000 0.0000 0.0000 0.0000 0.0000
0.0000 0.0000 0.0000 0.0000 0.9988 0.0012 0.0000 0.0000 0.0000 0.0000 0.0000
0.0000 0.0000 0.0000 0.0000 0.0012 0.9988 0.0000 0.0000 0.0000 0.0000 0.0000
0.0000 0.0000 0.0000 0.0000 0.0000 0.0000 0.9072 0.0928 0.0001 0.0000 0.0000
0.0000 0.0000 0.0000 0.0000 0.0000 0.0000 0.0928 0.8293 0.0779 0.0000 0.0000
0.0000 0.0000 0.0000 0.0000 0.0000 0.0000 0.0001 0.0779 0.8417 0.0803 0.0000
0.0000 0.0000 0.0000 0.0000 0.0000 0.0000 0.0000 0.0000 0.0803 0.9103 0.0093
0.0000 0.0000 0.0000 0.0000 0.0000 0.0000 0.0000 0.0000 0.0000 0.0093 0.9907
#DG from neighbouring lambda in kcal/mol
0.0000 0.1000 10.6423 0.2958
0.1000 0.2000 7.9933 0.5071
0.2000 0.3000 4.4149 1.3050
0.3000 0.4000 -13.2678 1280.2609
0.4000 0.5000 0.7755 0.7591
0.5000 0.6000 -0.6804 1792.3048
0.6000 0.7000 14.7272 0.0788
0.7000 0.8000 12.6704 0.0875
0.8000 0.9000 6.4575 0.0860
0.9000 1.0000 -1.6331 0.2727
#PMF from MBAR in kcal/mol
0.0000 0.0000 0.0000
0.1000 10.6423 0.2958
0.2000 18.6356 0.5883
0.3000 23.0506 1.4319
0.4000 9.7827 1280.2606
0.5000 10.5583 1280.2604
0.6000 9.8779 512.0446
0.7000 24.6051 512.0446
0.8000 37.2755 512.0446
0.9000 43.7330 512.0446
1.0000 42.1000 512.0447
#TI average gradients and standard deviation in kcal/mol
0.0000 104.4600 30.2476
0.1000 88.5457 37.5923
0.2000 60.4086 40.5590
0.3000 43.2855 44.5758
0.4000 -104.6692 55.4867
0.5000 73.6316 49.1691
0.6000 100.5933 17.9685
0.7000 151.5817 23.0925
0.8000 89.2719 19.1215
0.9000 35.5297 27.4249
1.0000 -42.4998 25.9446
#PMF from TI in kcal/mol
0.0000 0.0000
0.1000 9.6503
0.2000 17.0980
0.3000 22.2827
0.4000 19.2135
0.5000 17.6616
0.6000 26.3729
0.7000 38.9816
0.8000 51.0243
0.9000 57.2644
1.0000 56.9159
#MBAR free energy difference in kcal/mol: 
42.099967, 512.044688 
#TI free energy difference in kcal/mol: 
56.915882  
Starting /export/users/common/BioSimSpace/sire.app/bin/analyse_freenrg: number of threads equals 32
