# Analysing data contained in file(s) ['lambda_0.0000/simfile.dat', 'lambda_0.1000/simfile.dat', 'lambda_0.2000/simfile.dat', 'lambda_0.3000/simfile.dat', 'lambda_0.4000/simfile.dat', 'lambda_0.5000/simfile.dat', 'lambda_0.6000/simfile.dat', 'lambda_0.7000/simfile.dat', 'lambda_0.8000/simfile.dat', 'lambda_0.9000/simfile.dat', 'lambda_1.0000/simfile.dat']
#Overlap matrix
0.5557 0.3058 0.1107 0.0238 0.0035 0.0005 0.0000 0.0000 0.0000 0.0000 0.0000
0.3058 0.3401 0.2371 0.0916 0.0213 0.0037 0.0004 0.0000 0.0000 0.0000 0.0000
0.1107 0.2371 0.3159 0.2328 0.0845 0.0171 0.0018 0.0001 0.0000 0.0000 0.0000
0.0238 0.0916 0.2328 0.3607 0.2331 0.0527 0.0049 0.0003 0.0000 0.0000 0.0000
0.0035 0.0213 0.0845 0.2331 0.4332 0.2041 0.0194 0.0009 0.0000 0.0000 0.0000
0.0005 0.0037 0.0171 0.0527 0.2041 0.5479 0.1653 0.0085 0.0003 0.0000 0.0000
0.0000 0.0004 0.0018 0.0049 0.0194 0.1653 0.6450 0.1564 0.0066 0.0002 0.0000
0.0000 0.0000 0.0001 0.0003 0.0009 0.0085 0.1564 0.6764 0.1527 0.0046 0.0001
0.0000 0.0000 0.0000 0.0000 0.0000 0.0003 0.0066 0.1527 0.7013 0.1372 0.0019
0.0000 0.0000 0.0000 0.0000 0.0000 0.0000 0.0002 0.0046 0.1372 0.7572 0.1008
0.0000 0.0000 0.0000 0.0000 0.0000 0.0000 0.0000 0.0001 0.0019 0.1008 0.8973
#DG from neighbouring lambda in kcal/mol
0.0000 0.1000 0.4669 0.0166
0.1000 0.2000 0.1463 0.0160
0.2000 0.3000 -0.2265 0.0170
0.3000 0.4000 -0.2148 0.0205
0.4000 0.5000 0.1506 0.0296
0.5000 0.6000 0.4110 0.0423
0.6000 0.7000 0.2780 0.0473
0.7000 0.8000 0.2352 0.0492
0.8000 0.9000 0.6239 0.0541
0.9000 1.0000 2.1803 0.0676
#PMF from MBAR in kcal/mol
0.0000 0.0000 0.0000
0.1000 0.4669 0.0166
0.2000 0.6132 0.0295
0.3000 0.3867 0.0399
0.4000 0.1719 0.0490
0.5000 0.3225 0.0607
0.6000 0.7335 0.0782
0.7000 1.0115 0.0959
0.8000 1.2467 0.1118
0.9000 1.8706 0.1279
1.0000 4.0508 0.1482
#TI average gradients and standard deviation in kcal/mol
0.0000 -6.1929 6.9604
0.1000 3.3953 6.4087
0.2000 -0.8830 7.1016
0.3000 -2.9679 6.8747
0.4000 -0.6088 10.2567
0.5000 4.1208 14.2003
0.6000 4.3954 14.4284
0.7000 1.7188 14.1282
0.8000 2.2273 15.1961
0.9000 10.1592 15.9329
1.0000 36.3811 18.5043
#PMF from TI in kcal/mol
0.0000 0.0000
0.1000 -0.1399
0.2000 -0.0143
0.3000 -0.2068
0.4000 -0.3857
0.5000 -0.2101
0.6000 0.2158
0.7000 0.5215
0.8000 0.7188
0.9000 1.3381
1.0000 3.6651
#MBAR free energy difference in kcal/mol: 
4.050840, 0.148210 
#TI free energy difference in kcal/mol: 
3.665116  
Starting /export/users/common/BioSimSpace/sire.app/bin/analyse_freenrg: number of threads equals 32
