# Analysing data contained in file(s) ['lambda_0.0000/simfile.dat', 'lambda_0.1000/simfile.dat', 'lambda_0.2000/simfile.dat', 'lambda_0.3000/simfile.dat', 'lambda_0.4000/simfile.dat', 'lambda_0.5000/simfile.dat', 'lambda_0.6000/simfile.dat', 'lambda_0.7000/simfile.dat', 'lambda_0.8000/simfile.dat', 'lambda_0.9000/simfile.dat', 'lambda_1.0000/simfile.dat']
#Overlap matrix
0.9374 0.0626 0.0000 0.0000 0.0000 0.0000 0.0000 0.0000 0.0000 0.0000 0.0000
0.0626 0.8738 0.0635 0.0000 0.0000 0.0000 0.0000 0.0000 0.0000 0.0000 0.0000
0.0000 0.0635 0.8209 0.1152 0.0004 0.0000 0.0000 0.0000 0.0000 0.0000 0.0000
0.0000 0.0000 0.1152 0.7638 0.1205 0.0005 0.0000 0.0000 0.0000 0.0000 0.0000
0.0000 0.0000 0.0004 0.1205 0.7782 0.1007 0.0002 0.0000 0.0000 0.0000 0.0000
0.0000 0.0000 0.0000 0.0005 0.1007 0.8575 0.0413 0.0000 0.0000 0.0000 0.0000
0.0000 0.0000 0.0000 0.0000 0.0002 0.0413 0.9586 0.0000 0.0000 0.0000 0.0000
0.0000 0.0000 0.0000 0.0000 0.0000 0.0000 0.0000 0.9988 0.0012 0.0000 0.0000
0.0000 0.0000 0.0000 0.0000 0.0000 0.0000 0.0000 0.0012 0.9976 0.0012 0.0000
0.0000 0.0000 0.0000 0.0000 0.0000 0.0000 0.0000 0.0000 0.0012 0.9965 0.0023
0.0000 0.0000 0.0000 0.0000 0.0000 0.0000 0.0000 0.0000 0.0000 0.0023 0.9977
#DG from neighbouring lambda in kcal/mol
0.0000 0.1000 3.8370 0.0945
0.1000 0.2000 -0.0343 0.0937
0.2000 0.3000 -3.8257 0.0652
0.3000 0.4000 -6.6134 0.0632
0.4000 0.5000 -7.8096 0.0709
0.5000 0.6000 -1.2372 0.1189
0.6000 0.7000 19.1146 0.6791
0.7000 0.8000 9.9073 0.7161
0.8000 0.9000 9.1010 0.7407
0.9000 1.0000 11.2674 0.5247
#PMF from MBAR in kcal/mol
0.0000 0.0000 0.0000
0.1000 3.8370 0.0945
0.2000 3.8028 0.1378
0.3000 -0.0229 0.1565
0.4000 -6.6363 0.1724
0.5000 -14.4459 0.1897
0.6000 -15.6831 0.2266
0.7000 3.4315 0.6776
0.8000 13.3388 0.4495
0.9000 22.4398 0.4495
1.0000 33.7072 0.5834
#TI average gradients and standard deviation in kcal/mol
0.0000 42.5606 23.5290
0.1000 21.5610 21.9454
0.2000 -23.8382 19.3660
0.3000 -53.2995 17.1924
0.4000 -78.1727 18.0965
0.5000 -67.5680 20.7753
0.6000 88.0953 33.5053
0.7000 79.0154 40.1150
0.8000 86.7245 40.2496
0.9000 88.3448 36.3031
1.0000 142.3588 38.7367
#PMF from TI in kcal/mol
0.0000 0.0000
0.1000 3.2061
0.2000 3.0922
0.3000 -0.7647
0.4000 -7.3383
0.5000 -14.6253
0.6000 -13.5989
0.7000 -5.2434
0.8000 3.0436
0.9000 11.7971
1.0000 23.3322
#MBAR free energy difference in kcal/mol: 
33.707199, 0.583410 
#TI free energy difference in kcal/mol: 
23.332231  
Starting /export/users/common/BioSimSpace/sire.app/bin/analyse_freenrg: number of threads equals 32
