# Analysing data contained in file(s) ['lambda_0.0000/simfile.dat', 'lambda_0.1000/simfile.dat', 'lambda_0.2000/simfile.dat', 'lambda_0.3000/simfile.dat', 'lambda_0.4000/simfile.dat', 'lambda_0.5000/simfile.dat', 'lambda_0.6000/simfile.dat', 'lambda_0.7000/simfile.dat', 'lambda_0.8000/simfile.dat', 'lambda_0.9000/simfile.dat', 'lambda_1.0000/simfile.dat']
#Overlap matrix
0.9966 0.0034 0.0000 0.0000 0.0000 0.0000 0.0000 0.0000 0.0000 0.0000 0.0000
0.0034 0.9961 0.0004 0.0000 0.0000 0.0000 0.0000 0.0000 0.0000 0.0000 0.0000
0.0000 0.0004 0.9991 0.0005 0.0000 0.0000 0.0000 0.0000 0.0000 0.0000 0.0000
0.0000 0.0000 0.0005 0.9995 0.0000 0.0000 0.0000 0.0000 0.0000 0.0000 0.0000
0.0000 0.0000 0.0000 0.0000 0.9775 0.0225 0.0000 0.0000 0.0000 0.0000 0.0000
0.0000 0.0000 0.0000 0.0000 0.0225 0.9302 0.0473 0.0000 0.0000 0.0000 0.0000
0.0000 0.0000 0.0000 0.0000 0.0000 0.0473 0.8973 0.0553 0.0000 0.0000 0.0000
0.0000 0.0000 0.0000 0.0000 0.0000 0.0000 0.0553 0.9118 0.0329 0.0000 0.0000
0.0000 0.0000 0.0000 0.0000 0.0000 0.0000 0.0000 0.0329 0.8652 0.1019 0.0000
0.0000 0.0000 0.0000 0.0000 0.0000 0.0000 0.0000 0.0000 0.1019 0.8973 0.0008
0.0000 0.0000 0.0000 0.0000 0.0000 0.0000 0.0000 0.0000 0.0000 0.0008 0.9992
#DG from neighbouring lambda in kcal/mol
0.0000 0.1000 -5.6719 0.4579
0.1000 0.2000 -7.3972 1.2969
0.2000 0.3000 -10.0991 1.2416
0.3000 0.4000 -21.9735 1.1663
0.4000 0.5000 -3.3963 0.1753
0.5000 0.6000 2.2060 0.1175
0.6000 0.7000 -0.8243 0.1078
0.7000 0.8000 -4.8274 0.1432
0.8000 0.9000 -5.9546 0.0751
0.9000 1.0000 -7.7173 0.9709
#PMF from MBAR in kcal/mol
0.0000 0.0000 0.0000
0.1000 -5.6719 0.4579
0.2000 -13.0691 1.3759
0.3000 -23.1682 1.8536
0.4000 -45.1417 0.8333
0.5000 -48.5380 0.8194
0.6000 -46.3320 0.8154
0.7000 -47.1563 0.8143
0.8000 -51.9837 0.8162
0.9000 -57.9383 0.8181
1.0000 -65.6556 1.1591
#TI average gradients and standard deviation in kcal/mol
0.0000 7066156868.0146 217865900983.0883
0.1000 -52.4029 35.6066
0.2000 -82.9118 40.9222
0.3000 -99.9251 41.8870
0.4000 -125.2691 36.6189
0.5000 20.8944 23.8496
0.6000 11.2525 22.3465
0.7000 -27.1567 24.1579
0.8000 -70.9653 26.1298
0.9000 -44.4548 26.3194
1.0000 -28734.6908 1272486.8268
#PMF from TI in kcal/mol
0.0000 0.0000
0.1000 353307840.7806
0.2000 353307834.0148
0.3000 353307824.8730
0.4000 353307813.6133
0.5000 353307808.3945
0.6000 353307810.0019
0.7000 353307809.2067
0.8000 353307804.3006
0.9000 353307798.5296
1.0000 353306359.5723
#MBAR free energy difference in kcal/mol: 
-65.655593, 1.159126 
#TI free energy difference in kcal/mol: 
353306359.572309  
Starting /export/users/common/BioSimSpace/sire.app/bin/analyse_freenrg: number of threads equals 32
