# Analysing data contained in file(s) ['lambda_0.0000/simfile.dat', 'lambda_0.1000/simfile.dat', 'lambda_0.2000/simfile.dat', 'lambda_0.3000/simfile.dat', 'lambda_0.4000/simfile.dat', 'lambda_0.5000/simfile.dat', 'lambda_0.6000/simfile.dat', 'lambda_0.7000/simfile.dat', 'lambda_0.8000/simfile.dat', 'lambda_0.9000/simfile.dat', 'lambda_1.0000/simfile.dat']
#Overlap matrix
0.9897 0.0103 0.0000 0.0000 0.0000 0.0000 0.0000 0.0000 0.0000 0.0000 0.0000
0.0103 0.9853 0.0044 0.0000 0.0000 0.0000 0.0000 0.0000 0.0000 0.0000 0.0000
0.0000 0.0044 0.9943 0.0014 0.0000 0.0000 0.0000 0.0000 0.0000 0.0000 0.0000
0.0000 0.0000 0.0014 0.9986 0.0000 0.0000 0.0000 0.0000 0.0000 0.0000 0.0000
0.0000 0.0000 0.0000 0.0000 0.9714 0.0286 0.0000 0.0000 0.0000 0.0000 0.0000
0.0000 0.0000 0.0000 0.0000 0.0286 0.9085 0.0627 0.0002 0.0000 0.0000 0.0000
0.0000 0.0000 0.0000 0.0000 0.0000 0.0627 0.8359 0.1011 0.0002 0.0000 0.0000
0.0000 0.0000 0.0000 0.0000 0.0000 0.0002 0.1011 0.7953 0.1034 0.0000 0.0000
0.0000 0.0000 0.0000 0.0000 0.0000 0.0000 0.0002 0.1034 0.8291 0.0673 0.0000
0.0000 0.0000 0.0000 0.0000 0.0000 0.0000 0.0000 0.0000 0.0673 0.8557 0.0770
0.0000 0.0000 0.0000 0.0000 0.0000 0.0000 0.0000 0.0000 0.0000 0.0770 0.9230
#DG from neighbouring lambda in kcal/mol
0.0000 0.1000 -12.0134 0.2399
0.1000 0.2000 -12.4385 0.3714
0.2000 0.3000 -14.7605 0.6600
0.3000 0.4000 -28.0128 0.5546
0.4000 0.5000 -12.4239 0.1413
0.5000 0.6000 -7.0783 0.0918
0.6000 0.7000 -9.7036 0.0690
0.7000 0.8000 -14.3800 0.0681
0.8000 0.9000 -20.1598 0.0883
0.9000 1.0000 -26.0081 0.0816
#PMF from MBAR in kcal/mol
0.0000 0.0000 0.0000
0.1000 -12.0134 0.2399
0.2000 -24.4519 0.4435
0.3000 -39.2124 0.7960
0.4000 -67.2252 0.3443
0.5000 -79.6491 0.3216
0.6000 -86.7273 0.3151
0.7000 -96.4310 0.3138
0.8000 -110.8109 0.3151
0.9000 -130.9708 0.3211
1.0000 -156.9789 0.3298
#TI average gradients and standard deviation in kcal/mol
0.0000 -132.9657 29.3146
0.1000 -120.7934 32.3701
0.2000 -139.7563 37.3793
0.3000 -165.2868 42.2687
0.4000 -217.6682 36.6260
0.5000 -73.5043 21.6412
0.6000 -79.8499 18.9517
0.7000 -116.6802 17.3595
0.8000 -170.9494 18.3173
0.9000 -233.8818 20.0055
1.0000 -273.0885 21.1445
#PMF from TI in kcal/mol
0.0000 0.0000
0.1000 -12.6880
0.2000 -25.7154
0.3000 -40.9676
0.4000 -60.1153
0.5000 -74.6740
0.6000 -82.3417
0.7000 -92.1682
0.8000 -106.5497
0.9000 -126.7912
1.0000 -152.1397
#MBAR free energy difference in kcal/mol: 
-156.978926, 0.329790 
#TI free energy difference in kcal/mol: 
-152.139744  
Starting /export/users/common/BioSimSpace/sire.app/bin/analyse_freenrg: number of threads equals 32
