# Analysing data contained in file(s) ['lambda_0.0000/simfile.dat', 'lambda_0.1000/simfile.dat', 'lambda_0.2000/simfile.dat', 'lambda_0.3000/simfile.dat', 'lambda_0.4000/simfile.dat', 'lambda_0.5000/simfile.dat', 'lambda_0.6000/simfile.dat', 'lambda_0.7000/simfile.dat', 'lambda_0.8000/simfile.dat', 'lambda_0.9000/simfile.dat', 'lambda_1.0000/simfile.dat']
#Overlap matrix
0.9324 0.0676 0.0000 0.0000 0.0000 0.0000 0.0000 0.0000 0.0000 0.0000 0.0000
0.0676 0.8701 0.0622 0.0001 0.0000 0.0000 0.0000 0.0000 0.0000 0.0000 0.0000
0.0000 0.0622 0.7951 0.1419 0.0008 0.0000 0.0000 0.0000 0.0000 0.0000 0.0000
0.0000 0.0001 0.1419 0.7318 0.1254 0.0007 0.0000 0.0000 0.0000 0.0000 0.0000
0.0000 0.0000 0.0008 0.1254 0.7772 0.0964 0.0002 0.0000 0.0000 0.0000 0.0000
0.0000 0.0000 0.0000 0.0007 0.0964 0.8668 0.0361 0.0000 0.0000 0.0000 0.0000
0.0000 0.0000 0.0000 0.0000 0.0002 0.0361 0.9637 0.0000 0.0000 0.0000 0.0000
0.0000 0.0000 0.0000 0.0000 0.0000 0.0000 0.0000 0.9995 0.0005 0.0000 0.0000
0.0000 0.0000 0.0000 0.0000 0.0000 0.0000 0.0000 0.0005 0.9981 0.0014 0.0000
0.0000 0.0000 0.0000 0.0000 0.0000 0.0000 0.0000 0.0000 0.0014 0.9944 0.0042
0.0000 0.0000 0.0000 0.0000 0.0000 0.0000 0.0000 0.0000 0.0000 0.0042 0.9958
#DG from neighbouring lambda in kcal/mol
0.0000 0.1000 6.0090 0.0862
0.1000 0.2000 1.5626 0.0903
0.2000 0.3000 -2.6096 0.0539
0.3000 0.4000 -5.7701 0.0584
0.4000 0.5000 -7.2903 0.0693
0.5000 0.6000 -0.3891 0.1218
0.6000 0.7000 22.2779 0.9058
0.7000 0.8000 8.5705 1.1086
0.8000 0.9000 8.2989 0.6407
0.9000 1.0000 9.6759 0.3724
#PMF from MBAR in kcal/mol
0.0000 0.0000 0.0000
0.1000 6.0090 0.0862
0.2000 7.5717 0.1294
0.3000 4.9620 0.1442
0.4000 -0.8080 0.1591
0.5000 -8.0983 0.1767
0.6000 -8.4874 0.2171
0.7000 13.7905 0.9037
0.8000 22.3610 0.4490
0.9000 30.6599 0.4490
1.0000 40.3359 0.5211
#TI average gradients and standard deviation in kcal/mol
0.0000 158188251803.9384 5944251908373.2480
0.1000 41.0148 20.1820
0.2000 -10.1691 17.9604
0.3000 -42.8334 16.1688
0.4000 -70.7260 16.6784
0.5000 -64.8586 20.6393
0.6000 94.6911 33.8881
0.7000 81.5281 39.4982
0.8000 86.5100 41.0750
0.9000 80.2530 36.8436
1.0000 112.6985 34.8006
#PMF from TI in kcal/mol
0.0000 0.0000
0.1000 7909412592.2477
0.2000 7909412593.7899
0.3000 7909412591.1398
0.4000 7909412585.4619
0.5000 7909412578.6826
0.6000 7909412580.1742
0.7000 7909412588.9852
0.8000 7909412597.3871
0.9000 7909412605.7253
1.0000 7909412615.3729
#MBAR free energy difference in kcal/mol: 
40.335850, 0.521089 
#TI free energy difference in kcal/mol: 
7909412615.372852  
Starting /export/users/common/BioSimSpace/sire.app/bin/analyse_freenrg: number of threads equals 32
