# Analysing data contained in file(s) ['lambda_0.0000/simfile.dat', 'lambda_0.1000/simfile.dat', 'lambda_0.2000/simfile.dat', 'lambda_0.3000/simfile.dat', 'lambda_0.4000/simfile.dat', 'lambda_0.5000/simfile.dat', 'lambda_0.6000/simfile.dat', 'lambda_0.7000/simfile.dat', 'lambda_0.8000/simfile.dat', 'lambda_0.9000/simfile.dat', 'lambda_1.0000/simfile.dat']
#Overlap matrix
0.7172 0.2479 0.0335 0.0014 0.0000 0.0000 0.0000 0.0000 0.0000 0.0000 0.0000
0.2479 0.4764 0.2413 0.0325 0.0018 0.0001 0.0000 0.0000 0.0000 0.0000 0.0000
0.0335 0.2413 0.4698 0.2265 0.0263 0.0024 0.0003 0.0000 0.0000 0.0000 0.0000
0.0014 0.0325 0.2265 0.5173 0.2007 0.0207 0.0008 0.0000 0.0000 0.0000 0.0000
0.0000 0.0018 0.0263 0.2007 0.6023 0.1661 0.0028 0.0000 0.0000 0.0000 0.0000
0.0000 0.0001 0.0024 0.0207 0.1661 0.7475 0.0631 0.0000 0.0000 0.0000 0.0000
0.0000 0.0000 0.0003 0.0008 0.0028 0.0631 0.9261 0.0069 0.0000 0.0000 0.0000
0.0000 0.0000 0.0000 0.0000 0.0000 0.0000 0.0069 0.9874 0.0057 0.0000 0.0000
0.0000 0.0000 0.0000 0.0000 0.0000 0.0000 0.0000 0.0057 0.9789 0.0154 0.0000
0.0000 0.0000 0.0000 0.0000 0.0000 0.0000 0.0000 0.0000 0.0154 0.9668 0.0178
0.0000 0.0000 0.0000 0.0000 0.0000 0.0000 0.0000 0.0000 0.0000 0.0178 0.9822
#DG from neighbouring lambda in kcal/mol
0.0000 0.1000 -1.5482 0.0311
0.1000 0.2000 -1.6916 0.0283
0.2000 0.3000 -1.9180 0.0306
0.3000 0.4000 -1.7868 0.0354
0.4000 0.5000 0.0147 0.0445
0.5000 0.6000 4.8205 0.0890
0.6000 0.7000 10.6756 0.2959
0.7000 0.8000 12.6192 0.3268
0.8000 0.9000 14.5670 0.1961
0.9000 1.0000 18.7948 0.1821
#PMF from MBAR in kcal/mol
0.0000 0.0000 0.0000
0.1000 -1.5482 0.0311
0.2000 -3.2398 0.0500
0.3000 -5.1577 0.0648
0.4000 -6.9445 0.0786
0.5000 -6.9299 0.0937
0.6000 -2.1094 0.1323
0.7000 8.5662 0.3260
0.8000 21.1854 0.4629
0.9000 35.7524 0.5039
1.0000 54.5471 0.5369
#TI average gradients and standard deviation in kcal/mol
0.0000 -33.4944 10.8571
0.1000 -15.8772 9.5779
0.2000 -17.7415 10.2174
0.3000 -20.0291 10.6776
0.4000 -13.7456 12.4533
0.5000 18.9362 17.8962
0.6000 83.1372 27.4256
0.7000 119.7242 35.6304
0.8000 130.5310 29.1465
0.9000 156.5053 28.2097
1.0000 232.6401 26.7335
#PMF from TI in kcal/mol
0.0000 0.0000
0.1000 -2.4686
0.2000 -4.1495
0.3000 -6.0380
0.4000 -7.7268
0.5000 -7.4672
0.6000 -2.3636
0.7000 7.7795
0.8000 20.2923
0.9000 34.6441
1.0000 54.1014
#MBAR free energy difference in kcal/mol: 
54.547123, 0.536944 
#TI free energy difference in kcal/mol: 
54.101351  
Starting /export/users/common/BioSimSpace/sire.app/bin/analyse_freenrg: number of threads equals 32
