# Analysing data contained in file(s) ['lambda_0.0000/simfile.dat', 'lambda_0.1000/simfile.dat', 'lambda_0.2000/simfile.dat', 'lambda_0.3000/simfile.dat', 'lambda_0.4000/simfile.dat', 'lambda_0.5000/simfile.dat', 'lambda_0.6000/simfile.dat', 'lambda_0.7000/simfile.dat', 'lambda_0.8000/simfile.dat', 'lambda_0.9000/simfile.dat', 'lambda_1.0000/simfile.dat']
#Overlap matrix
1.0000 0.0000 0.0000 0.0000 0.0000 0.0000 0.0000 0.0000 0.0000 0.0000 0.0000
0.0000 1.0000 0.0000 0.0000 0.0000 0.0000 0.0000 0.0000 0.0000 0.0000 0.0000
0.0000 0.0000 0.9718 0.0282 0.0000 0.0000 0.0000 0.0000 0.0000 0.0000 0.0000
0.0000 0.0000 0.0282 0.9115 0.0603 0.0000 0.0000 0.0000 0.0000 0.0000 0.0000
0.0000 0.0000 0.0000 0.0603 0.8398 0.0998 0.0001 0.0000 0.0000 0.0000 0.0000
0.0000 0.0000 0.0000 0.0000 0.0998 0.7969 0.1033 0.0001 0.0000 0.0000 0.0000
0.0000 0.0000 0.0000 0.0000 0.0001 0.1033 0.8140 0.0826 0.0000 0.0000 0.0000
0.0000 0.0000 0.0000 0.0000 0.0000 0.0001 0.0826 0.8827 0.0346 0.0000 0.0000
0.0000 0.0000 0.0000 0.0000 0.0000 0.0000 0.0000 0.0346 0.9615 0.0039 0.0000
0.0000 0.0000 0.0000 0.0000 0.0000 0.0000 0.0000 0.0000 0.0039 0.9961 0.0000
0.0000 0.0000 0.0000 0.0000 0.0000 0.0000 0.0000 0.0000 0.0000 0.0000 1.0000
#DG from neighbouring lambda in kcal/mol
0.0000 0.1000 102.2651 16.4587
0.1000 0.2000 22.4166 18.5150
0.2000 0.3000 5.8713 0.1513
0.3000 0.4000 0.2336 0.0998
0.4000 0.5000 -3.6428 0.0740
0.5000 0.6000 -6.6339 0.0724
0.6000 0.7000 -9.9950 0.0831
0.7000 0.8000 -14.9080 0.1355
0.8000 0.9000 -25.1914 0.4176
0.9000 1.0000 -227.5050 2.0957
#PMF from MBAR in kcal/mol
0.0000 0.0000 0.0000
0.1000 102.2651 16.4587
0.2000 124.6818 2.0637
0.3000 130.5531 2.0604
0.4000 130.7866 2.0595
0.5000 127.1438 2.0593
0.6000 120.5100 2.0595
0.7000 110.5150 2.0602
0.8000 95.6070 2.0628
0.9000 70.4156 2.0957
1.0000 -157.0894 0.0000
#TI average gradients and standard deviation in kcal/mol
0.0000 2242.9545 80.6149
0.1000 520.6634 95.9856
0.2000 109.0986 32.3133
0.3000 23.9891 22.2363
0.4000 -18.6337 17.4426
0.5000 -51.8035 19.1253
0.6000 -82.5647 18.1917
0.7000 -120.4873 21.7788
0.8000 -185.1575 26.4455
0.9000 -353.9297 46.9904
1.0000 -14356.7769 1303.3743
#PMF from TI in kcal/mol
0.0000 0.0000
0.1000 138.1809
0.2000 169.6690
0.3000 176.3234
0.4000 176.5911
0.5000 173.0693
0.6000 166.3509
0.7000 156.1983
0.8000 140.9160
0.9000 113.9617
1.0000 -621.5737
#MBAR free energy difference in kcal/mol: 
-157.089384, 0.000000 
#TI free energy difference in kcal/mol: 
-621.573653  
Starting /export/users/common/BioSimSpace/sire.app/bin/analyse_freenrg: number of threads equals 32
