# Analysing data contained in file(s) ['lambda_0.0000/simfile.dat', 'lambda_0.1000/simfile.dat', 'lambda_0.2000/simfile.dat', 'lambda_0.3000/simfile.dat', 'lambda_0.4000/simfile.dat', 'lambda_0.5000/simfile.dat', 'lambda_0.6000/simfile.dat', 'lambda_0.7000/simfile.dat', 'lambda_0.8000/simfile.dat', 'lambda_0.9000/simfile.dat', 'lambda_1.0000/simfile.dat']
#Overlap matrix
0.9424 0.0575 0.0001 0.0000 0.0000 0.0000 0.0000 0.0000 0.0000 0.0000 0.0000
0.0575 0.8781 0.0643 0.0001 0.0000 0.0000 0.0000 0.0000 0.0000 0.0000 0.0000
0.0001 0.0643 0.8719 0.0636 0.0001 0.0000 0.0000 0.0000 0.0000 0.0000 0.0000
0.0000 0.0001 0.0636 0.8687 0.0673 0.0003 0.0000 0.0000 0.0000 0.0000 0.0000
0.0000 0.0000 0.0001 0.0673 0.8139 0.1154 0.0033 0.0000 0.0000 0.0000 0.0000
0.0000 0.0000 0.0000 0.0003 0.1154 0.7254 0.1558 0.0031 0.0000 0.0000 0.0000
0.0000 0.0000 0.0000 0.0000 0.0033 0.1558 0.6675 0.1708 0.0026 0.0000 0.0000
0.0000 0.0000 0.0000 0.0000 0.0000 0.0031 0.1708 0.6643 0.1600 0.0018 0.0000
0.0000 0.0000 0.0000 0.0000 0.0000 0.0000 0.0026 0.1600 0.6918 0.1454 0.0002
0.0000 0.0000 0.0000 0.0000 0.0000 0.0000 0.0000 0.0018 0.1454 0.7969 0.0559
0.0000 0.0000 0.0000 0.0000 0.0000 0.0000 0.0000 0.0000 0.0002 0.0559 0.9439
#DG from neighbouring lambda in kcal/mol
0.0000 0.1000 -6.0365 0.0931
0.1000 0.2000 -4.1695 0.0873
0.2000 0.3000 -3.5042 0.0879
0.3000 0.4000 -3.0343 0.0849
0.4000 0.5000 -2.0036 0.0601
0.5000 0.6000 -0.7545 0.0485
0.6000 0.7000 -1.0017 0.0455
0.7000 0.8000 -2.0398 0.0480
0.8000 0.9000 -3.2998 0.0520
0.9000 1.0000 -5.7426 0.0945
#PMF from MBAR in kcal/mol
0.0000 0.0000 0.0000
0.1000 -6.0365 0.0931
0.2000 -10.2060 0.1319
0.3000 -13.7102 0.1620
0.4000 -16.7444 0.1858
0.5000 -18.7480 0.1981
0.6000 -19.5026 0.2062
0.7000 -20.5043 0.2135
0.8000 -22.5441 0.2212
0.9000 -25.8438 0.2295
1.0000 -31.5864 0.2504
#TI average gradients and standard deviation in kcal/mol
0.0000 -80.0554 22.5849
0.1000 -46.8883 21.9958
0.2000 -37.9730 22.2154
0.3000 -32.5664 20.8314
0.4000 -27.3645 19.5687
0.5000 -11.4200 16.6560
0.6000 -8.7526 14.3221
0.7000 -14.1658 15.6323
0.8000 -26.6811 14.8047
0.9000 -41.3762 16.7152
1.0000 -75.2186 21.3910
#PMF from TI in kcal/mol
0.0000 0.0000
0.1000 -6.3472
0.2000 -10.5903
0.3000 -14.1172
0.4000 -17.1138
0.5000 -19.0530
0.6000 -20.0616
0.7000 -21.2075
0.8000 -23.2499
0.9000 -26.6528
1.0000 -32.4825
#MBAR free energy difference in kcal/mol: 
-31.586417, 0.250431 
#TI free energy difference in kcal/mol: 
-32.482493  
Starting /export/users/common/BioSimSpace/sire.app/bin/analyse_freenrg: number of threads equals 32
