# Analysing data contained in file(s) ['lambda_0.0000/simfile.dat', 'lambda_0.1000/simfile.dat', 'lambda_0.2000/simfile.dat', 'lambda_0.3000/simfile.dat', 'lambda_0.4000/simfile.dat', 'lambda_0.5000/simfile.dat', 'lambda_0.6000/simfile.dat', 'lambda_0.7000/simfile.dat', 'lambda_0.8000/simfile.dat', 'lambda_0.9000/simfile.dat', 'lambda_1.0000/simfile.dat']
#Overlap matrix
0.8924 0.1069 0.0006 0.0000 0.0000 0.0000 0.0000 0.0000 0.0000 0.0000 0.0000
0.1069 0.7694 0.1226 0.0011 0.0000 0.0000 0.0000 0.0000 0.0000 0.0000 0.0000
0.0006 0.1226 0.7284 0.1469 0.0015 0.0000 0.0000 0.0000 0.0000 0.0000 0.0000
0.0000 0.0011 0.1469 0.7000 0.1509 0.0012 0.0000 0.0000 0.0000 0.0000 0.0000
0.0000 0.0000 0.0015 0.1509 0.7005 0.1455 0.0016 0.0000 0.0000 0.0000 0.0000
0.0000 0.0000 0.0000 0.0012 0.1455 0.7027 0.1493 0.0014 0.0000 0.0000 0.0000
0.0000 0.0000 0.0000 0.0000 0.0016 0.1493 0.6957 0.1525 0.0010 0.0000 0.0000
0.0000 0.0000 0.0000 0.0000 0.0000 0.0014 0.1525 0.7018 0.1437 0.0006 0.0000
0.0000 0.0000 0.0000 0.0000 0.0000 0.0000 0.0010 0.1437 0.7329 0.1223 0.0001
0.0000 0.0000 0.0000 0.0000 0.0000 0.0000 0.0000 0.0006 0.1223 0.7962 0.0810
0.0000 0.0000 0.0000 0.0000 0.0000 0.0000 0.0000 0.0000 0.0001 0.0810 0.9189
#DG from neighbouring lambda in kcal/mol
0.0000 0.1000 1.5322 0.0631
0.1000 0.2000 1.6817 0.0575
0.2000 0.3000 0.9643 0.0506
0.3000 0.4000 -0.0564 0.0496
0.4000 0.5000 -1.5181 0.0509
0.5000 0.6000 -2.9122 0.0500
0.6000 0.7000 -4.4591 0.0493
0.7000 0.8000 -6.1819 0.0516
0.8000 0.9000 -8.1229 0.0579
0.9000 1.0000 -10.5150 0.0751
#PMF from MBAR in kcal/mol
0.0000 0.0000 0.0000
0.1000 1.5322 0.0631
0.2000 3.2139 0.0912
0.3000 4.1782 0.1092
0.4000 4.1219 0.1241
0.5000 2.6038 0.1379
0.6000 -0.3084 0.1501
0.7000 -4.7675 0.1612
0.8000 -10.9494 0.1724
0.9000 -19.0723 0.1847
1.0000 -29.5874 0.2021
#TI average gradients and standard deviation in kcal/mol
0.0000 8.7827 19.7692
0.1000 18.9363 17.1376
0.2000 14.0988 16.2673
0.3000 5.9463 15.9300
0.4000 -6.7872 14.9355
0.5000 -21.0106 14.8644
0.6000 -36.8698 15.8448
0.7000 -51.8378 15.3833
0.8000 -71.0223 16.2102
0.9000 -91.5420 18.0749
1.0000 -118.5846 22.1335
#PMF from TI in kcal/mol
0.0000 0.0000
0.1000 1.3859
0.2000 3.0377
0.3000 4.0400
0.4000 3.9979
0.5000 2.6080
0.6000 -0.2860
0.7000 -4.7214
0.8000 -10.8644
0.9000 -18.9926
1.0000 -29.4989
#MBAR free energy difference in kcal/mol: 
-29.587367, 0.202063 
#TI free energy difference in kcal/mol: 
-29.498941  
Starting /export/users/common/BioSimSpace/sire.app/bin/analyse_freenrg: number of threads equals 32
