# Analysing data contained in file(s) ['lambda_0.0000/simfile.dat', 'lambda_0.1000/simfile.dat', 'lambda_0.2000/simfile.dat', 'lambda_0.3000/simfile.dat', 'lambda_0.4000/simfile.dat', 'lambda_0.5000/simfile.dat', 'lambda_0.6000/simfile.dat', 'lambda_0.7000/simfile.dat', 'lambda_0.8000/simfile.dat', 'lambda_0.9000/simfile.dat', 'lambda_1.0000/simfile.dat']
#Overlap matrix
1.0000 0.0000 0.0000 0.0000 0.0000 0.0000 0.0000 0.0000 0.0000 0.0000 0.0000
0.0000 1.0000 0.0000 0.0000 0.0000 0.0000 0.0000 0.0000 0.0000 0.0000 0.0000
0.0000 0.0000 1.0000 0.0000 0.0000 0.0000 0.0000 0.0000 0.0000 0.0000 0.0000
0.0000 0.0000 0.0000 1.0000 0.0000 0.0000 0.0000 0.0000 0.0000 0.0000 0.0000
0.0000 0.0000 0.0000 0.0000 0.9893 0.0106 0.0000 0.0000 0.0000 0.0000 0.0000
0.0000 0.0000 0.0000 0.0000 0.0106 0.9310 0.0584 0.0000 0.0000 0.0000 0.0000
0.0000 0.0000 0.0000 0.0000 0.0000 0.0584 0.8944 0.0471 0.0000 0.0000 0.0000
0.0000 0.0000 0.0000 0.0000 0.0000 0.0000 0.0471 0.9150 0.0379 0.0000 0.0000
0.0000 0.0000 0.0000 0.0000 0.0000 0.0000 0.0000 0.0379 0.9275 0.0346 0.0000
0.0000 0.0000 0.0000 0.0000 0.0000 0.0000 0.0000 0.0000 0.0346 0.9100 0.0554
0.0000 0.0000 0.0000 0.0000 0.0000 0.0000 0.0000 0.0000 0.0000 0.0554 0.9446
#DG from neighbouring lambda in kcal/mol
0.0000 0.1000 4.1342 813.1148
0.1000 0.2000 8.7406 372.3893
0.2000 0.3000 12.5364 134.5747
0.3000 0.4000 18.6551 15.4083
0.4000 0.5000 27.6884 0.4011
0.5000 0.6000 28.8423 0.1627
0.6000 0.7000 22.1502 0.1834
0.7000 0.8000 15.5567 0.2067
0.8000 0.9000 8.5602 0.2169
0.9000 1.0000 3.3919 0.1676
#PMF from MBAR in kcal/mol
0.0000 0.0000 0.0000
0.1000 4.1342 813.1148
0.2000 12.8748 894.3317
0.3000 25.4112 904.4001
0.4000 44.0663 904.5313
0.5000 71.7547 904.5314
0.6000 100.5970 904.5314
0.7000 122.7472 904.5315
0.8000 138.3040 904.5315
0.9000 146.8642 904.5315
1.0000 150.2560 904.5315
#TI average gradients and standard deviation in kcal/mol
0.0000 31.1081 46.7619
0.1000 75.8625 55.7566
0.2000 148.6160 32.7826
0.3000 175.2352 41.9394
0.4000 246.4366 32.3203
0.5000 286.8917 22.9083
0.6000 258.3459 31.9334
0.7000 193.9312 22.3772
0.8000 122.0112 21.0577
0.9000 60.3953 21.1163
1.0000 31.7505 21.8931
#PMF from TI in kcal/mol
0.0000 0.0000
0.1000 5.3485
0.2000 16.5725
0.3000 32.7650
0.4000 53.8486
0.5000 80.5150
0.6000 107.7769
0.7000 130.3908
0.8000 146.1879
0.9000 155.3082
1.0000 159.9155
#MBAR free energy difference in kcal/mol: 
150.256026, 904.531526 
#TI free energy difference in kcal/mol: 
159.915482  #WARNING SUBSAMPLING GRADIENTS RESULTED IN LESS THAN 50 SAMPLES, CONSIDER RERUN WITHOUT SUBSAMPLE OPTION 
Starting /export/users/common/BioSimSpace/sire.app/bin/analyse_freenrg: number of threads equals 32
