# Analysing data contained in file(s) ['lambda_0.0000/simfile.dat', 'lambda_0.1000/simfile.dat', 'lambda_0.2000/simfile.dat', 'lambda_0.3000/simfile.dat', 'lambda_0.4000/simfile.dat', 'lambda_0.5000/simfile.dat', 'lambda_0.6000/simfile.dat', 'lambda_0.7000/simfile.dat', 'lambda_0.8000/simfile.dat', 'lambda_0.9000/simfile.dat', 'lambda_1.0000/simfile.dat']
#Overlap matrix
0.9972 0.0028 0.0000 0.0000 0.0000 0.0000 0.0000 0.0000 0.0000 0.0000 0.0000
0.0028 0.9960 0.0013 0.0000 0.0000 0.0000 0.0000 0.0000 0.0000 0.0000 0.0000
0.0000 0.0013 0.9985 0.0002 0.0000 0.0000 0.0000 0.0000 0.0000 0.0000 0.0000
0.0000 0.0000 0.0002 0.9998 0.0000 0.0000 0.0000 0.0000 0.0000 0.0000 0.0000
0.0000 0.0000 0.0000 0.0000 0.9945 0.0055 0.0000 0.0000 0.0000 0.0000 0.0000
0.0000 0.0000 0.0000 0.0000 0.0055 0.9920 0.0025 0.0000 0.0000 0.0000 0.0000
0.0000 0.0000 0.0000 0.0000 0.0000 0.0025 0.9692 0.0283 0.0000 0.0000 0.0000
0.0000 0.0000 0.0000 0.0000 0.0000 0.0000 0.0283 0.9062 0.0656 0.0000 0.0000
0.0000 0.0000 0.0000 0.0000 0.0000 0.0000 0.0000 0.0656 0.8885 0.0460 0.0000
0.0000 0.0000 0.0000 0.0000 0.0000 0.0000 0.0000 0.0000 0.0460 0.9147 0.0393
0.0000 0.0000 0.0000 0.0000 0.0000 0.0000 0.0000 0.0000 0.0000 0.0393 0.9607
#DG from neighbouring lambda in kcal/mol
0.0000 0.1000 0.1879 0.4757
0.1000 0.2000 -3.2720 0.7057
0.2000 0.3000 -3.8273 1.7468
0.3000 0.4000 -15.9623 1.4414
0.4000 0.5000 4.3456 0.3382
0.5000 0.6000 8.8306 0.4981
0.6000 0.7000 11.1878 0.1452
0.7000 0.8000 9.9981 0.0915
0.8000 0.9000 6.0488 0.1118
0.9000 1.0000 1.1860 0.1217
#PMF from MBAR in kcal/mol
0.0000 0.0000 0.0000
0.1000 0.1879 0.4757
0.2000 -3.0841 0.8518
0.3000 -6.9114 1.9437
0.4000 -22.8737 0.8156
0.5000 -18.5281 0.7633
0.6000 -9.6975 0.6898
0.7000 1.4903 0.6875
0.8000 11.4885 0.6885
0.9000 17.5373 0.6927
1.0000 18.7233 0.7010
#TI average gradients and standard deviation in kcal/mol
0.0000 -6.0112 35.3756
0.1000 -5.1191 40.3792
0.2000 -29.7613 44.1538
0.3000 -52.1744 48.9339
0.4000 -55.3614 41.5198
0.5000 96.3256 35.3978
0.6000 91.6090 27.8017
0.7000 113.4970 19.5354
0.8000 83.4293 21.0106
0.9000 35.6670 26.4362
1.0000 -1346853.5282 24788869.4897
#PMF from TI in kcal/mol
0.0000 0.0000
0.1000 -0.5565
0.2000 -2.3005
0.3000 -6.3973
0.4000 -11.7741
0.5000 -9.7259
0.6000 -0.3292
0.7000 9.9261
0.8000 19.7724
0.9000 25.7273
1.0000 -67315.1658
#MBAR free energy difference in kcal/mol: 
18.723335, 0.700987 
#TI free energy difference in kcal/mol: 
-67315.165794  
Starting /export/users/common/BioSimSpace/sire.app/bin/analyse_freenrg: number of threads equals 32
