# Analysing data contained in file(s) ['lambda_0.0000/simfile.dat', 'lambda_0.1000/simfile.dat', 'lambda_0.2000/simfile.dat', 'lambda_0.3000/simfile.dat', 'lambda_0.4000/simfile.dat', 'lambda_0.5000/simfile.dat', 'lambda_0.6000/simfile.dat', 'lambda_0.7000/simfile.dat', 'lambda_0.8000/simfile.dat', 'lambda_0.9000/simfile.dat', 'lambda_1.0000/simfile.dat']
#Overlap matrix
1.0000 0.0000 0.0000 0.0000 0.0000 0.0000 0.0000 0.0000 0.0000 0.0000 0.0000
0.0000 0.9176 0.0824 0.0000 0.0000 0.0000 0.0000 0.0000 0.0000 0.0000 0.0000
0.0000 0.0824 0.8754 0.0422 0.0000 0.0000 0.0000 0.0000 0.0000 0.0000 0.0000
0.0000 0.0000 0.0422 0.9578 0.0000 0.0000 0.0000 0.0000 0.0000 0.0000 0.0000
0.0000 0.0000 0.0000 0.0000 0.9509 0.0491 0.0000 0.0000 0.0000 0.0000 0.0000
0.0000 0.0000 0.0000 0.0000 0.0491 0.9399 0.0109 0.0000 0.0000 0.0000 0.0000
0.0000 0.0000 0.0000 0.0000 0.0000 0.0109 0.9889 0.0001 0.0000 0.0000 0.0000
0.0000 0.0000 0.0000 0.0000 0.0000 0.0000 0.0001 0.9998 0.0000 0.0000 0.0000
0.0000 0.0000 0.0000 0.0000 0.0000 0.0000 0.0000 0.0000 0.9999 0.0000 0.0000
0.0000 0.0000 0.0000 0.0000 0.0000 0.0000 0.0000 0.0000 0.0000 1.0000 0.0000
0.0000 0.0000 0.0000 0.0000 0.0000 0.0000 0.0000 0.0000 0.0000 0.0000 1.0000
#DG from neighbouring lambda in kcal/mol
0.0000 0.1000 93.2577 24.1495
0.1000 0.2000 33.0147 0.3208
0.2000 0.3000 26.3899 0.4696
0.3000 0.4000 7.4304 34.9692
0.4000 0.5000 -4.5535 0.4317
0.5000 0.6000 -7.5054 0.9523
0.6000 0.7000 -6.4728 8.5246
0.7000 0.8000 -9.1671 23.8501
0.8000 0.9000 -17.5022 15.7301
0.9000 1.0000 -199.0554 26.6111
#PMF from MBAR in kcal/mol
0.0000 0.0000 0.0000
0.1000 93.2577 24.1495
0.2000 126.2724 24.1475
0.3000 152.6623 24.1447
0.4000 160.0927 13.2419
0.5000 155.5392 13.2410
0.6000 148.0338 13.2449
0.7000 141.5610 14.1300
0.8000 132.3939 22.7087
0.9000 114.8917 26.6111
1.0000 -84.1637 0.0000
#TI average gradients and standard deviation in kcal/mol
0.0000 5411.9363 117.9286
0.1000 329.8096 51.7475
0.2000 185.3466 179.4695
0.3000 332.9055 58.3346
0.4000 -10.5208 32.8009
0.5000 -68.5644 33.9417
0.6000 -80.1358 35.1917
0.7000 -73.6368 40.9703
0.8000 -137.0183 55.4247
0.9000 -242.9481 41.9241
1.0000 -8298.4491 1697.5096
#PMF from TI in kcal/mol
0.0000 0.0000
0.1000 287.0873
0.2000 312.8451
0.3000 338.7577
0.4000 354.8769
0.5000 350.9227
0.6000 343.4877
0.7000 335.7990
0.8000 325.2663
0.9000 306.2680
1.0000 -120.8019
#MBAR free energy difference in kcal/mol: 
-84.163721, 0.000000  #WARNING SUBSAMPLING ENERGIES RESULTED IN LESS THAN 50 SAMPLES, CONSIDER RERUN WITHOUT SUBSAMPLE OPTION
#TI free energy difference in kcal/mol: 
-120.801891  #WARNING SUBSAMPLING GRADIENTS RESULTED IN LESS THAN 50 SAMPLES, CONSIDER RERUN WITHOUT SUBSAMPLE OPTION 
Starting /export/users/common/BioSimSpace/sire.app/bin/analyse_freenrg: number of threads equals 32
