# Analysing data contained in file(s) ['lambda_0.0000/simfile.dat', 'lambda_0.1000/simfile.dat', 'lambda_0.2000/simfile.dat', 'lambda_0.3000/simfile.dat', 'lambda_0.4000/simfile.dat', 'lambda_0.5000/simfile.dat', 'lambda_0.6000/simfile.dat', 'lambda_0.7000/simfile.dat', 'lambda_0.8000/simfile.dat', 'lambda_0.9000/simfile.dat', 'lambda_1.0000/simfile.dat']
#Overlap matrix
0.9982 0.0018 0.0000 0.0000 0.0000 0.0000 0.0000 0.0000 0.0000 0.0000 0.0000
0.0018 0.9950 0.0032 0.0000 0.0000 0.0000 0.0000 0.0000 0.0000 0.0000 0.0000
0.0000 0.0032 0.9959 0.0009 0.0000 0.0000 0.0000 0.0000 0.0000 0.0000 0.0000
0.0000 0.0000 0.0009 0.9991 0.0000 0.0000 0.0000 0.0000 0.0000 0.0000 0.0000
0.0000 0.0000 0.0000 0.0000 0.9804 0.0196 0.0000 0.0000 0.0000 0.0000 0.0000
0.0000 0.0000 0.0000 0.0000 0.0196 0.9236 0.0567 0.0000 0.0000 0.0000 0.0000
0.0000 0.0000 0.0000 0.0000 0.0000 0.0567 0.8530 0.0901 0.0002 0.0000 0.0000
0.0000 0.0000 0.0000 0.0000 0.0000 0.0000 0.0901 0.8139 0.0959 0.0000 0.0000
0.0000 0.0000 0.0000 0.0000 0.0000 0.0000 0.0002 0.0959 0.8319 0.0720 0.0000
0.0000 0.0000 0.0000 0.0000 0.0000 0.0000 0.0000 0.0000 0.0720 0.8358 0.0921
0.0000 0.0000 0.0000 0.0000 0.0000 0.0000 0.0000 0.0000 0.0000 0.0921 0.9079
#DG from neighbouring lambda in kcal/mol
0.0000 0.1000 -12.0665 0.5969
0.1000 0.2000 -11.0704 0.4408
0.2000 0.3000 -17.7849 0.8528
0.3000 0.4000 -30.4175 0.7166
0.4000 0.5000 -12.7669 0.1753
0.5000 0.6000 -8.7901 0.0989
0.6000 0.7000 -11.8211 0.0754
0.7000 0.8000 -16.2020 0.0726
0.8000 0.9000 -21.8097 0.0863
0.9000 1.0000 -26.8581 0.0745
#PMF from MBAR in kcal/mol
0.0000 0.0000 0.0000
0.1000 -12.0665 0.5969
0.2000 -23.1368 0.7429
0.3000 -40.9217 1.1316
0.4000 -71.3392 0.5727
0.5000 -84.1061 0.5524
0.6000 -92.8962 0.5481
0.7000 -104.7173 0.5472
0.8000 -120.9192 0.5480
0.9000 -142.7289 0.5514
1.0000 -169.5870 0.5558
#TI average gradients and standard deviation in kcal/mol
0.0000 -139.3411 35.5373
0.1000 -108.5103 33.9331
0.2000 -143.7467 41.7544
0.3000 -175.6156 40.4253
0.4000 -216.5656 35.3204
0.5000 -87.0405 26.1189
0.6000 -100.3667 20.3839
0.7000 -138.1894 17.4125
0.8000 -188.6147 18.8819
0.9000 -246.7335 21.9566
1.0000 -260.3337 18.1204
#PMF from TI in kcal/mol
0.0000 0.0000
0.1000 -12.3926
0.2000 -25.0054
0.3000 -40.9735
0.4000 -60.5826
0.5000 -75.7629
0.6000 -85.1333
0.7000 -97.0611
0.8000 -113.4013
0.9000 -135.1687
1.0000 -160.5220
#MBAR free energy difference in kcal/mol: 
-169.587042, 0.555799 
#TI free energy difference in kcal/mol: 
-160.522046  
Starting /export/users/common/BioSimSpace/sire.app/bin/analyse_freenrg: number of threads equals 32
