# Analysing data contained in file(s) ['lambda_0.0000/simfile.dat', 'lambda_0.1000/simfile.dat', 'lambda_0.2000/simfile.dat', 'lambda_0.3000/simfile.dat', 'lambda_0.4000/simfile.dat', 'lambda_0.5000/simfile.dat', 'lambda_0.6000/simfile.dat', 'lambda_0.7000/simfile.dat', 'lambda_0.8000/simfile.dat', 'lambda_0.9000/simfile.dat', 'lambda_1.0000/simfile.dat']
#Overlap matrix
0.9939 0.0061 0.0000 0.0000 0.0000 0.0000 0.0000 0.0000 0.0000 0.0000 0.0000
0.0061 0.9895 0.0044 0.0000 0.0000 0.0000 0.0000 0.0000 0.0000 0.0000 0.0000
0.0000 0.0044 0.9860 0.0096 0.0000 0.0000 0.0000 0.0000 0.0000 0.0000 0.0000
0.0000 0.0000 0.0096 0.9817 0.0087 0.0000 0.0000 0.0000 0.0000 0.0000 0.0000
0.0000 0.0000 0.0000 0.0087 0.9913 0.0000 0.0000 0.0000 0.0000 0.0000 0.0000
0.0000 0.0000 0.0000 0.0000 0.0000 1.0000 0.0000 0.0000 0.0000 0.0000 0.0000
0.0000 0.0000 0.0000 0.0000 0.0000 0.0000 1.0000 0.0000 0.0000 0.0000 0.0000
0.0000 0.0000 0.0000 0.0000 0.0000 0.0000 0.0000 1.0000 0.0000 0.0000 0.0000
0.0000 0.0000 0.0000 0.0000 0.0000 0.0000 0.0000 0.0000 1.0000 0.0000 0.0000
0.0000 0.0000 0.0000 0.0000 0.0000 0.0000 0.0000 0.0000 0.0000 1.0000 0.0000
0.0000 0.0000 0.0000 0.0000 0.0000 0.0000 0.0000 0.0000 0.0000 0.0000 1.0000
#DG from neighbouring lambda in kcal/mol
0.0000 0.1000 -8.9762 0.3366
0.1000 0.2000 -28.0545 0.3973
0.2000 0.3000 -44.7099 0.2665
0.3000 0.4000 -51.2898 0.2813
0.4000 0.5000 -20.0042 10380.8333
0.5000 0.6000 -39.9879 20818.8131
0.6000 0.7000 -13.3081 10446.3634
0.7000 0.8000 18.7406 2.7171
0.8000 0.9000 14.6786 0.5329
0.9000 1.0000 26.5478 0.2878
#PMF from MBAR in kcal/mol
0.0000 0.0000 0.0000
0.1000 -8.9762 0.3366
0.2000 -37.0308 0.5221
0.3000 -81.7406 0.5873
0.4000 -133.0305 0.6523
0.5000 -153.0346 10380.8333
0.6000 -193.0225 10438.0400
0.7000 -206.3306 8.3409
0.8000 -187.5901 5.6326
0.9000 -172.9114 6.1623
1.0000 -146.3637 5.8735
#TI average gradients and standard deviation in kcal/mol
0.0000 -88.6800 29.9025
0.1000 -184.2631 35.1998
0.2000 -369.4098 29.5777
0.3000 -517.9616 30.1458
0.4000 -434.0659 35.8053
0.5000 -465.6956 66.8887
0.6000 -411.0563 65.4721
0.7000 -233.7272 81.4286
0.8000 -201.7180 77.7863
0.9000 -94.4279 81.8141
1.0000 230.2847 78.5859
#PMF from TI in kcal/mol
0.0000 0.0000
0.1000 -13.6472
0.2000 -41.3308
0.3000 -85.6994
0.4000 -133.3007
0.5000 -178.2888
0.6000 -222.1264
0.7000 -254.3656
0.8000 -276.1379
0.9000 -290.9452
1.0000 -284.1523
#MBAR free energy difference in kcal/mol: 
-146.363657, 5.873511 
#TI free energy difference in kcal/mol: 
-284.152312  
Starting /export/users/common/BioSimSpace/sire.app/bin/analyse_freenrg: number of threads equals 32
