# Analysing data contained in file(s) ['lambda_0.0000/simfile.dat', 'lambda_0.1000/simfile.dat', 'lambda_0.2000/simfile.dat', 'lambda_0.3000/simfile.dat', 'lambda_0.4000/simfile.dat', 'lambda_0.5000/simfile.dat', 'lambda_0.6000/simfile.dat', 'lambda_0.7000/simfile.dat', 'lambda_0.8000/simfile.dat', 'lambda_0.9000/simfile.dat', 'lambda_1.0000/simfile.dat']
#Overlap matrix
0.9301 0.0699 0.0000 0.0000 0.0000 0.0000 0.0000 0.0000 0.0000 0.0000 0.0000
0.0699 0.8715 0.0586 0.0000 0.0000 0.0000 0.0000 0.0000 0.0000 0.0000 0.0000
0.0000 0.0586 0.8805 0.0604 0.0004 0.0000 0.0000 0.0000 0.0000 0.0000 0.0000
0.0000 0.0000 0.0604 0.8059 0.1335 0.0002 0.0000 0.0000 0.0000 0.0000 0.0000
0.0000 0.0000 0.0004 0.1335 0.8602 0.0059 0.0000 0.0000 0.0000 0.0000 0.0000
0.0000 0.0000 0.0000 0.0002 0.0059 0.9829 0.0110 0.0000 0.0000 0.0000 0.0000
0.0000 0.0000 0.0000 0.0000 0.0000 0.0110 0.9890 0.0000 0.0000 0.0000 0.0000
0.0000 0.0000 0.0000 0.0000 0.0000 0.0000 0.0000 1.0000 0.0000 0.0000 0.0000
0.0000 0.0000 0.0000 0.0000 0.0000 0.0000 0.0000 0.0000 0.9998 0.0002 0.0000
0.0000 0.0000 0.0000 0.0000 0.0000 0.0000 0.0000 0.0000 0.0002 0.9972 0.0027
0.0000 0.0000 0.0000 0.0000 0.0000 0.0000 0.0000 0.0000 0.0000 0.0027 0.9973
#DG from neighbouring lambda in kcal/mol
0.0000 0.1000 7.8945 0.0872
0.1000 0.2000 -1.4725 0.0965
0.2000 0.3000 -12.1421 0.0944
0.3000 0.4000 -17.6177 0.0581
0.4000 0.5000 -18.2144 0.3163
0.5000 0.6000 -16.0771 0.2341
0.6000 0.7000 12.7639 99.7003
0.7000 0.8000 -4.4379 132.9263
0.8000 0.9000 -11.7068 2.0056
0.9000 1.0000 -14.1972 0.4802
#PMF from MBAR in kcal/mol
0.0000 0.0000 0.0000
0.1000 7.8945 0.0872
0.2000 6.4219 0.1347
0.3000 -5.7201 0.1682
0.4000 -23.3378 0.1812
0.5000 -41.5522 0.3657
0.6000 -57.6293 0.4356
0.7000 -44.8654 99.7000
0.8000 -49.3033 33.2473
0.9000 -61.0101 33.2473
1.0000 -75.2073 33.2490
#TI average gradients and standard deviation in kcal/mol
0.0000 100.9793 21.6559
0.1000 38.4489 21.3319
0.2000 -67.1050 21.2610
0.3000 -168.8774 17.4215
0.4000 -166.0822 28.7159
0.5000 -197.5479 34.5333
0.6000 -67.4645 33.6061
0.7000 -63.5885 48.7359
0.8000 -106.9381 45.5863
0.9000 -139.9813 41.2412
1.0000 -112.8584 37.3201
#PMF from TI in kcal/mol
0.0000 0.0000
0.1000 6.9714
0.2000 5.5386
0.3000 -6.2605
0.4000 -23.0085
0.5000 -41.1900
0.6000 -54.4406
0.7000 -60.9933
0.8000 -69.5196
0.9000 -81.8656
1.0000 -94.5076
#MBAR free energy difference in kcal/mol: 
-75.207343, 33.249029 
#TI free energy difference in kcal/mol: 
-94.507563  
Starting /export/users/common/BioSimSpace/sire.app/bin/analyse_freenrg: number of threads equals 32
