# Analysing data contained in file(s) ['lambda_0.0000/simfile.dat', 'lambda_0.1000/simfile.dat', 'lambda_0.2000/simfile.dat', 'lambda_0.3000/simfile.dat', 'lambda_0.4000/simfile.dat', 'lambda_0.5000/simfile.dat', 'lambda_0.6000/simfile.dat', 'lambda_0.7000/simfile.dat', 'lambda_0.8000/simfile.dat', 'lambda_0.9000/simfile.dat', 'lambda_1.0000/simfile.dat']
#Overlap matrix
1.0000 0.0000 0.0000 0.0000 0.0000 0.0000 0.0000 0.0000 0.0000 0.0000 0.0000
0.0000 0.9947 0.0053 0.0000 0.0000 0.0000 0.0000 0.0000 0.0000 0.0000 0.0000
0.0000 0.0053 0.9943 0.0004 0.0000 0.0000 0.0000 0.0000 0.0000 0.0000 0.0000
0.0000 0.0000 0.0004 0.9043 0.0950 0.0002 0.0000 0.0000 0.0000 0.0000 0.0000
0.0000 0.0000 0.0000 0.0950 0.8444 0.0605 0.0000 0.0000 0.0000 0.0000 0.0000
0.0000 0.0000 0.0000 0.0002 0.0605 0.9111 0.0281 0.0000 0.0000 0.0000 0.0000
0.0000 0.0000 0.0000 0.0000 0.0000 0.0281 0.9494 0.0224 0.0000 0.0000 0.0000
0.0000 0.0000 0.0000 0.0000 0.0000 0.0000 0.0224 0.9607 0.0169 0.0000 0.0000
0.0000 0.0000 0.0000 0.0000 0.0000 0.0000 0.0000 0.0169 0.9728 0.0103 0.0000
0.0000 0.0000 0.0000 0.0000 0.0000 0.0000 0.0000 0.0000 0.0103 0.9897 0.0000
0.0000 0.0000 0.0000 0.0000 0.0000 0.0000 0.0000 0.0000 0.0000 0.0000 1.0000
#DG from neighbouring lambda in kcal/mol
0.0000 0.1000 164.8684 0.9691
0.1000 0.2000 58.0970 0.3236
0.2000 0.3000 -3.6666 1.1789
0.3000 0.4000 -12.0489 0.0693
0.4000 0.5000 -12.1207 0.0904
0.5000 0.6000 -11.9719 0.1376
0.6000 0.7000 -12.1134 0.1552
0.7000 0.8000 -13.5047 0.1800
0.8000 0.9000 -16.2104 0.2314
0.9000 1.0000 -262.8655 0.3910
#PMF from MBAR in kcal/mol
0.0000 0.0000 0.0000
0.1000 164.8684 0.9691
0.2000 222.9653 0.9256
0.3000 219.2988 0.2900
0.4000 207.2499 0.2866
0.5000 195.1292 0.2847
0.6000 183.1572 0.2886
0.7000 171.0438 0.3028
0.8000 157.5391 0.3322
0.9000 141.3287 0.3910
1.0000 -121.5368 0.0000
#TI average gradients and standard deviation in kcal/mol
0.0000 7233.8054 189.6715
0.1000 56.0630 197.3190
0.2000 702.0627 59.4953
0.3000 -106.6612 18.8262
0.4000 -122.1097 17.7322
0.5000 -119.0643 21.4588
0.6000 -124.3801 22.6505
0.7000 -133.7849 27.6732
0.8000 -139.3638 30.4500
0.9000 -190.0065 36.9220
1.0000 -5387.5566 203.4756
#PMF from TI in kcal/mol
0.0000 0.0000
0.1000 364.4934
0.2000 402.3997
0.3000 432.1698
0.4000 420.7312
0.5000 408.6725
0.6000 396.5003
0.7000 383.5921
0.8000 369.9346
0.9000 353.4661
1.0000 74.5880
#MBAR free energy difference in kcal/mol: 
-121.536829, 0.000000 
#TI free energy difference in kcal/mol: 
74.587960  #WARNING SUBSAMPLING GRADIENTS RESULTED IN LESS THAN 50 SAMPLES, CONSIDER RERUN WITHOUT SUBSAMPLE OPTION 
Starting /export/users/common/BioSimSpace/sire.app/bin/analyse_freenrg: number of threads equals 32
