# Analysing data contained in file(s) ['lambda_0.0000/simfile.dat', 'lambda_0.1000/simfile.dat', 'lambda_0.2000/simfile.dat', 'lambda_0.3000/simfile.dat', 'lambda_0.4000/simfile.dat', 'lambda_0.5000/simfile.dat', 'lambda_0.6000/simfile.dat', 'lambda_0.7000/simfile.dat', 'lambda_0.8000/simfile.dat', 'lambda_0.9000/simfile.dat', 'lambda_1.0000/simfile.dat']
#Overlap matrix
1.0000 0.0000 0.0000 0.0000 0.0000 0.0000 0.0000 0.0000 0.0000 0.0000 0.0000
0.0000 0.9936 0.0064 0.0000 0.0000 0.0000 0.0000 0.0000 0.0000 0.0000 0.0000
0.0000 0.0064 0.9104 0.0831 0.0001 0.0000 0.0000 0.0000 0.0000 0.0000 0.0000
0.0000 0.0000 0.0831 0.7829 0.1329 0.0011 0.0000 0.0000 0.0000 0.0000 0.0000
0.0000 0.0000 0.0001 0.1329 0.7104 0.1563 0.0002 0.0000 0.0000 0.0000 0.0000
0.0000 0.0000 0.0000 0.0011 0.1563 0.7534 0.0891 0.0002 0.0000 0.0000 0.0000
0.0000 0.0000 0.0000 0.0000 0.0002 0.0891 0.7948 0.1158 0.0001 0.0000 0.0000
0.0000 0.0000 0.0000 0.0000 0.0000 0.0002 0.1158 0.8257 0.0583 0.0000 0.0000
0.0000 0.0000 0.0000 0.0000 0.0000 0.0000 0.0001 0.0583 0.9376 0.0040 0.0000
0.0000 0.0000 0.0000 0.0000 0.0000 0.0000 0.0000 0.0000 0.0040 0.9960 0.0000
0.0000 0.0000 0.0000 0.0000 0.0000 0.0000 0.0000 0.0000 0.0000 0.0000 1.0000
#DG from neighbouring lambda in kcal/mol
0.0000 0.1000 62.6876 0.3010
0.1000 0.2000 26.0917 0.3137
0.2000 0.3000 17.6354 0.0798
0.3000 0.4000 14.1075 0.0589
0.4000 0.5000 11.7678 0.0526
0.5000 0.6000 8.4481 0.0764
0.6000 0.7000 5.1061 0.0648
0.7000 0.8000 1.1527 0.0981
0.8000 0.9000 -10.1783 0.3957
0.9000 1.0000 -314.5714 0.3718
#PMF from MBAR in kcal/mol
0.0000 0.0000 0.0000
0.1000 62.6876 0.3010
0.2000 88.7794 0.1144
0.3000 106.4148 0.0941
0.4000 120.5223 0.0855
0.5000 132.2900 0.0828
0.6000 140.7381 0.0874
0.7000 145.8442 0.0972
0.8000 146.9969 0.1245
0.9000 136.8185 0.3718
1.0000 -177.7529 0.0000
#TI average gradients and standard deviation in kcal/mol
0.0000 11222.9110 991.8438
0.1000 346.5622 38.5299
0.2000 209.1281 25.3344
0.3000 150.8396 17.6088
0.4000 131.3649 15.9481
0.5000 102.1055 19.1563
0.6000 69.9019 17.8700
0.7000 39.6173 24.3379
0.8000 -25.8946 27.9441
0.9000 -229.1046 53.3799
1.0000 -5312.8897 195.4693
#PMF from TI in kcal/mol
0.0000 0.0000
0.1000 578.4737
0.2000 606.2582
0.3000 624.2566
0.4000 638.3668
0.5000 650.0403
0.6000 658.6407
0.7000 664.1166
0.8000 664.8028
0.9000 652.0528
1.0000 374.9531
#MBAR free energy difference in kcal/mol: 
-177.752906, 0.000000 
#TI free energy difference in kcal/mol: 
374.953085  #WARNING SUBSAMPLING GRADIENTS RESULTED IN LESS THAN 50 SAMPLES, CONSIDER RERUN WITHOUT SUBSAMPLE OPTION 
Starting /export/users/common/BioSimSpace/sire.app/bin/analyse_freenrg: number of threads equals 32
