# Analysing data contained in file(s) ['lambda_0.0000/simfile.dat', 'lambda_0.1000/simfile.dat', 'lambda_0.2000/simfile.dat', 'lambda_0.3000/simfile.dat', 'lambda_0.4000/simfile.dat', 'lambda_0.5000/simfile.dat', 'lambda_0.6000/simfile.dat', 'lambda_0.7000/simfile.dat', 'lambda_0.8000/simfile.dat', 'lambda_0.9000/simfile.dat', 'lambda_1.0000/simfile.dat']
#Overlap matrix
0.9587 0.0413 0.0000 0.0000 0.0000 0.0000 0.0000 0.0000 0.0000 0.0000 0.0000
0.0413 0.9428 0.0159 0.0000 0.0000 0.0000 0.0000 0.0000 0.0000 0.0000 0.0000
0.0000 0.0159 0.9743 0.0098 0.0000 0.0000 0.0000 0.0000 0.0000 0.0000 0.0000
0.0000 0.0000 0.0098 0.9656 0.0246 0.0000 0.0000 0.0000 0.0000 0.0000 0.0000
0.0000 0.0000 0.0000 0.0246 0.8985 0.0749 0.0019 0.0000 0.0000 0.0000 0.0000
0.0000 0.0000 0.0000 0.0000 0.0749 0.7930 0.1310 0.0011 0.0000 0.0000 0.0000
0.0000 0.0000 0.0000 0.0000 0.0019 0.1310 0.8034 0.0637 0.0000 0.0000 0.0000
0.0000 0.0000 0.0000 0.0000 0.0000 0.0011 0.0637 0.9104 0.0249 0.0000 0.0000
0.0000 0.0000 0.0000 0.0000 0.0000 0.0000 0.0000 0.0249 0.9511 0.0240 0.0000
0.0000 0.0000 0.0000 0.0000 0.0000 0.0000 0.0000 0.0000 0.0240 0.9570 0.0190
0.0000 0.0000 0.0000 0.0000 0.0000 0.0000 0.0000 0.0000 0.0000 0.0190 0.9810
#DG from neighbouring lambda in kcal/mol
0.0000 0.1000 -13.5522 0.1188
0.1000 0.2000 -10.8861 0.1964
0.2000 0.3000 -10.4883 0.2518
0.3000 0.4000 -7.1916 0.1565
0.4000 0.5000 -3.4189 0.0836
0.5000 0.6000 0.3064 0.0589
0.6000 0.7000 2.9158 0.0923
0.7000 0.8000 3.8199 0.1557
0.8000 0.9000 4.4556 0.1586
0.9000 1.0000 6.7949 0.1793
#PMF from MBAR in kcal/mol
0.0000 0.0000 0.0000
0.1000 -13.5522 0.1188
0.2000 -24.4383 0.2323
0.3000 -34.9266 0.3444
0.4000 -42.1182 0.3800
0.5000 -45.5371 0.3907
0.6000 -45.2308 0.3964
0.7000 -42.3149 0.4084
0.8000 -38.4950 0.4384
0.9000 -34.0394 0.4676
1.0000 -27.2444 0.5021
#TI average gradients and standard deviation in kcal/mol
0.0000 -179.3620 25.3512
0.1000 -113.3350 25.9103
0.2000 -105.4943 30.0661
0.3000 -95.2942 29.7062
0.4000 -53.6610 25.8123
0.5000 -12.8880 17.9274
0.6000 18.9598 18.9469
0.7000 35.9070 24.3336
0.8000 40.3769 25.5820
0.9000 50.7506 26.6968
1.0000 99.2486 26.7220
#PMF from TI in kcal/mol
0.0000 0.0000
0.1000 -14.6348
0.2000 -25.5763
0.3000 -35.6157
0.4000 -43.0635
0.5000 -46.3910
0.6000 -46.0874
0.7000 -43.3440
0.8000 -39.5298
0.9000 -34.9734
1.0000 -27.4735
#MBAR free energy difference in kcal/mol: 
-27.244413, 0.502074 
#TI free energy difference in kcal/mol: 
-27.473486  
Starting /export/users/common/BioSimSpace/sire.app/bin/analyse_freenrg: number of threads equals 32
