# Analysing data contained in file(s) ['lambda_0.0000/simfile.dat', 'lambda_0.1000/simfile.dat', 'lambda_0.2000/simfile.dat', 'lambda_0.3000/simfile.dat', 'lambda_0.4000/simfile.dat', 'lambda_0.5000/simfile.dat', 'lambda_0.6000/simfile.dat', 'lambda_0.7000/simfile.dat', 'lambda_0.8000/simfile.dat', 'lambda_0.9000/simfile.dat', 'lambda_1.0000/simfile.dat']
#Overlap matrix
0.9464 0.0536 0.0000 0.0000 0.0000 0.0000 0.0000 0.0000 0.0000 0.0000 0.0000
0.0536 0.8928 0.0536 0.0000 0.0000 0.0000 0.0000 0.0000 0.0000 0.0000 0.0000
0.0000 0.0536 0.8912 0.0552 0.0000 0.0000 0.0000 0.0000 0.0000 0.0000 0.0000
0.0000 0.0000 0.0552 0.9033 0.0415 0.0000 0.0000 0.0000 0.0000 0.0000 0.0000
0.0000 0.0000 0.0000 0.0415 0.9281 0.0303 0.0000 0.0000 0.0000 0.0000 0.0000
0.0000 0.0000 0.0000 0.0000 0.0303 0.9341 0.0345 0.0010 0.0000 0.0000 0.0000
0.0000 0.0000 0.0000 0.0000 0.0000 0.0345 0.8152 0.1476 0.0027 0.0000 0.0000
0.0000 0.0000 0.0000 0.0000 0.0000 0.0010 0.1476 0.6884 0.1598 0.0033 0.0000
0.0000 0.0000 0.0000 0.0000 0.0000 0.0000 0.0027 0.1598 0.6575 0.1746 0.0054
0.0000 0.0000 0.0000 0.0000 0.0000 0.0000 0.0000 0.0033 0.1746 0.6146 0.2075
0.0000 0.0000 0.0000 0.0000 0.0000 0.0000 0.0000 0.0000 0.0054 0.2075 0.7871
#DG from neighbouring lambda in kcal/mol
0.0000 0.1000 -10.6928 0.1013
0.1000 0.2000 -5.8956 0.1013
0.2000 0.3000 -4.7880 0.0996
0.3000 0.4000 -4.3200 0.1166
0.4000 0.5000 -4.3873 0.1381
0.5000 0.6000 -3.4954 0.1269
0.6000 0.7000 0.1764 0.0533
0.7000 0.8000 1.2133 0.0499
0.8000 0.9000 0.4619 0.0462
0.9000 1.0000 -0.3027 0.0408
#PMF from MBAR in kcal/mol
0.0000 0.0000 0.0000
0.1000 -10.6928 0.1013
0.2000 -16.5885 0.1474
0.3000 -21.3764 0.1813
0.4000 -25.6965 0.2184
0.5000 -30.0837 0.2608
0.6000 -33.5791 0.2921
0.7000 -33.4028 0.2986
0.8000 -32.1894 0.3045
0.9000 -31.7276 0.3098
1.0000 -32.0302 0.3141
#TI average gradients and standard deviation in kcal/mol
0.0000 -170.7760 23.4130
0.1000 -70.3805 21.4034
0.2000 -53.2427 22.4442
0.3000 -43.0720 23.4286
0.4000 -41.3954 25.6561
0.5000 -42.6227 27.0146
0.6000 -17.8480 19.7422
0.7000 13.0593 15.5589
0.8000 10.0951 15.0350
0.9000 0.9580 14.4619
1.0000 10.0685 12.0756
#PMF from TI in kcal/mol
0.0000 0.0000
0.1000 -12.0578
0.2000 -18.2390
0.3000 -23.0547
0.4000 -27.2781
0.5000 -31.4790
0.6000 -34.5025
0.7000 -34.7420
0.8000 -33.5843
0.9000 -33.0316
1.0000 -32.4803
#MBAR free energy difference in kcal/mol: 
-32.030246, 0.314139 
#TI free energy difference in kcal/mol: 
-32.480271  
Starting /export/users/common/BioSimSpace/sire.app/bin/analyse_freenrg: number of threads equals 32
