# Analysing data contained in file(s) ['lambda_0.0000/simfile.dat', 'lambda_0.1000/simfile.dat', 'lambda_0.2000/simfile.dat', 'lambda_0.3000/simfile.dat', 'lambda_0.4000/simfile.dat', 'lambda_0.5000/simfile.dat', 'lambda_0.6000/simfile.dat', 'lambda_0.7000/simfile.dat', 'lambda_0.8000/simfile.dat', 'lambda_0.9000/simfile.dat', 'lambda_1.0000/simfile.dat']
#Overlap matrix
0.9911 0.0089 0.0000 0.0000 0.0000 0.0000 0.0000 0.0000 0.0000 0.0000 0.0000
0.0089 0.9764 0.0147 0.0000 0.0000 0.0000 0.0000 0.0000 0.0000 0.0000 0.0000
0.0000 0.0147 0.9305 0.0546 0.0002 0.0000 0.0000 0.0000 0.0000 0.0000 0.0000
0.0000 0.0000 0.0546 0.8537 0.0917 0.0000 0.0000 0.0000 0.0000 0.0000 0.0000
0.0000 0.0000 0.0002 0.0917 0.9082 0.0000 0.0000 0.0000 0.0000 0.0000 0.0000
0.0000 0.0000 0.0000 0.0000 0.0000 1.0000 0.0000 0.0000 0.0000 0.0000 0.0000
0.0000 0.0000 0.0000 0.0000 0.0000 0.0000 1.0000 0.0000 0.0000 0.0000 0.0000
0.0000 0.0000 0.0000 0.0000 0.0000 0.0000 0.0000 1.0000 0.0000 0.0000 0.0000
0.0000 0.0000 0.0000 0.0000 0.0000 0.0000 0.0000 0.0000 1.0000 0.0000 0.0000
0.0000 0.0000 0.0000 0.0000 0.0000 0.0000 0.0000 0.0000 0.0000 1.0000 0.0000
0.0000 0.0000 0.0000 0.0000 0.0000 0.0000 0.0000 0.0000 0.0000 0.0000 1.0000
#DG from neighbouring lambda in kcal/mol
0.0000 0.1000 1.4586 0.2441
0.1000 0.2000 -13.4170 0.1892
0.2000 0.3000 -26.4111 0.0938
0.3000 0.4000 -26.9736 0.0693
0.4000 0.5000 0.8730 9.0764
0.5000 0.6000 2.8379 18.1511
0.6000 0.7000 43.5869 9.1175
0.7000 0.8000 18.6855 739.7447
0.8000 0.9000 13.7186 1107.8650
0.9000 1.0000 15.7816 4.8613
#PMF from MBAR in kcal/mol
0.0000 0.0000 0.0000
0.1000 1.4586 0.2441
0.2000 -11.9584 0.3106
0.3000 -38.3695 0.3261
0.4000 -65.3431 0.3349
0.5000 -64.4700 9.0785
0.6000 -61.6322 9.0785
0.7000 -18.0452 0.9037
0.8000 0.6403 738.8710
0.9000 14.3589 368.9994
1.0000 30.1406 369.0101
#TI average gradients and standard deviation in kcal/mol
0.0000 34.1199 26.2999
0.1000 -53.8118 33.1460
0.2000 -208.1253 29.9126
0.3000 -298.6048 20.5543
0.4000 -166.4437 29.8158
0.5000 -160.0937 34.7893
0.6000 287.0005 69.4376
0.7000 152.0609 64.6762
0.8000 107.9344 59.7776
0.9000 76.9828 54.4481
1.0000 301.2554 44.3786
#PMF from TI in kcal/mol
0.0000 0.0000
0.1000 -0.9846
0.2000 -14.0814
0.3000 -39.4180
0.4000 -62.6704
0.5000 -78.9972
0.6000 -72.6519
0.7000 -50.6988
0.8000 -37.6991
0.9000 -28.4532
1.0000 -9.5413
#MBAR free energy difference in kcal/mol: 
30.140553, 369.010086 
#TI free energy difference in kcal/mol: 
-9.541297  #WARNING SUBSAMPLING GRADIENTS RESULTED IN LESS THAN 50 SAMPLES, CONSIDER RERUN WITHOUT SUBSAMPLE OPTION 
Starting /export/users/common/BioSimSpace/sire.app/bin/analyse_freenrg: number of threads equals 32
