# Analysing data contained in file(s) ['lambda_0.0000/simfile.dat', 'lambda_0.1000/simfile.dat', 'lambda_0.2000/simfile.dat', 'lambda_0.3000/simfile.dat', 'lambda_0.4000/simfile.dat', 'lambda_0.5000/simfile.dat', 'lambda_0.6000/simfile.dat', 'lambda_0.7000/simfile.dat', 'lambda_0.8000/simfile.dat', 'lambda_0.9000/simfile.dat', 'lambda_1.0000/simfile.dat']
#Overlap matrix
0.8981 0.1000 0.0019 0.0000 0.0000 0.0000 0.0000 0.0000 0.0000 0.0000 0.0000
0.1000 0.7025 0.1845 0.0128 0.0003 0.0000 0.0000 0.0000 0.0000 0.0000 0.0000
0.0019 0.1845 0.5672 0.2254 0.0206 0.0004 0.0000 0.0000 0.0000 0.0000 0.0000
0.0000 0.0128 0.2254 0.5115 0.2274 0.0224 0.0004 0.0000 0.0000 0.0000 0.0000
0.0000 0.0003 0.0206 0.2274 0.4998 0.2300 0.0215 0.0004 0.0000 0.0000 0.0000
0.0000 0.0000 0.0004 0.0224 0.2300 0.5021 0.2258 0.0190 0.0003 0.0000 0.0000
0.0000 0.0000 0.0000 0.0004 0.0215 0.2258 0.5128 0.2225 0.0167 0.0002 0.0000
0.0000 0.0000 0.0000 0.0000 0.0004 0.0190 0.2225 0.5228 0.2195 0.0158 0.0002
0.0000 0.0000 0.0000 0.0000 0.0000 0.0003 0.0167 0.2195 0.5298 0.2197 0.0140
0.0000 0.0000 0.0000 0.0000 0.0000 0.0000 0.0002 0.0158 0.2197 0.5404 0.2240
0.0000 0.0000 0.0000 0.0000 0.0000 0.0000 0.0000 0.0002 0.0140 0.2240 0.7619
#DG from neighbouring lambda in kcal/mol
0.0000 0.1000 -1.6060 0.0242
0.1000 0.2000 0.9934 0.0151
0.2000 0.3000 1.9990 0.0119
0.3000 0.4000 2.2557 0.0114
0.4000 0.5000 2.2639 0.0112
0.5000 0.6000 2.2373 0.0116
0.6000 0.7000 2.1943 0.0119
0.7000 0.8000 2.1538 0.0122
0.8000 0.9000 2.1597 0.0123
0.9000 1.0000 2.1796 0.0129
#PMF from MBAR in kcal/mol
0.0000 0.0000 0.0000
0.1000 -1.6060 0.0242
0.2000 -0.6127 0.0308
0.3000 1.3863 0.0346
0.4000 3.6420 0.0379
0.5000 5.9060 0.0408
0.6000 8.1432 0.0437
0.7000 10.3375 0.0465
0.8000 12.4912 0.0492
0.9000 14.6509 0.0518
1.0000 16.8305 0.0545
#TI average gradients and standard deviation in kcal/mol
0.0000 -39.5944 21.2029
0.1000 0.7813 15.3126
0.2000 16.7848 11.7407
0.3000 22.0571 10.7705
0.4000 22.9436 10.4541
0.5000 22.3671 10.4277
0.6000 22.1589 10.8552
0.7000 21.6160 11.3248
0.8000 21.5304 11.2639
0.9000 21.5772 11.8259
1.0000 23.5947 11.6991
#PMF from TI in kcal/mol
0.0000 0.0000
0.1000 -1.9407
0.2000 -1.0623
0.3000 0.8798
0.4000 3.1298
0.5000 5.3953
0.6000 7.6216
0.7000 9.8104
0.8000 11.9677
0.9000 14.1231
1.0000 16.3817
#MBAR free energy difference in kcal/mol: 
16.830544, 0.054462  #WARNING SUBSAMPLING DISABLED, CONSIDER RERUN WITH SUBSAMPLING OPTION
#TI free energy difference in kcal/mol: 
16.381673  #WARNING SUBSAMPLING DISABLED, CONSIDER RERUN WITH SUBSAMPLING OPTION 
Starting /export/users/common/BioSimSpace/sire.app/bin/analyse_freenrg: number of threads equals 32
