# Analysing data contained in file(s) ['lambda_0.0000/simfile.dat', 'lambda_0.1000/simfile.dat', 'lambda_0.2000/simfile.dat', 'lambda_0.3000/simfile.dat', 'lambda_0.4000/simfile.dat', 'lambda_0.5000/simfile.dat', 'lambda_0.6000/simfile.dat', 'lambda_0.7000/simfile.dat', 'lambda_0.8000/simfile.dat', 'lambda_0.9000/simfile.dat', 'lambda_1.0000/simfile.dat']
#Overlap matrix
1.0000 0.0000 0.0000 0.0000 0.0000 0.0000 0.0000 0.0000 0.0000 0.0000 0.0000
0.0000 0.9966 0.0034 0.0000 0.0000 0.0000 0.0000 0.0000 0.0000 0.0000 0.0000
0.0000 0.0034 0.9265 0.0700 0.0001 0.0000 0.0000 0.0000 0.0000 0.0000 0.0000
0.0000 0.0000 0.0700 0.7973 0.1317 0.0010 0.0000 0.0000 0.0000 0.0000 0.0000
0.0000 0.0000 0.0001 0.1317 0.7108 0.1557 0.0018 0.0000 0.0000 0.0000 0.0000
0.0000 0.0000 0.0000 0.0010 0.1557 0.6822 0.1598 0.0013 0.0000 0.0000 0.0000
0.0000 0.0000 0.0000 0.0000 0.0018 0.1598 0.6971 0.1410 0.0003 0.0000 0.0000
0.0000 0.0000 0.0000 0.0000 0.0000 0.0013 0.1410 0.7603 0.0973 0.0000 0.0000
0.0000 0.0000 0.0000 0.0000 0.0000 0.0000 0.0003 0.0973 0.8835 0.0189 0.0000
0.0000 0.0000 0.0000 0.0000 0.0000 0.0000 0.0000 0.0000 0.0189 0.9811 0.0000
0.0000 0.0000 0.0000 0.0000 0.0000 0.0000 0.0000 0.0000 0.0000 0.0000 1.0000
#DG from neighbouring lambda in kcal/mol
0.0000 0.1000 48.3783 0.1362
0.1000 0.2000 6.5797 0.1477
0.2000 0.3000 -3.9016 0.0303
0.3000 0.4000 -8.4183 0.0203
0.4000 0.5000 -11.5395 0.0180
0.5000 0.6000 -14.3148 0.0176
0.6000 0.7000 -17.2914 0.0194
0.7000 0.8000 -21.0953 0.0248
0.8000 0.9000 -28.0894 0.0617
0.9000 1.0000 -722.5055 0.0661
#PMF from MBAR in kcal/mol
0.0000 0.0000 0.0000
0.1000 48.3783 0.1362
0.2000 54.9580 0.0384
0.3000 51.0564 0.0297
0.4000 42.6381 0.0264
0.5000 31.0986 0.0255
0.6000 16.7838 0.0264
0.7000 -0.5076 0.0295
0.8000 -21.6028 0.0359
0.9000 -49.6922 0.0661
1.0000 -772.1977 0.0000
#TI average gradients and standard deviation in kcal/mol
0.0000 5345.1418 152.7747
0.1000 188.4993 49.1922
0.2000 -5.9412 23.9437
0.3000 -65.5767 17.6992
0.4000 -100.8399 15.3233
0.5000 -129.4023 14.6417
0.6000 -157.4056 15.1908
0.7000 -189.6216 16.5005
0.8000 -236.3307 20.7566
0.9000 -350.4067 37.5273
1.0000 -9387.9523 350.1773
#PMF from TI in kcal/mol
0.0000 0.0000
0.1000 276.6821
0.2000 285.8100
0.3000 282.2341
0.4000 273.9132
0.5000 262.4011
0.6000 248.0607
0.7000 230.7094
0.8000 209.4118
0.9000 180.0749
1.0000 -306.8431
#MBAR free energy difference in kcal/mol: 
-772.197689, 0.000000  #WARNING SUBSAMPLING DISABLED, CONSIDER RERUN WITH SUBSAMPLING OPTION
#TI free energy difference in kcal/mol: 
-306.843068  #WARNING SUBSAMPLING DISABLED, CONSIDER RERUN WITH SUBSAMPLING OPTION 
Starting /export/users/common/BioSimSpace/sire.app/bin/analyse_freenrg: number of threads equals 32
