# Analysing data contained in file(s) ['lambda_0.0000/simfile.dat', 'lambda_0.1000/simfile.dat', 'lambda_0.2000/simfile.dat', 'lambda_0.3000/simfile.dat', 'lambda_0.4000/simfile.dat', 'lambda_0.5000/simfile.dat', 'lambda_0.6000/simfile.dat', 'lambda_0.7000/simfile.dat', 'lambda_0.8000/simfile.dat', 'lambda_0.9000/simfile.dat', 'lambda_1.0000/simfile.dat']
#Overlap matrix
0.7298 0.2348 0.0337 0.0017 0.0000 0.0000 0.0000 0.0000 0.0000 0.0000 0.0000
0.2348 0.4730 0.2474 0.0426 0.0022 0.0000 0.0000 0.0000 0.0000 0.0000 0.0000
0.0337 0.2474 0.4361 0.2419 0.0393 0.0016 0.0000 0.0000 0.0000 0.0000 0.0000
0.0017 0.0426 0.2419 0.4410 0.2388 0.0330 0.0011 0.0000 0.0000 0.0000 0.0000
0.0000 0.0022 0.0393 0.2388 0.4561 0.2347 0.0283 0.0007 0.0000 0.0000 0.0000
0.0000 0.0000 0.0016 0.0330 0.2347 0.4734 0.2340 0.0231 0.0003 0.0000 0.0000
0.0000 0.0000 0.0000 0.0011 0.0283 0.2340 0.4976 0.2261 0.0129 0.0000 0.0000
0.0000 0.0000 0.0000 0.0000 0.0007 0.0231 0.2261 0.5493 0.1994 0.0015 0.0000
0.0000 0.0000 0.0000 0.0000 0.0000 0.0003 0.0129 0.1994 0.6797 0.1075 0.0002
0.0000 0.0000 0.0000 0.0000 0.0000 0.0000 0.0000 0.0015 0.1075 0.7725 0.1185
0.0000 0.0000 0.0000 0.0000 0.0000 0.0000 0.0000 0.0000 0.0002 0.1185 0.8813
#DG from neighbouring lambda in kcal/mol
0.0000 0.1000 0.1917 0.0115
0.1000 0.2000 4.0204 0.0093
0.2000 0.3000 4.6474 0.0093
0.3000 0.4000 4.6576 0.0097
0.4000 0.5000 4.5456 0.0103
0.5000 0.6000 4.4256 0.0107
0.6000 0.7000 4.2697 0.0117
0.7000 0.8000 3.8132 0.0142
0.8000 0.9000 2.0163 0.0232
0.9000 1.0000 -0.9152 0.0219
#PMF from MBAR in kcal/mol
0.0000 0.0000 0.0000
0.1000 0.1917 0.0115
0.2000 4.2122 0.0175
0.3000 8.8596 0.0219
0.4000 13.5173 0.0258
0.5000 18.0628 0.0295
0.6000 22.4884 0.0329
0.7000 26.7581 0.0364
0.8000 30.5713 0.0406
0.9000 32.5876 0.0482
1.0000 31.6725 0.0543
#TI average gradients and standard deviation in kcal/mol
0.0000 -46.1948 13.5244
0.1000 30.9094 9.5337
0.2000 45.2930 9.3432
0.3000 47.1050 9.4337
0.4000 45.9365 10.0364
0.5000 44.9543 10.3393
0.6000 43.8161 10.6187
0.7000 41.2678 11.6631
0.8000 33.1826 14.6652
0.9000 4.6159 17.3438
1.0000 -21.5377 16.7927
#PMF from TI in kcal/mol
0.0000 0.0000
0.1000 -0.7643
0.2000 3.0459
0.3000 7.6658
0.4000 12.3178
0.5000 16.8624
0.6000 21.3009
0.7000 25.5551
0.8000 29.2776
0.9000 31.1675
1.0000 30.3214
#MBAR free energy difference in kcal/mol: 
31.672472, 0.054301  #WARNING SUBSAMPLING DISABLED, CONSIDER RERUN WITH SUBSAMPLING OPTION
#TI free energy difference in kcal/mol: 
30.321448  #WARNING SUBSAMPLING DISABLED, CONSIDER RERUN WITH SUBSAMPLING OPTION 
Starting /export/users/common/BioSimSpace/sire.app/bin/analyse_freenrg: number of threads equals 32
