# Analysing data contained in file(s) ['lambda_0.0000/simfile.dat', 'lambda_0.1000/simfile.dat', 'lambda_0.2000/simfile.dat', 'lambda_0.3000/simfile.dat', 'lambda_0.4000/simfile.dat', 'lambda_0.5000/simfile.dat', 'lambda_0.6000/simfile.dat', 'lambda_0.7000/simfile.dat', 'lambda_0.8000/simfile.dat', 'lambda_0.9000/simfile.dat', 'lambda_1.0000/simfile.dat']
#Overlap matrix
0.8976 0.1023 0.0001 0.0000 0.0000 0.0000 0.0000 0.0000 0.0000 0.0000 0.0000
0.1023 0.7912 0.1063 0.0002 0.0000 0.0000 0.0000 0.0000 0.0000 0.0000 0.0000
0.0001 0.1063 0.7773 0.1160 0.0003 0.0000 0.0000 0.0000 0.0000 0.0000 0.0000
0.0000 0.0002 0.1160 0.7648 0.1186 0.0004 0.0000 0.0000 0.0000 0.0000 0.0000
0.0000 0.0000 0.0003 0.1186 0.7571 0.1235 0.0005 0.0000 0.0000 0.0000 0.0000
0.0000 0.0000 0.0000 0.0004 0.1235 0.7482 0.1273 0.0006 0.0000 0.0000 0.0000
0.0000 0.0000 0.0000 0.0000 0.0005 0.1273 0.7354 0.1360 0.0008 0.0000 0.0000
0.0000 0.0000 0.0000 0.0000 0.0000 0.0006 0.1360 0.7254 0.1371 0.0008 0.0000
0.0000 0.0000 0.0000 0.0000 0.0000 0.0000 0.0008 0.1371 0.7189 0.1420 0.0012
0.0000 0.0000 0.0000 0.0000 0.0000 0.0000 0.0000 0.0008 0.1420 0.7073 0.1499
0.0000 0.0000 0.0000 0.0000 0.0000 0.0000 0.0000 0.0000 0.0012 0.1499 0.8489
#DG from neighbouring lambda in kcal/mol
0.0000 0.1000 -0.2548 0.0241
0.1000 0.2000 -0.3657 0.0235
0.2000 0.3000 -0.6272 0.0222
0.3000 0.4000 -0.9354 0.0219
0.4000 0.5000 -1.2987 0.0213
0.5000 0.6000 -1.6230 0.0208
0.6000 0.7000 -1.9517 0.0199
0.7000 0.8000 -2.2688 0.0197
0.8000 0.9000 -2.6460 0.0192
0.9000 1.0000 -2.9426 0.0186
#PMF from MBAR in kcal/mol
0.0000 0.0000 0.0000
0.1000 -0.2548 0.0241
0.2000 -0.6205 0.0358
0.3000 -1.2477 0.0438
0.4000 -2.1831 0.0504
0.5000 -3.4819 0.0561
0.6000 -5.1048 0.0610
0.7000 -7.0565 0.0653
0.8000 -9.3253 0.0692
0.9000 -11.9713 0.0729
1.0000 -14.9140 0.0761
#TI average gradients and standard deviation in kcal/mol
0.0000 -3.0036 18.4093
0.1000 -2.3854 17.6144
0.2000 -4.9199 17.1684
0.3000 -7.6944 16.8724
0.4000 -11.2704 16.7801
0.5000 -14.5426 16.2590
0.6000 -18.0785 15.8996
0.7000 -20.9943 15.8183
0.8000 -24.5493 15.6582
0.9000 -27.9942 15.0786
1.0000 -30.5765 15.1856
#PMF from TI in kcal/mol
0.0000 0.0000
0.1000 -0.2694
0.2000 -0.6347
0.3000 -1.2654
0.4000 -2.2137
0.5000 -3.5043
0.6000 -5.1354
0.7000 -7.0890
0.8000 -9.3662
0.9000 -11.9934
1.0000 -14.9219
#MBAR free energy difference in kcal/mol: 
-14.913974, 0.076121  #WARNING SUBSAMPLING DISABLED, CONSIDER RERUN WITH SUBSAMPLING OPTION
#TI free energy difference in kcal/mol: 
-14.921896  #WARNING SUBSAMPLING DISABLED, CONSIDER RERUN WITH SUBSAMPLING OPTION 
Starting /export/users/common/BioSimSpace/sire.app/bin/analyse_freenrg: number of threads equals 32
