# Analysing data contained in file(s) ['lambda_0.0000/simfile.dat', 'lambda_0.1000/simfile.dat', 'lambda_0.2000/simfile.dat', 'lambda_0.3000/simfile.dat', 'lambda_0.4000/simfile.dat', 'lambda_0.5000/simfile.dat', 'lambda_0.6000/simfile.dat', 'lambda_0.7000/simfile.dat', 'lambda_0.8000/simfile.dat', 'lambda_0.9000/simfile.dat', 'lambda_1.0000/simfile.dat']
#Overlap matrix
0.8076 0.1885 0.0039 0.0000 0.0000 0.0000 0.0000 0.0000 0.0000 0.0000 0.0000
0.1885 0.6304 0.1766 0.0045 0.0000 0.0000 0.0000 0.0000 0.0000 0.0000 0.0000
0.0039 0.1766 0.6252 0.1882 0.0061 0.0000 0.0000 0.0000 0.0000 0.0000 0.0000
0.0000 0.0045 0.1882 0.6038 0.1958 0.0077 0.0000 0.0000 0.0000 0.0000 0.0000
0.0000 0.0000 0.0061 0.1958 0.5882 0.2016 0.0082 0.0001 0.0000 0.0000 0.0000
0.0000 0.0000 0.0000 0.0077 0.2016 0.5789 0.2018 0.0099 0.0001 0.0000 0.0000
0.0000 0.0000 0.0000 0.0000 0.0082 0.2018 0.5697 0.2097 0.0106 0.0001 0.0000
0.0000 0.0000 0.0000 0.0000 0.0001 0.0099 0.2097 0.5630 0.2081 0.0092 0.0000
0.0000 0.0000 0.0000 0.0000 0.0000 0.0001 0.0106 0.2081 0.5740 0.2020 0.0053
0.0000 0.0000 0.0000 0.0000 0.0000 0.0000 0.0001 0.0092 0.2020 0.6248 0.1639
0.0000 0.0000 0.0000 0.0000 0.0000 0.0000 0.0000 0.0000 0.0053 0.1639 0.8308
#DG from neighbouring lambda in kcal/mol
0.0000 0.1000 -0.1092 0.0155
0.1000 0.2000 -0.1319 0.0160
0.2000 0.3000 -0.1956 0.0151
0.3000 0.4000 -0.1844 0.0144
0.4000 0.5000 -0.1323 0.0140
0.5000 0.6000 -0.1357 0.0138
0.6000 0.7000 -0.0949 0.0133
0.7000 0.8000 0.0596 0.0134
0.8000 0.9000 0.6540 0.0140
0.9000 1.0000 2.8364 0.0171
#PMF from MBAR in kcal/mol
0.0000 0.0000 0.0000
0.1000 -0.1092 0.0155
0.2000 -0.2411 0.0251
0.3000 -0.4367 0.0314
0.4000 -0.6211 0.0364
0.5000 -0.7533 0.0405
0.6000 -0.8890 0.0443
0.7000 -0.9840 0.0475
0.8000 -0.9244 0.0506
0.9000 -0.2704 0.0536
1.0000 2.5660 0.0574
#TI average gradients and standard deviation in kcal/mol
0.0000 -3.8615 13.7935
0.1000 -0.2090 13.7098
0.2000 -2.0611 12.9902
0.3000 -1.9345 12.6316
0.4000 -1.7527 12.5345
0.5000 -1.1392 12.5975
0.6000 -1.3562 11.9882
0.7000 -0.4223 11.7212
0.8000 2.1171 12.1499
0.9000 13.4330 13.2596
1.0000 51.7525 18.4962
#PMF from TI in kcal/mol
0.0000 0.0000
0.1000 -0.2035
0.2000 -0.3170
0.3000 -0.5168
0.4000 -0.7012
0.5000 -0.8458
0.6000 -0.9705
0.7000 -1.0595
0.8000 -0.9747
0.9000 -0.1972
1.0000 3.0621
#MBAR free energy difference in kcal/mol: 
2.566049, 0.057415  #WARNING SUBSAMPLING DISABLED, CONSIDER RERUN WITH SUBSAMPLING OPTION
#TI free energy difference in kcal/mol: 
3.062062  #WARNING SUBSAMPLING DISABLED, CONSIDER RERUN WITH SUBSAMPLING OPTION 
Starting /export/users/common/BioSimSpace/sire.app/bin/analyse_freenrg: number of threads equals 32
