# Analysing data contained in file(s) ['lambda_0.0000/simfile.dat', 'lambda_0.1000/simfile.dat', 'lambda_0.2000/simfile.dat', 'lambda_0.3000/simfile.dat', 'lambda_0.4000/simfile.dat', 'lambda_0.5000/simfile.dat', 'lambda_0.6000/simfile.dat', 'lambda_0.7000/simfile.dat', 'lambda_0.8000/simfile.dat', 'lambda_0.9000/simfile.dat', 'lambda_1.0000/simfile.dat']
#Overlap matrix
1.0000 0.0000 0.0000 0.0000 0.0000 0.0000 0.0000 0.0000 0.0000 0.0000 0.0000
0.0000 1.0000 0.0000 0.0000 0.0000 0.0000 0.0000 0.0000 0.0000 0.0000 0.0000
0.0000 0.0000 1.0000 0.0000 0.0000 0.0000 0.0000 0.0000 0.0000 0.0000 0.0000
0.0000 0.0000 0.0000 1.0000 0.0000 0.0000 0.0000 0.0000 0.0000 0.0000 0.0000
0.0000 0.0000 0.0000 0.0000 0.9995 0.0003 0.0001 0.0000 0.0000 0.0000 0.0000
0.0000 0.0000 0.0000 0.0000 0.0003 0.9646 0.0348 0.0002 0.0000 0.0000 0.0000
0.0000 0.0000 0.0000 0.0000 0.0001 0.0348 0.8207 0.1444 0.0000 0.0000 0.0000
0.0000 0.0000 0.0000 0.0000 0.0000 0.0002 0.1444 0.8542 0.0012 0.0000 0.0000
0.0000 0.0000 0.0000 0.0000 0.0000 0.0000 0.0000 0.0012 0.9988 0.0000 0.0000
0.0000 0.0000 0.0000 0.0000 0.0000 0.0000 0.0000 0.0000 0.0000 0.8632 0.1368
0.0000 0.0000 0.0000 0.0000 0.0000 0.0000 0.0000 0.0000 0.0000 0.1368 0.8632
#DG from neighbouring lambda in kcal/mol
0.0000 0.1000 -16.2113 69.8065
0.1000 0.2000 -16.4745 34.9165
0.2000 0.3000 -22.6212 0.0088
0.3000 0.4000 -32.0197 104.0288
0.4000 0.5000 12.1033 0.4039
0.5000 0.6000 45.1129 0.0445
0.6000 0.7000 44.0785 0.0192
0.7000 0.8000 35.3838 0.2506
0.8000 0.9000 14.3635 364.0964
0.9000 1.0000 1.4600 0.0199
#PMF from MBAR in kcal/mol
0.0000 0.0000 0.0000
0.1000 -16.2113 69.8065
0.2000 -32.6858 34.8900
0.3000 -55.3069 34.8989
0.4000 -87.3266 109.7265
0.5000 -75.2233 109.7260
0.6000 -30.1104 109.7260
0.7000 13.9682 109.7260
0.8000 49.3520 109.7260
0.9000 63.7155 262.3994
1.0000 65.1755 262.3994
#TI average gradients and standard deviation in kcal/mol
0.0000 -163.1120 52.4291
0.1000 -125.1202 55.7310
0.2000 -127.0207 62.8315
0.3000 -171.2442 75.8504
0.4000 -417.9244 106.0734
0.5000 568.0010 55.7990
0.6000 454.5118 14.4364
0.7000 420.6742 16.9908
0.8000 288.0156 15.9289
0.9000 13.3079 15.2970
1.0000 17.3194 17.4564
#PMF from TI in kcal/mol
0.0000 0.0000
0.1000 -14.4116
0.2000 -27.0187
0.3000 -41.9319
0.4000 -71.3903
0.5000 -63.8865
0.6000 -12.7609
0.7000 30.9984
0.8000 66.4329
0.9000 81.4991
1.0000 83.0305
#MBAR free energy difference in kcal/mol: 
65.175494, 262.399435  #WARNING SUBSAMPLING DISABLED, CONSIDER RERUN WITH SUBSAMPLING OPTION
#TI free energy difference in kcal/mol: 
83.030457  #WARNING SUBSAMPLING DISABLED, CONSIDER RERUN WITH SUBSAMPLING OPTION 
Starting /export/users/common/BioSimSpace/sire.app/bin/analyse_freenrg: number of threads equals 32
