# Analysing data contained in file(s) ['lambda_0.0000/simfile.dat', 'lambda_0.1000/simfile.dat', 'lambda_0.2000/simfile.dat', 'lambda_0.3000/simfile.dat', 'lambda_0.4000/simfile.dat', 'lambda_0.5000/simfile.dat', 'lambda_0.6000/simfile.dat', 'lambda_0.7000/simfile.dat', 'lambda_0.8000/simfile.dat', 'lambda_0.9000/simfile.dat', 'lambda_1.0000/simfile.dat']
#Overlap matrix
0.7969 0.1882 0.0144 0.0004 0.0000 0.0000 0.0000 0.0000 0.0000 0.0000 0.0000
0.1882 0.5771 0.2165 0.0178 0.0004 0.0000 0.0000 0.0000 0.0000 0.0000 0.0000
0.0144 0.2165 0.5189 0.2261 0.0234 0.0006 0.0000 0.0000 0.0000 0.0000 0.0000
0.0004 0.0178 0.2261 0.4965 0.2328 0.0257 0.0006 0.0000 0.0000 0.0000 0.0000
0.0000 0.0004 0.0234 0.2328 0.4931 0.2272 0.0225 0.0006 0.0000 0.0000 0.0000
0.0000 0.0000 0.0006 0.0257 0.2272 0.5044 0.2211 0.0204 0.0005 0.0000 0.0000
0.0000 0.0000 0.0000 0.0006 0.0225 0.2211 0.5277 0.2125 0.0153 0.0002 0.0000
0.0000 0.0000 0.0000 0.0000 0.0006 0.0204 0.2125 0.5822 0.1787 0.0055 0.0000
0.0000 0.0000 0.0000 0.0000 0.0000 0.0005 0.0153 0.1787 0.6777 0.1261 0.0017
0.0000 0.0000 0.0000 0.0000 0.0000 0.0000 0.0002 0.0055 0.1261 0.7658 0.1024
0.0000 0.0000 0.0000 0.0000 0.0000 0.0000 0.0000 0.0000 0.0017 0.1024 0.8958
#DG from neighbouring lambda in kcal/mol
0.0000 0.1000 11.5016 0.0148
0.1000 0.2000 10.2107 0.0124
0.2000 0.3000 7.9920 0.0115
0.3000 0.4000 5.6051 0.0109
0.4000 0.5000 3.2515 0.0112
0.5000 0.6000 0.7748 0.0117
0.6000 0.7000 -1.3718 0.0124
0.7000 0.8000 -2.9161 0.0150
0.8000 0.9000 -4.1095 0.0203
0.9000 1.0000 -5.5030 0.0238
#PMF from MBAR in kcal/mol
0.0000 0.0000 0.0000
0.1000 11.5016 0.0148
0.2000 21.7122 0.0219
0.3000 29.7043 0.0268
0.4000 35.3094 0.0307
0.5000 38.5609 0.0342
0.6000 39.3357 0.0375
0.7000 37.9639 0.0408
0.8000 35.0478 0.0447
0.9000 30.9384 0.0502
1.0000 25.4353 0.0568
#TI average gradients and standard deviation in kcal/mol
0.0000 121356783928.3169 7627942834380.9561
0.1000 110.9887 11.6189
0.2000 91.7712 10.9450
0.3000 67.8576 10.2404
0.4000 44.2938 9.9840
0.5000 19.8971 10.7613
0.6000 -3.8680 11.1853
0.7000 -22.6726 12.5070
0.8000 -35.0574 15.7844
0.9000 -47.7035 17.6688
1.0000 -4412076638.6016 202985326074.0346
#PMF from TI in kcal/mol
0.0000 0.0000
0.1000 6067839201.9653
0.2000 6067839212.1033
0.3000 6067839220.0847
0.4000 6067839225.6923
0.5000 6067839228.9018
0.6000 6067839229.7033
0.7000 6067839228.3762
0.8000 6067839225.4897
0.9000 6067839221.3517
1.0000 5847235387.0364
#MBAR free energy difference in kcal/mol: 
25.435337, 0.056781  #WARNING SUBSAMPLING DISABLED, CONSIDER RERUN WITH SUBSAMPLING OPTION
#TI free energy difference in kcal/mol: 
5847235387.036446  #WARNING SUBSAMPLING DISABLED, CONSIDER RERUN WITH SUBSAMPLING OPTION 
Starting /export/users/common/BioSimSpace/sire.app/bin/analyse_freenrg: number of threads equals 32
