# Analysing data contained in file(s) ['lambda_0.0000/simfile.dat', 'lambda_0.1000/simfile.dat', 'lambda_0.2000/simfile.dat', 'lambda_0.3000/simfile.dat', 'lambda_0.4000/simfile.dat', 'lambda_0.5000/simfile.dat', 'lambda_0.6000/simfile.dat', 'lambda_0.7000/simfile.dat', 'lambda_0.8000/simfile.dat', 'lambda_0.9000/simfile.dat', 'lambda_1.0000/simfile.dat']
#Overlap matrix
1.0000 0.0000 0.0000 0.0000 0.0000 0.0000 0.0000 0.0000 0.0000 0.0000 0.0000
0.0000 0.9658 0.0342 0.0000 0.0000 0.0000 0.0000 0.0000 0.0000 0.0000 0.0000
0.0000 0.0342 0.8562 0.1092 0.0004 0.0000 0.0000 0.0000 0.0000 0.0000 0.0000
0.0000 0.0000 0.1092 0.7530 0.1373 0.0005 0.0000 0.0000 0.0000 0.0000 0.0000
0.0000 0.0000 0.0004 0.1373 0.7458 0.1165 0.0001 0.0000 0.0000 0.0000 0.0000
0.0000 0.0000 0.0000 0.0005 0.1165 0.8052 0.0777 0.0001 0.0000 0.0000 0.0000
0.0000 0.0000 0.0000 0.0000 0.0001 0.0777 0.8036 0.1184 0.0002 0.0000 0.0000
0.0000 0.0000 0.0000 0.0000 0.0000 0.0001 0.1184 0.7946 0.0869 0.0000 0.0000
0.0000 0.0000 0.0000 0.0000 0.0000 0.0000 0.0002 0.0869 0.8940 0.0190 0.0000
0.0000 0.0000 0.0000 0.0000 0.0000 0.0000 0.0000 0.0000 0.0190 0.9810 0.0000
0.0000 0.0000 0.0000 0.0000 0.0000 0.0000 0.0000 0.0000 0.0000 0.0000 1.0000
#DG from neighbouring lambda in kcal/mol
0.0000 0.1000 47.4300 0.0535
0.1000 0.2000 14.2032 0.0451
0.2000 0.3000 9.6138 0.0231
0.3000 0.4000 7.3785 0.0198
0.4000 0.5000 5.2979 0.0221
0.5000 0.6000 1.8516 0.0285
0.6000 0.7000 -1.1716 0.0219
0.7000 0.8000 -3.7805 0.0266
0.8000 0.9000 -9.3538 0.0616
0.9000 1.0000 -141.6486 0.0663
#PMF from MBAR in kcal/mol
0.0000 0.0000 0.0000
0.1000 47.4300 0.0535
0.2000 61.6332 0.0340
0.3000 71.2469 0.0280
0.4000 78.6254 0.0245
0.5000 83.9233 0.0230
0.6000 85.7749 0.0252
0.7000 84.6033 0.0291
0.8000 80.8228 0.0364
0.9000 71.4689 0.0663
1.0000 -70.1797 0.0000
#TI average gradients and standard deviation in kcal/mol
0.0000 12324.3319 2807.8858
0.1000 188.9532 32.7268
0.2000 111.8957 19.6925
0.3000 83.6453 16.1448
0.4000 64.3308 15.7411
0.5000 38.3840 19.0207
0.6000 0.2229 18.0199
0.7000 -22.8852 17.2897
0.8000 -56.2227 21.1196
0.9000 -151.7486 35.7709
1.0000 -8318.5882 542.6814
#PMF from TI in kcal/mol
0.0000 0.0000
0.1000 625.6643
0.2000 640.7067
0.3000 650.4838
0.4000 657.8826
0.5000 663.0183
0.6000 664.9486
0.7000 663.8155
0.8000 659.8601
0.9000 649.4616
1.0000 225.9447
#MBAR free energy difference in kcal/mol: 
-70.179681, 0.000000  #WARNING SUBSAMPLING DISABLED, CONSIDER RERUN WITH SUBSAMPLING OPTION
#TI free energy difference in kcal/mol: 
225.944738  #WARNING SUBSAMPLING DISABLED, CONSIDER RERUN WITH SUBSAMPLING OPTION 
Starting /export/users/common/BioSimSpace/sire.app/bin/analyse_freenrg: number of threads equals 32
