# Analysing data contained in file(s) ['lambda_0.0000/simfile.dat', 'lambda_0.1000/simfile.dat', 'lambda_0.2000/simfile.dat', 'lambda_0.3000/simfile.dat', 'lambda_0.4000/simfile.dat', 'lambda_0.5000/simfile.dat', 'lambda_0.6000/simfile.dat', 'lambda_0.7000/simfile.dat', 'lambda_0.8000/simfile.dat', 'lambda_0.9000/simfile.dat', 'lambda_1.0000/simfile.dat']
#Overlap matrix
0.8543 0.1445 0.0012 0.0000 0.0000 0.0000 0.0000 0.0000 0.0000 0.0000 0.0000
0.1445 0.7058 0.1483 0.0014 0.0000 0.0000 0.0000 0.0000 0.0000 0.0000 0.0000
0.0012 0.1483 0.6987 0.1503 0.0015 0.0000 0.0000 0.0000 0.0000 0.0000 0.0000
0.0000 0.0014 0.1503 0.6975 0.1495 0.0013 0.0000 0.0000 0.0000 0.0000 0.0000
0.0000 0.0000 0.0015 0.1495 0.7007 0.1471 0.0011 0.0000 0.0000 0.0000 0.0000
0.0000 0.0000 0.0000 0.0013 0.1471 0.7020 0.1485 0.0011 0.0000 0.0000 0.0000
0.0000 0.0000 0.0000 0.0000 0.0011 0.1485 0.7074 0.1422 0.0008 0.0000 0.0000
0.0000 0.0000 0.0000 0.0000 0.0000 0.0011 0.1422 0.7204 0.1357 0.0006 0.0000
0.0000 0.0000 0.0000 0.0000 0.0000 0.0000 0.0008 0.1357 0.7403 0.1228 0.0004
0.0000 0.0000 0.0000 0.0000 0.0000 0.0000 0.0000 0.0006 0.1228 0.7654 0.1111
0.0000 0.0000 0.0000 0.0000 0.0000 0.0000 0.0000 0.0000 0.0004 0.1111 0.8885
#DG from neighbouring lambda in kcal/mol
0.0000 0.1000 3.3422 0.0191
0.1000 0.2000 2.7287 0.0186
0.2000 0.3000 2.2907 0.0184
0.3000 0.4000 2.0121 0.0185
0.4000 0.5000 1.7834 0.0187
0.5000 0.6000 1.6448 0.0186
0.6000 0.7000 1.6637 0.0192
0.7000 0.8000 1.7393 0.0199
0.8000 0.9000 2.0788 0.0213
0.9000 1.0000 2.7053 0.0228
#PMF from MBAR in kcal/mol
0.0000 0.0000 0.0000
0.1000 3.3422 0.0191
0.2000 6.0709 0.0292
0.3000 8.3616 0.0365
0.4000 10.3737 0.0426
0.5000 12.1570 0.0480
0.6000 13.8018 0.0529
0.7000 15.4656 0.0575
0.8000 17.2049 0.0620
0.9000 19.2836 0.0667
1.0000 21.9889 0.0715
#TI average gradients and standard deviation in kcal/mol
0.0000 36.2096 14.6773
0.1000 29.9131 14.7937
0.2000 24.7419 14.8238
0.3000 21.4246 14.5015
0.4000 18.7649 14.7335
0.5000 16.7773 15.1412
0.6000 16.2755 15.1844
0.7000 16.7708 15.9047
0.8000 18.9126 15.7640
0.9000 23.0069 16.5333
1.0000 31.5443 18.0247
#PMF from TI in kcal/mol
0.0000 0.0000
0.1000 3.3061
0.2000 6.0389
0.3000 8.3472
0.4000 10.3567
0.5000 12.1338
0.6000 13.7864
0.7000 15.4388
0.8000 17.2229
0.9000 19.3189
1.0000 22.0465
#MBAR free energy difference in kcal/mol: 
21.988949, 0.071496  #WARNING SUBSAMPLING DISABLED, CONSIDER RERUN WITH SUBSAMPLING OPTION
#TI free energy difference in kcal/mol: 
22.046461  #WARNING SUBSAMPLING DISABLED, CONSIDER RERUN WITH SUBSAMPLING OPTION 
Starting /export/users/common/BioSimSpace/sire.app/bin/analyse_freenrg: number of threads equals 32
