# Analysing data contained in file(s) ['lambda_0.0000/simfile.dat', 'lambda_0.1000/simfile.dat', 'lambda_0.2000/simfile.dat', 'lambda_0.3000/simfile.dat', 'lambda_0.4000/simfile.dat', 'lambda_0.5000/simfile.dat', 'lambda_0.6000/simfile.dat', 'lambda_0.7000/simfile.dat', 'lambda_0.8000/simfile.dat', 'lambda_0.9000/simfile.dat', 'lambda_1.0000/simfile.dat']
#Overlap matrix
0.8201 0.1758 0.0042 0.0000 0.0000 0.0000 0.0000 0.0000 0.0000 0.0000 0.0000
0.1758 0.6323 0.1871 0.0048 0.0000 0.0000 0.0000 0.0000 0.0000 0.0000 0.0000
0.0042 0.1871 0.6183 0.1858 0.0046 0.0000 0.0000 0.0000 0.0000 0.0000 0.0000
0.0000 0.0048 0.1858 0.6234 0.1824 0.0036 0.0000 0.0000 0.0000 0.0000 0.0000
0.0000 0.0000 0.0046 0.1824 0.6392 0.1721 0.0017 0.0000 0.0000 0.0000 0.0000
0.0000 0.0000 0.0000 0.0036 0.1721 0.6970 0.1272 0.0000 0.0000 0.0000 0.0000
0.0000 0.0000 0.0000 0.0000 0.0017 0.1272 0.8352 0.0359 0.0000 0.0000 0.0000
0.0000 0.0000 0.0000 0.0000 0.0000 0.0000 0.0359 0.9395 0.0246 0.0000 0.0000
0.0000 0.0000 0.0000 0.0000 0.0000 0.0000 0.0000 0.0246 0.9739 0.0015 0.0000
0.0000 0.0000 0.0000 0.0000 0.0000 0.0000 0.0000 0.0000 0.0015 0.9985 0.0000
0.0000 0.0000 0.0000 0.0000 0.0000 0.0000 0.0000 0.0000 0.0000 0.0000 1.0000
#DG from neighbouring lambda in kcal/mol
0.0000 0.1000 9.4941 0.0163
0.1000 0.2000 8.0121 0.0152
0.2000 0.3000 6.5729 0.0153
0.3000 0.4000 5.1103 0.0156
0.4000 0.5000 3.7801 0.0165
0.5000 0.6000 3.4169 0.0208
0.6000 0.7000 1.5738 0.0440
0.7000 0.8000 -0.9871 0.0537
0.8000 0.9000 -4.9884 0.2255
0.9000 1.0000 -39.3859 0.2112
#PMF from MBAR in kcal/mol
0.0000 0.0000 0.0000
0.1000 9.4941 0.0163
0.2000 17.5062 0.0251
0.3000 24.0790 0.0316
0.4000 29.1893 0.0370
0.5000 32.9694 0.0422
0.6000 36.3863 0.0484
0.7000 37.9601 0.0666
0.8000 36.9730 0.0864
0.9000 31.9846 0.2418
1.0000 -7.4013 0.0427
#TI average gradients and standard deviation in kcal/mol
0.0000 96.4609 13.7991
0.1000 87.2255 13.3378
0.2000 72.9444 13.2977
0.3000 58.4344 13.4050
0.4000 43.9511 13.6229
0.5000 33.1463 14.2112
0.6000 35.5474 23.0325
0.7000 0.4369 22.5604
0.8000 -20.7722 29.4612
0.9000 -92.9765 46.2714
1.0000 -23489.6349 2998.2991
#PMF from TI in kcal/mol
0.0000 0.0000
0.1000 9.1843
0.2000 17.1928
0.3000 23.7618
0.4000 28.8810
0.5000 32.7359
0.6000 36.1706
0.7000 37.9698
0.8000 36.9530
0.9000 31.2656
1.0000 -1147.8650
#MBAR free energy difference in kcal/mol: 
-7.401312, 0.042698  #WARNING SUBSAMPLING DISABLED, CONSIDER RERUN WITH SUBSAMPLING OPTION
#TI free energy difference in kcal/mol: 
-1147.864964  #WARNING SUBSAMPLING DISABLED, CONSIDER RERUN WITH SUBSAMPLING OPTION 
Starting /export/users/common/BioSimSpace/sire.app/bin/analyse_freenrg: number of threads equals 32
