# Analysing data contained in file(s) ['lambda_0.0000/simfile.dat', 'lambda_0.1000/simfile.dat', 'lambda_0.2000/simfile.dat', 'lambda_0.3000/simfile.dat', 'lambda_0.4000/simfile.dat', 'lambda_0.5000/simfile.dat', 'lambda_0.6000/simfile.dat', 'lambda_0.7000/simfile.dat', 'lambda_0.8000/simfile.dat', 'lambda_0.9000/simfile.dat', 'lambda_1.0000/simfile.dat']
#Overlap matrix
0.1972 0.1233 0.0997 0.0923 0.0880 0.0838 0.0791 0.0733 0.0659 0.0559 0.0416
0.1233 0.1188 0.1104 0.1046 0.0995 0.0942 0.0884 0.0815 0.0728 0.0613 0.0453
0.0997 0.1104 0.1110 0.1077 0.1033 0.0984 0.0927 0.0859 0.0771 0.0653 0.0485
0.0923 0.1046 0.1077 0.1062 0.1033 0.0996 0.0950 0.0890 0.0808 0.0693 0.0523
0.0880 0.0995 0.1033 0.1033 0.1019 0.0997 0.0964 0.0917 0.0848 0.0741 0.0572
0.0838 0.0942 0.0984 0.0996 0.0997 0.0990 0.0974 0.0944 0.0892 0.0801 0.0641
0.0791 0.0884 0.0927 0.0950 0.0964 0.0974 0.0977 0.0970 0.0944 0.0880 0.0740
0.0733 0.0815 0.0859 0.0890 0.0917 0.0944 0.0970 0.0992 0.1003 0.0985 0.0893
0.0659 0.0728 0.0771 0.0808 0.0848 0.0892 0.0944 0.1003 0.1069 0.1132 0.1145
0.0559 0.0613 0.0653 0.0693 0.0741 0.0801 0.0880 0.0985 0.1132 0.1338 0.1606
0.0416 0.0453 0.0485 0.0523 0.0572 0.0641 0.0740 0.0893 0.1145 0.1606 0.2527
#DG from neighbouring lambda in kcal/mol
0.0000 0.1000 -0.1511 0.0024
0.1000 0.2000 3.2413 0.0009
0.2000 0.3000 2.9859 0.0004
0.3000 0.4000 2.1765 0.0004
0.4000 0.5000 1.3423 0.0004
0.5000 0.6000 0.5441 0.0004
0.6000 0.7000 -0.2300 0.0005
0.7000 0.8000 -0.9968 0.0007
0.8000 0.9000 -1.7734 0.0012
0.9000 1.0000 -2.5878 0.0024
#PMF from MBAR in kcal/mol
0.0000 0.0000 0.0000
0.1000 -0.1511 0.0024
0.2000 3.0902 0.0030
0.3000 6.0761 0.0032
0.4000 8.2526 0.0032
0.5000 9.5949 0.0033
0.6000 10.1390 0.0035
0.7000 9.9091 0.0037
0.8000 8.9123 0.0040
0.9000 7.1389 0.0046
1.0000 4.5510 0.0061
#TI average gradients and standard deviation in kcal/mol
0.0000 -55.3004 7.9252
0.1000 27.3479 3.2845
0.2000 33.0786 1.0646
0.3000 26.0609 0.8279
0.4000 17.5485 0.8173
0.5000 9.3552 0.9471
0.6000 1.5611 1.0604
0.7000 -6.1211 1.2881
0.8000 -13.7360 1.6386
0.9000 -21.6687 2.2827
1.0000 -29.9409 3.4310
#PMF from TI in kcal/mol
0.0000 0.0000
0.1000 -1.3976
0.2000 1.6237
0.3000 4.5807
0.4000 6.7611
0.5000 8.1063
0.6000 8.6522
0.7000 8.4242
0.8000 7.4313
0.9000 5.6611
1.0000 3.0806
#MBAR free energy difference in kcal/mol: 
4.551036, 0.006095  #WARNING SUBSAMPLING DISABLED, CONSIDER RERUN WITH SUBSAMPLING OPTION
#TI free energy difference in kcal/mol: 
3.080586  #WARNING SUBSAMPLING DISABLED, CONSIDER RERUN WITH SUBSAMPLING OPTION 
Starting /export/users/common/BioSimSpace/sire.app/bin/analyse_freenrg: number of threads equals 32
