# Analysing data contained in file(s) ['lambda_0.0000/simfile.dat', 'lambda_0.1000/simfile.dat', 'lambda_0.2000/simfile.dat', 'lambda_0.3000/simfile.dat', 'lambda_0.4000/simfile.dat', 'lambda_0.5000/simfile.dat', 'lambda_0.6000/simfile.dat', 'lambda_0.7000/simfile.dat', 'lambda_0.8000/simfile.dat', 'lambda_0.9000/simfile.dat', 'lambda_1.0000/simfile.dat']
#Overlap matrix
0.8779 0.1215 0.0007 0.0000 0.0000 0.0000 0.0000 0.0000 0.0000 0.0000 0.0000
0.1215 0.7553 0.1227 0.0006 0.0000 0.0000 0.0000 0.0000 0.0000 0.0000 0.0000
0.0007 0.1227 0.7840 0.0901 0.0026 0.0000 0.0000 0.0000 0.0000 0.0000 0.0000
0.0000 0.0006 0.0901 0.6605 0.2314 0.0172 0.0002 0.0000 0.0000 0.0000 0.0000
0.0000 0.0000 0.0026 0.2314 0.5297 0.2225 0.0137 0.0001 0.0000 0.0000 0.0000
0.0000 0.0000 0.0000 0.0172 0.2225 0.5483 0.2018 0.0100 0.0001 0.0000 0.0000
0.0000 0.0000 0.0000 0.0002 0.0137 0.2018 0.5479 0.2233 0.0131 0.0000 0.0000
0.0000 0.0000 0.0000 0.0000 0.0001 0.0100 0.2233 0.5720 0.1925 0.0020 0.0000
0.0000 0.0000 0.0000 0.0000 0.0000 0.0001 0.0131 0.1925 0.6272 0.1671 0.0000
0.0000 0.0000 0.0000 0.0000 0.0000 0.0000 0.0000 0.0020 0.1671 0.7548 0.0760
0.0000 0.0000 0.0000 0.0000 0.0000 0.0000 0.0000 0.0000 0.0000 0.0760 0.9240
#DG from neighbouring lambda in kcal/mol
0.0000 0.1000 15.5378 0.0215
0.1000 0.2000 15.0823 0.0213
0.2000 0.3000 14.2922 0.0255
0.3000 0.4000 13.8061 0.0122
0.4000 0.5000 13.8745 0.0122
0.5000 0.6000 13.5933 0.0135
0.6000 0.7000 13.1165 0.0125
0.7000 0.8000 12.7813 0.0146
0.8000 0.9000 11.3930 0.0171
0.9000 1.0000 5.6672 0.0289
#PMF from MBAR in kcal/mol
0.0000 0.0000 0.0000
0.1000 15.5378 0.0215
0.2000 30.6201 0.0326
0.3000 44.9123 0.0431
0.4000 58.7184 0.0462
0.5000 72.5929 0.0489
0.6000 86.1861 0.0519
0.7000 99.3027 0.0545
0.8000 112.0840 0.0574
0.9000 123.4771 0.0611
1.0000 129.1442 0.0687
#TI average gradients and standard deviation in kcal/mol
0.0000 155.4562 15.6704
0.1000 153.3236 17.2627
0.2000 150.7510 14.4543
0.3000 8.2318 10.2411
0.4000 159.7658 10.9957
0.5000 159.1287 11.0816
0.6000 157.0423 10.5971
0.7000 93.2365 68.5440
0.8000 159.0759 10.8036
0.9000 158.9956 11.5308
1.0000 45.0815 9.7190
#PMF from TI in kcal/mol
0.0000 0.0000
0.1000 15.4390
0.2000 30.6427
0.3000 38.5919
0.4000 46.9917
0.5000 62.9365
0.6000 78.7450
0.7000 91.2590
0.8000 103.8746
0.9000 119.7781
1.0000 129.9820
#MBAR free energy difference in kcal/mol: 
129.144211, 0.068657  #WARNING SUBSAMPLING DISABLED, CONSIDER RERUN WITH SUBSAMPLING OPTION
#TI free energy difference in kcal/mol: 
129.981998  #WARNING SUBSAMPLING DISABLED, CONSIDER RERUN WITH SUBSAMPLING OPTION 
Starting /export/users/common/BioSimSpace/sire.app/bin/analyse_freenrg: number of threads equals 32
