# Analysing data contained in file(s) ['lambda_0.0000/simfile.dat', 'lambda_0.1000/simfile.dat', 'lambda_0.2000/simfile.dat', 'lambda_0.3000/simfile.dat', 'lambda_0.4000/simfile.dat', 'lambda_0.5000/simfile.dat', 'lambda_0.6000/simfile.dat', 'lambda_0.7000/simfile.dat', 'lambda_0.8000/simfile.dat', 'lambda_0.9000/simfile.dat', 'lambda_1.0000/simfile.dat']
#Overlap matrix
1.0000 0.0000 0.0000 0.0000 0.0000 0.0000 0.0000 0.0000 0.0000 0.0000 0.0000
0.0000 1.0000 0.0000 0.0000 0.0000 0.0000 0.0000 0.0000 0.0000 0.0000 0.0000
0.0000 0.0000 0.9745 0.0255 0.0000 0.0000 0.0000 0.0000 0.0000 0.0000 0.0000
0.0000 0.0000 0.0255 0.9058 0.0686 0.0000 0.0000 0.0000 0.0000 0.0000 0.0000
0.0000 0.0000 0.0000 0.0686 0.8349 0.0963 0.0001 0.0000 0.0000 0.0000 0.0000
0.0000 0.0000 0.0000 0.0000 0.0963 0.8057 0.0979 0.0001 0.0000 0.0000 0.0000
0.0000 0.0000 0.0000 0.0000 0.0001 0.0979 0.8218 0.0803 0.0000 0.0000 0.0000
0.0000 0.0000 0.0000 0.0000 0.0000 0.0001 0.0803 0.8780 0.0417 0.0000 0.0000
0.0000 0.0000 0.0000 0.0000 0.0000 0.0000 0.0000 0.0417 0.9546 0.0037 0.0000
0.0000 0.0000 0.0000 0.0000 0.0000 0.0000 0.0000 0.0000 0.0037 0.9963 0.0000
0.0000 0.0000 0.0000 0.0000 0.0000 0.0000 0.0000 0.0000 0.0000 0.0000 1.0000
#DG from neighbouring lambda in kcal/mol
0.0000 0.1000 114.5570 1.3983
0.1000 0.2000 24.8403 1.5718
0.2000 0.3000 5.9085 0.0528
0.3000 0.4000 -0.1455 0.0307
0.4000 0.5000 -3.7635 0.0250
0.5000 0.6000 -6.7572 0.0248
0.6000 0.7000 -10.0785 0.0280
0.7000 0.8000 -15.0473 0.0405
0.8000 0.9000 -25.4681 0.1419
0.9000 1.0000 -251.2256 0.2205
#PMF from MBAR in kcal/mol
0.0000 0.0000 0.0000
0.1000 114.5570 1.3983
0.2000 139.3973 0.1831
0.3000 145.3058 0.1786
0.4000 145.1603 0.1776
0.5000 141.3968 0.1773
0.6000 134.6396 0.1776
0.7000 124.5610 0.1785
0.8000 109.5137 0.1812
0.9000 84.0457 0.2205
1.0000 -167.1799 0.0000
#TI average gradients and standard deviation in kcal/mol
0.0000 2255.1985 81.0231
0.1000 510.2348 91.6360
0.2000 108.4517 31.4490
0.3000 21.9685 21.7639
0.4000 -21.7424 18.7818
0.5000 -52.7639 17.8758
0.6000 -82.9260 18.2371
0.7000 -121.3599 20.5816
0.8000 -186.5541 26.5278
0.9000 -360.7107 46.2178
1.0000 -14433.1679 1276.4568
#PMF from TI in kcal/mol
0.0000 0.0000
0.1000 138.2717
0.2000 169.2060
0.3000 175.7270
0.4000 175.7383
0.5000 172.0130
0.6000 165.2285
0.7000 155.0142
0.8000 139.6185
0.9000 112.2553
1.0000 -627.4387
#MBAR free energy difference in kcal/mol: 
-167.179918, 0.000000  #WARNING SUBSAMPLING DISABLED, CONSIDER RERUN WITH SUBSAMPLING OPTION
#TI free energy difference in kcal/mol: 
-627.438672  #WARNING SUBSAMPLING DISABLED, CONSIDER RERUN WITH SUBSAMPLING OPTION 
Starting /export/users/common/BioSimSpace/sire.app/bin/analyse_freenrg: number of threads equals 32
