# Analysing data contained in file(s) ['lambda_0.0000/simfile.dat', 'lambda_0.1000/simfile.dat', 'lambda_0.2000/simfile.dat', 'lambda_0.3000/simfile.dat', 'lambda_0.4000/simfile.dat', 'lambda_0.5000/simfile.dat', 'lambda_0.6000/simfile.dat', 'lambda_0.7000/simfile.dat', 'lambda_0.8000/simfile.dat', 'lambda_0.9000/simfile.dat', 'lambda_1.0000/simfile.dat']
#Overlap matrix
0.8775 0.1204 0.0021 0.0000 0.0000 0.0000 0.0000 0.0000 0.0000 0.0000 0.0000
0.1204 0.7060 0.1691 0.0045 0.0000 0.0000 0.0000 0.0000 0.0000 0.0000 0.0000
0.0021 0.1691 0.6428 0.1802 0.0058 0.0000 0.0000 0.0000 0.0000 0.0000 0.0000
0.0000 0.0045 0.1802 0.6184 0.1889 0.0079 0.0001 0.0000 0.0000 0.0000 0.0000
0.0000 0.0000 0.0058 0.1889 0.5987 0.1977 0.0088 0.0001 0.0000 0.0000 0.0000
0.0000 0.0000 0.0000 0.0079 0.1977 0.5844 0.2009 0.0091 0.0001 0.0000 0.0000
0.0000 0.0000 0.0000 0.0001 0.0088 0.2009 0.5767 0.2035 0.0099 0.0001 0.0000
0.0000 0.0000 0.0000 0.0000 0.0001 0.0091 0.2035 0.5713 0.2069 0.0090 0.0001
0.0000 0.0000 0.0000 0.0000 0.0000 0.0001 0.0099 0.2069 0.5769 0.1986 0.0077
0.0000 0.0000 0.0000 0.0000 0.0000 0.0000 0.0001 0.0090 0.1986 0.6138 0.1785
0.0000 0.0000 0.0000 0.0000 0.0000 0.0000 0.0000 0.0001 0.0077 0.1785 0.8137
#DG from neighbouring lambda in kcal/mol
0.0000 0.1000 -1.6836 0.0215
0.1000 0.2000 -0.2855 0.0166
0.2000 0.3000 -0.0255 0.0156
0.3000 0.4000 -0.1195 0.0148
0.4000 0.5000 -0.3187 0.0142
0.5000 0.6000 -0.6119 0.0139
0.6000 0.7000 -0.9707 0.0137
0.7000 0.8000 -1.2160 0.0135
0.8000 0.9000 -1.1985 0.0141
0.9000 1.0000 -0.4669 0.0159
#PMF from MBAR in kcal/mol
0.0000 0.0000 0.0000
0.1000 -1.6836 0.0215
0.2000 -1.9690 0.0295
0.3000 -1.9945 0.0353
0.4000 -2.1140 0.0399
0.5000 -2.4326 0.0438
0.6000 -3.0445 0.0472
0.7000 -4.0152 0.0504
0.8000 -5.2311 0.0533
0.9000 -6.4297 0.0563
1.0000 -6.8966 0.0595
#TI average gradients and standard deviation in kcal/mol
0.0000 -29.0005 18.6212
0.1000 -8.2227 15.1151
0.2000 -0.5950 14.0316
0.3000 -0.3059 13.2582
0.4000 -2.0522 12.8798
0.5000 -4.2963 12.4435
0.6000 -7.9283 12.1660
0.7000 -11.5299 12.1537
0.8000 -12.5261 12.4697
0.9000 -10.0077 12.8322
1.0000 -250472335703.5980 17257904252834.4727
#PMF from TI in kcal/mol
0.0000 0.0000
0.1000 -1.8612
0.2000 -2.3020
0.3000 -2.3471
0.4000 -2.4650
0.5000 -2.7824
0.6000 -3.3937
0.7000 -4.3666
0.8000 -5.5694
0.9000 -6.6961
1.0000 -12523616792.3763
#MBAR free energy difference in kcal/mol: 
-6.896569, 0.059501  #WARNING SUBSAMPLING DISABLED, CONSIDER RERUN WITH SUBSAMPLING OPTION
#TI free energy difference in kcal/mol: 
-12523616792.376337  #WARNING SUBSAMPLING DISABLED, CONSIDER RERUN WITH SUBSAMPLING OPTION 
Starting /export/users/common/BioSimSpace/sire.app/bin/analyse_freenrg: number of threads equals 32
