# Analysing data contained in file(s) ['lambda_0.0000/simfile.dat', 'lambda_0.1000/simfile.dat', 'lambda_0.2000/simfile.dat', 'lambda_0.3000/simfile.dat', 'lambda_0.4000/simfile.dat', 'lambda_0.5000/simfile.dat', 'lambda_0.6000/simfile.dat', 'lambda_0.7000/simfile.dat', 'lambda_0.8000/simfile.dat', 'lambda_0.9000/simfile.dat', 'lambda_1.0000/simfile.dat']
#Overlap matrix
1.0000 0.0000 0.0000 0.0000 0.0000 0.0000 0.0000 0.0000 0.0000 0.0000 0.0000
0.0000 1.0000 0.0000 0.0000 0.0000 0.0000 0.0000 0.0000 0.0000 0.0000 0.0000
0.0000 0.0000 1.0000 0.0000 0.0000 0.0000 0.0000 0.0000 0.0000 0.0000 0.0000
0.0000 0.0000 0.0000 1.0000 0.0000 0.0000 0.0000 0.0000 0.0000 0.0000 0.0000
0.0000 0.0000 0.0000 0.0000 0.8586 0.0552 0.0422 0.0440 0.0000 0.0000 0.0000
0.0000 0.0000 0.0000 0.0000 0.0552 0.7567 0.1870 0.0011 0.0000 0.0000 0.0000
0.0000 0.0000 0.0000 0.0000 0.0422 0.1870 0.6744 0.0964 0.0000 0.0000 0.0000
0.0000 0.0000 0.0000 0.0000 0.0440 0.0011 0.0964 0.6297 0.2055 0.0233 0.0000
0.0000 0.0000 0.0000 0.0000 0.0000 0.0000 0.0000 0.2055 0.5465 0.2479 0.0000
0.0000 0.0000 0.0000 0.0000 0.0000 0.0000 0.0000 0.0233 0.2479 0.7288 0.0000
0.0000 0.0000 0.0000 0.0000 0.0000 0.0000 0.0000 0.0000 0.0000 0.0000 1.0000
#DG from neighbouring lambda in kcal/mol
0.0000 0.1000 -17.2043 28.6605
0.1000 0.2000 -6.2519 nan
0.2000 0.3000 -18.1824 nan
0.3000 0.4000 -33.2350 nan
0.4000 0.5000 -25.8409 0.0234
0.5000 0.6000 48.6480 0.0138
0.6000 0.7000 48.3301 0.0210
0.7000 0.8000 28.0190 0.0134
0.8000 0.9000 24.0762 0.0113
0.9000 1.0000 7.4095 0.4501
#PMF from MBAR in kcal/mol
0.0000 0.0000 0.0000
0.1000 -17.2043 28.6605
0.2000 -23.4562 28.6434
0.3000 -41.6386 nan
0.4000 -74.8736 nan
0.5000 -100.7145 nan
0.6000 -52.0665 nan
0.7000 -3.7365 nan
0.8000 24.2826 nan
0.9000 48.3588 nan
1.0000 55.7683 nan
#TI average gradients and standard deviation in kcal/mol
0.0000 -225.1854 57.2145
0.1000 -74.1521 51.0428
0.2000 -73.2095 45.5374
0.3000 -141.6344 78.2651
0.4000 -628.1282 64.6917
0.5000 311.6021 74.6985
0.6000 534.2959 31.9386
0.7000 265.9405 8.5403
0.8000 428.9217 10.9500
0.9000 360.7107 19.1942
1.0000 -18.8424 8.6527
#PMF from TI in kcal/mol
0.0000 0.0000
0.1000 -14.9669
0.2000 -22.3350
0.3000 -33.0771
0.4000 -71.5653
0.5000 -87.3916
0.6000 -45.0967
0.7000 -5.0849
0.8000 29.6583
0.9000 69.1399
1.0000 86.2333
#MBAR free energy difference in kcal/mol: 
55.768307, nan  #WARNING SUBSAMPLING DISABLED, CONSIDER RERUN WITH SUBSAMPLING OPTION
#TI free energy difference in kcal/mol: 
86.233284  #WARNING SUBSAMPLING DISABLED, CONSIDER RERUN WITH SUBSAMPLING OPTION 
Starting /export/users/common/BioSimSpace/sire.app/bin/analyse_freenrg: number of threads equals 32
