# Analysing data contained in file(s) ['lambda_0.0000/simfile.dat', 'lambda_0.1000/simfile.dat', 'lambda_0.2000/simfile.dat', 'lambda_0.3000/simfile.dat', 'lambda_0.4000/simfile.dat', 'lambda_0.5000/simfile.dat', 'lambda_0.6000/simfile.dat', 'lambda_0.7000/simfile.dat', 'lambda_0.8000/simfile.dat', 'lambda_0.9000/simfile.dat', 'lambda_1.0000/simfile.dat']
#Overlap matrix
1.0000 0.0000 0.0000 0.0000 0.0000 0.0000 0.0000 0.0000 0.0000 0.0000 0.0000
0.0000 0.9981 0.0019 0.0000 0.0000 0.0000 0.0000 0.0000 0.0000 0.0000 0.0000
0.0000 0.0019 0.9798 0.0183 0.0000 0.0000 0.0000 0.0000 0.0000 0.0000 0.0000
0.0000 0.0000 0.0183 0.9330 0.0487 0.0000 0.0000 0.0000 0.0000 0.0000 0.0000
0.0000 0.0000 0.0000 0.0487 0.9393 0.0120 0.0000 0.0000 0.0000 0.0000 0.0000
0.0000 0.0000 0.0000 0.0000 0.0120 0.9232 0.0648 0.0000 0.0000 0.0000 0.0000
0.0000 0.0000 0.0000 0.0000 0.0000 0.0648 0.8796 0.0556 0.0000 0.0000 0.0000
0.0000 0.0000 0.0000 0.0000 0.0000 0.0000 0.0556 0.9084 0.0359 0.0000 0.0000
0.0000 0.0000 0.0000 0.0000 0.0000 0.0000 0.0000 0.0359 0.9599 0.0042 0.0000
0.0000 0.0000 0.0000 0.0000 0.0000 0.0000 0.0000 0.0000 0.0042 0.9958 0.0000
0.0000 0.0000 0.0000 0.0000 0.0000 0.0000 0.0000 0.0000 0.0000 0.0000 1.0000
#DG from neighbouring lambda in kcal/mol
0.0000 0.1000 56.2695 0.1913
0.1000 0.2000 25.2235 0.1974
0.2000 0.3000 22.0137 0.0628
0.3000 0.4000 21.6536 0.0373
0.4000 0.5000 19.5038 0.0780
0.5000 0.6000 16.9366 0.0317
0.6000 0.7000 15.8262 0.0346
0.7000 0.8000 13.6322 0.0440
0.8000 0.9000 8.0416 0.1336
0.9000 1.0000 -160.0122 0.1358
#PMF from MBAR in kcal/mol
0.0000 0.0000 0.0000
0.1000 56.2695 0.1913
0.2000 81.4930 0.0787
0.3000 103.5066 0.0627
0.4000 125.1602 0.0584
0.5000 144.6640 0.0522
0.6000 161.6006 0.0534
0.7000 177.4268 0.0574
0.8000 191.0589 0.0668
0.9000 199.1005 0.1358
1.0000 39.0883 0.0000
#TI average gradients and standard deviation in kcal/mol
0.0000 3664.3384 1475.2289
0.1000 311.9178 50.7866
0.2000 227.4836 30.9557
0.3000 216.6575 23.9296
0.4000 216.1968 21.5268
0.5000 172.4740 20.6212
0.6000 165.2072 21.3213
0.7000 149.2598 22.1019
0.8000 118.8800 27.0155
0.9000 4.1602 48.3845
1.0000 -4884.0719 138.9213
#PMF from TI in kcal/mol
0.0000 0.0000
0.1000 198.8128
0.2000 225.7829
0.3000 247.9899
0.4000 269.6327
0.5000 289.0662
0.6000 305.9503
0.7000 321.6736
0.8000 335.0806
0.9000 341.2326
1.0000 97.2370
#MBAR free energy difference in kcal/mol: 
39.088285, 0.000000  #WARNING SUBSAMPLING DISABLED, CONSIDER RERUN WITH SUBSAMPLING OPTION
#TI free energy difference in kcal/mol: 
97.237025  #WARNING SUBSAMPLING DISABLED, CONSIDER RERUN WITH SUBSAMPLING OPTION 
Starting /export/users/common/BioSimSpace/sire.app/bin/analyse_freenrg: number of threads equals 32
