# Analysing data contained in file(s) ['lambda_0.0000/simfile.dat', 'lambda_0.1000/simfile.dat', 'lambda_0.2000/simfile.dat', 'lambda_0.3000/simfile.dat', 'lambda_0.4000/simfile.dat', 'lambda_0.5000/simfile.dat', 'lambda_0.6000/simfile.dat', 'lambda_0.7000/simfile.dat', 'lambda_0.8000/simfile.dat', 'lambda_0.9000/simfile.dat', 'lambda_1.0000/simfile.dat']
#Overlap matrix
1.0000 0.0000 0.0000 0.0000 0.0000 0.0000 0.0000 0.0000 0.0000 0.0000 0.0000
0.0000 0.9636 0.0364 0.0000 0.0000 0.0000 0.0000 0.0000 0.0000 0.0000 0.0000
0.0000 0.0364 0.9142 0.0495 0.0000 0.0000 0.0000 0.0000 0.0000 0.0000 0.0000
0.0000 0.0000 0.0495 0.8966 0.0539 0.0000 0.0000 0.0000 0.0000 0.0000 0.0000
0.0000 0.0000 0.0000 0.0539 0.8922 0.0539 0.0000 0.0000 0.0000 0.0000 0.0000
0.0000 0.0000 0.0000 0.0000 0.0539 0.8905 0.0556 0.0000 0.0000 0.0000 0.0000
0.0000 0.0000 0.0000 0.0000 0.0000 0.0556 0.8924 0.0520 0.0000 0.0000 0.0000
0.0000 0.0000 0.0000 0.0000 0.0000 0.0000 0.0520 0.8994 0.0485 0.0000 0.0000
0.0000 0.0000 0.0000 0.0000 0.0000 0.0000 0.0000 0.0485 0.9134 0.0381 0.0000
0.0000 0.0000 0.0000 0.0000 0.0000 0.0000 0.0000 0.0000 0.0381 0.9581 0.0039
0.0000 0.0000 0.0000 0.0000 0.0000 0.0000 0.0000 0.0000 0.0000 0.0039 0.9961
#DG from neighbouring lambda in kcal/mol
0.0000 0.1000 8.2954 1.4423
0.1000 0.2000 2.0394 0.0437
0.2000 0.3000 0.0568 0.0369
0.3000 0.4000 -2.0585 0.0352
0.4000 0.5000 -4.2825 0.0352
0.5000 0.6000 -6.8785 0.0346
0.6000 0.7000 -8.9823 0.0359
0.7000 0.8000 -11.2251 0.0373
0.8000 0.9000 -13.8090 0.0426
0.9000 1.0000 -19.3498 0.1385
#PMF from MBAR in kcal/mol
0.0000 0.0000 0.0000
0.1000 8.2954 1.4423
0.2000 10.3348 1.4430
0.3000 10.3916 1.4435
0.4000 8.3331 1.4440
0.5000 4.0506 1.4444
0.6000 -2.8279 1.4449
0.7000 -11.8102 1.4454
0.8000 -23.0354 1.4459
0.9000 -36.8444 1.4466
1.0000 -56.1942 1.4533
#TI average gradients and standard deviation in kcal/mol
0.0000 1242.5224 685.0670
0.1000 27.6912 25.1203
0.2000 11.0593 22.8514
0.3000 -9.6949 21.9528
0.4000 -31.6299 22.2350
0.5000 -56.1300 22.4191
0.6000 -79.1336 21.7174
0.7000 -101.2759 22.3165
0.8000 -124.4037 23.2419
0.9000 -154.3062 26.0588
1.0000 -314.4652 148.4372
#PMF from TI in kcal/mol
0.0000 0.0000
0.1000 63.5107
0.2000 65.4482
0.3000 65.5164
0.4000 63.4502
0.5000 59.0622
0.6000 52.2990
0.7000 43.2785
0.8000 31.9946
0.9000 18.0591
1.0000 -5.3795
#MBAR free energy difference in kcal/mol: 
-56.194197, 1.453287  #WARNING SUBSAMPLING DISABLED, CONSIDER RERUN WITH SUBSAMPLING OPTION
#TI free energy difference in kcal/mol: 
-5.379512  #WARNING SUBSAMPLING DISABLED, CONSIDER RERUN WITH SUBSAMPLING OPTION 
Starting /export/users/common/BioSimSpace/sire.app/bin/analyse_freenrg: number of threads equals 32
