# Analysing data contained in file(s) ['lambda_0.0000/simfile.dat', 'lambda_0.1000/simfile.dat', 'lambda_0.2000/simfile.dat', 'lambda_0.3000/simfile.dat', 'lambda_0.4000/simfile.dat', 'lambda_0.5000/simfile.dat', 'lambda_0.6000/simfile.dat', 'lambda_0.7000/simfile.dat', 'lambda_0.8000/simfile.dat', 'lambda_0.9000/simfile.dat', 'lambda_1.0000/simfile.dat']
#Overlap matrix
0.8258 0.1640 0.0101 0.0001 0.0000 0.0000 0.0000 0.0000 0.0000 0.0000 0.0000
0.1640 0.5850 0.2319 0.0188 0.0003 0.0000 0.0000 0.0000 0.0000 0.0000 0.0000
0.0101 0.2319 0.5141 0.2241 0.0194 0.0004 0.0000 0.0000 0.0000 0.0000 0.0000
0.0001 0.0188 0.2241 0.5086 0.2262 0.0215 0.0006 0.0000 0.0000 0.0000 0.0000
0.0000 0.0003 0.0194 0.2262 0.4972 0.2268 0.0288 0.0013 0.0000 0.0000 0.0000
0.0000 0.0000 0.0004 0.0215 0.2268 0.4709 0.2388 0.0393 0.0022 0.0000 0.0000
0.0000 0.0000 0.0000 0.0006 0.0288 0.2388 0.4421 0.2435 0.0435 0.0027 0.0000
0.0000 0.0000 0.0000 0.0000 0.0013 0.0393 0.2435 0.4246 0.2414 0.0473 0.0026
0.0000 0.0000 0.0000 0.0000 0.0000 0.0022 0.0435 0.2414 0.4220 0.2474 0.0434
0.0000 0.0000 0.0000 0.0000 0.0000 0.0000 0.0027 0.0473 0.2474 0.4415 0.2610
0.0000 0.0000 0.0000 0.0000 0.0000 0.0000 0.0000 0.0026 0.0434 0.2610 0.6930
#DG from neighbouring lambda in kcal/mol
0.0000 0.1000 0.6957 0.0168
0.1000 0.2000 -1.4085 0.0118
0.2000 0.3000 -3.1396 0.0117
0.3000 0.4000 -4.9034 0.0115
0.4000 0.5000 -6.6525 0.0111
0.5000 0.6000 -8.2497 0.0099
0.6000 0.7000 -9.6834 0.0092
0.7000 0.8000 -11.0472 0.0090
0.8000 0.9000 -12.1910 0.0088
0.9000 1.0000 -12.5261 0.0100
#PMF from MBAR in kcal/mol
0.0000 0.0000 0.0000
0.1000 0.6957 0.0168
0.2000 -0.7128 0.0231
0.3000 -3.8524 0.0280
0.4000 -8.7557 0.0320
0.5000 -15.4083 0.0354
0.6000 -23.6580 0.0381
0.7000 -33.3414 0.0403
0.8000 -44.3886 0.0423
0.9000 -56.5796 0.0442
1.0000 -69.1057 0.0463
#TI average gradients and standard deviation in kcal/mol
0.0000 29.0842 22.4926
0.1000 -5.6130 11.3154
0.2000 -22.5448 11.0395
0.3000 -40.2419 10.9600
0.4000 -57.8008 10.7621
0.5000 -74.8287 9.9723
0.6000 -90.0423 9.3463
0.7000 -103.8467 9.2585
0.8000 -116.7254 9.0886
0.9000 -125.7665 9.0116
1.0000 -120.4084 10.4748
#PMF from TI in kcal/mol
0.0000 0.0000
0.1000 1.1736
0.2000 -0.2343
0.3000 -3.3737
0.4000 -8.2758
0.5000 -14.9073
0.6000 -23.1508
0.7000 -32.8453
0.8000 -43.8739
0.9000 -55.9985
1.0000 -68.3072
#MBAR free energy difference in kcal/mol: 
-69.105703, 0.046289  #WARNING SUBSAMPLING DISABLED, CONSIDER RERUN WITH SUBSAMPLING OPTION
#TI free energy difference in kcal/mol: 
-68.307215  #WARNING SUBSAMPLING DISABLED, CONSIDER RERUN WITH SUBSAMPLING OPTION 
Starting /export/users/common/BioSimSpace/sire.app/bin/analyse_freenrg: number of threads equals 32
