# Analysing data contained in file(s) ['lambda_0.0000/simfile.dat', 'lambda_0.1000/simfile.dat', 'lambda_0.2000/simfile.dat', 'lambda_0.3000/simfile.dat', 'lambda_0.4000/simfile.dat', 'lambda_0.5000/simfile.dat', 'lambda_0.6000/simfile.dat', 'lambda_0.7000/simfile.dat', 'lambda_0.8000/simfile.dat', 'lambda_0.9000/simfile.dat', 'lambda_1.0000/simfile.dat']
#Overlap matrix
0.7767 0.2089 0.0142 0.0002 0.0000 0.0000 0.0000 0.0000 0.0000 0.0000 0.0000
0.2089 0.5443 0.2276 0.0190 0.0003 0.0000 0.0000 0.0000 0.0000 0.0000 0.0000
0.0142 0.2276 0.5120 0.2264 0.0195 0.0003 0.0000 0.0000 0.0000 0.0000 0.0000
0.0002 0.0190 0.2264 0.5103 0.2256 0.0183 0.0002 0.0000 0.0000 0.0000 0.0000
0.0000 0.0003 0.0195 0.2256 0.5162 0.2228 0.0154 0.0001 0.0000 0.0000 0.0000
0.0000 0.0000 0.0003 0.0183 0.2228 0.5299 0.2166 0.0121 0.0001 0.0000 0.0000
0.0000 0.0000 0.0000 0.0002 0.0154 0.2166 0.5510 0.2083 0.0085 0.0000 0.0000
0.0000 0.0000 0.0000 0.0000 0.0001 0.0121 0.2083 0.5796 0.1957 0.0042 0.0000
0.0000 0.0000 0.0000 0.0000 0.0000 0.0001 0.0085 0.1957 0.6307 0.1647 0.0003
0.0000 0.0000 0.0000 0.0000 0.0000 0.0000 0.0000 0.0042 0.1647 0.7594 0.0717
0.0000 0.0000 0.0000 0.0000 0.0000 0.0000 0.0000 0.0000 0.0003 0.0717 0.9280
#DG from neighbouring lambda in kcal/mol
0.0000 0.1000 -6.6547 0.0137
0.1000 0.2000 -3.1807 0.0118
0.2000 0.3000 -3.8157 0.0116
0.3000 0.4000 -5.3447 0.0117
0.4000 0.5000 -7.0836 0.0120
0.5000 0.6000 -8.9454 0.0126
0.6000 0.7000 -10.9498 0.0134
0.7000 0.8000 -13.1662 0.0145
0.8000 0.9000 -15.8243 0.0171
0.9000 1.0000 -20.0584 0.0298
#PMF from MBAR in kcal/mol
0.0000 0.0000 0.0000
0.1000 -6.6547 0.0137
0.2000 -9.8354 0.0209
0.3000 -13.6510 0.0261
0.4000 -18.9958 0.0305
0.5000 -26.0793 0.0344
0.6000 -35.0247 0.0381
0.7000 -45.9745 0.0418
0.8000 -59.1406 0.0457
0.9000 -74.9649 0.0501
1.0000 -95.0233 0.0595
#TI average gradients and standard deviation in kcal/mol
0.0000 -120.4124 14.1425
0.1000 -36.8456 11.3319
0.2000 -32.1939 10.9484
0.3000 -45.2850 10.9621
0.4000 -61.8763 11.0183
0.5000 -79.8605 11.2845
0.6000 -99.3575 11.8420
0.7000 -120.1074 12.5003
0.8000 -143.8176 13.5088
0.9000 -174.5069 16.0420
1.0000 -237.8466 28.1625
#PMF from TI in kcal/mol
0.0000 0.0000
0.1000 -7.8629
0.2000 -11.3149
0.3000 -15.1888
0.4000 -20.5469
0.5000 -27.6337
0.6000 -36.5946
0.7000 -47.5679
0.8000 -60.7641
0.9000 -76.6803
1.0000 -97.2980
#MBAR free energy difference in kcal/mol: 
-95.023338, 0.059541  #WARNING SUBSAMPLING DISABLED, CONSIDER RERUN WITH SUBSAMPLING OPTION
#TI free energy difference in kcal/mol: 
-97.298015  #WARNING SUBSAMPLING DISABLED, CONSIDER RERUN WITH SUBSAMPLING OPTION 
Starting /export/users/common/BioSimSpace/sire.app/bin/analyse_freenrg: number of threads equals 32
