# Analysing data contained in file(s) ['lambda_0.0000/simfile.dat', 'lambda_0.1000/simfile.dat', 'lambda_0.2000/simfile.dat', 'lambda_0.3000/simfile.dat', 'lambda_0.4000/simfile.dat', 'lambda_0.5000/simfile.dat', 'lambda_0.6000/simfile.dat', 'lambda_0.7000/simfile.dat', 'lambda_0.8000/simfile.dat', 'lambda_0.9000/simfile.dat', 'lambda_1.0000/simfile.dat']
#Overlap matrix
1.0000 0.0000 0.0000 0.0000 0.0000 0.0000 0.0000 0.0000 0.0000 0.0000 0.0000
0.0000 0.9753 0.0247 0.0000 0.0000 0.0000 0.0000 0.0000 0.0000 0.0000 0.0000
0.0000 0.0247 0.8570 0.1176 0.0007 0.0000 0.0000 0.0000 0.0000 0.0000 0.0000
0.0000 0.0000 0.1176 0.7274 0.1529 0.0020 0.0000 0.0000 0.0000 0.0000 0.0000
0.0000 0.0000 0.0007 0.1529 0.6773 0.1665 0.0025 0.0000 0.0000 0.0000 0.0000
0.0000 0.0000 0.0000 0.0020 0.1665 0.6660 0.1643 0.0011 0.0000 0.0000 0.0000
0.0000 0.0000 0.0000 0.0000 0.0025 0.1643 0.7303 0.1028 0.0000 0.0000 0.0000
0.0000 0.0000 0.0000 0.0000 0.0000 0.0011 0.1028 0.8809 0.0152 0.0001 0.0000
0.0000 0.0000 0.0000 0.0000 0.0000 0.0000 0.0000 0.0152 0.8202 0.1646 0.0000
0.0000 0.0000 0.0000 0.0000 0.0000 0.0000 0.0000 0.0001 0.1646 0.8354 0.0000
0.0000 0.0000 0.0000 0.0000 0.0000 0.0000 0.0000 0.0000 0.0000 0.0000 1.0000
#DG from neighbouring lambda in kcal/mol
0.0000 0.1000 37.5978 6.9624
0.1000 0.2000 -1.1127 0.0537
0.2000 0.3000 -5.2507 0.0220
0.3000 0.4000 -6.6986 0.0182
0.4000 0.5000 -7.3567 0.0170
0.5000 0.6000 -7.3075 0.0172
0.6000 0.7000 -6.1453 0.0239
0.7000 0.8000 -7.1582 0.0690
0.8000 0.9000 -10.2649 0.0175
0.9000 1.0000 -23.8015 69.6213
#PMF from MBAR in kcal/mol
0.0000 0.0000 0.0000
0.1000 37.5978 6.9624
0.2000 36.4851 6.9622
0.3000 31.2343 6.9622
0.4000 24.5358 6.9622
0.5000 17.1791 6.9622
0.6000 9.8716 6.9622
0.7000 3.7263 6.9622
0.8000 -3.4319 6.9623
0.9000 -13.6968 6.9624
1.0000 -37.4983 62.6592
#TI average gradients and standard deviation in kcal/mol
0.0000 2429.9522 356.1431
0.1000 45.1615 37.7933
0.2000 -41.1307 18.7046
0.3000 -61.6195 15.9848
0.4000 -71.0885 14.5655
0.5000 -74.8181 14.0858
0.6000 -69.1725 14.9638
0.7000 -54.8851 21.5135
0.8000 -100.1757 14.5552
0.9000 -107.6523 18.4452
1.0000 -4297.8729 1608.7489
#PMF from TI in kcal/mol
0.0000 0.0000
0.1000 123.7557
0.2000 123.9572
0.3000 118.8197
0.4000 112.1843
0.5000 104.8890
0.6000 97.6895
0.7000 91.4866
0.8000 83.7335
0.9000 73.3421
1.0000 -146.9341
#MBAR free energy difference in kcal/mol: 
-37.498339, 62.659234  #WARNING SUBSAMPLING DISABLED, CONSIDER RERUN WITH SUBSAMPLING OPTION
#TI free energy difference in kcal/mol: 
-146.934130  #WARNING SUBSAMPLING DISABLED, CONSIDER RERUN WITH SUBSAMPLING OPTION 
Starting /export/users/common/BioSimSpace/sire.app/bin/analyse_freenrg: number of threads equals 32
