# Analysing data contained in file(s) ['lambda_0.0000/simfile.dat', 'lambda_0.1000/simfile.dat', 'lambda_0.2000/simfile.dat', 'lambda_0.3000/simfile.dat', 'lambda_0.4000/simfile.dat', 'lambda_0.5000/simfile.dat', 'lambda_0.6000/simfile.dat', 'lambda_0.7000/simfile.dat', 'lambda_0.8000/simfile.dat', 'lambda_0.9000/simfile.dat', 'lambda_1.0000/simfile.dat']
#Overlap matrix
0.8028 0.1915 0.0057 0.0000 0.0000 0.0000 0.0000 0.0000 0.0000 0.0000 0.0000
0.1915 0.6099 0.1916 0.0069 0.0000 0.0000 0.0000 0.0000 0.0000 0.0000 0.0000
0.0057 0.1916 0.5969 0.1975 0.0082 0.0000 0.0000 0.0000 0.0000 0.0000 0.0000
0.0000 0.0069 0.1975 0.5811 0.2051 0.0092 0.0001 0.0000 0.0000 0.0000 0.0000
0.0000 0.0000 0.0082 0.2051 0.5700 0.2052 0.0112 0.0001 0.0000 0.0000 0.0000
0.0000 0.0000 0.0000 0.0092 0.2052 0.5588 0.2138 0.0127 0.0001 0.0000 0.0000
0.0000 0.0000 0.0000 0.0001 0.0112 0.2138 0.5452 0.2153 0.0143 0.0002 0.0000
0.0000 0.0000 0.0000 0.0000 0.0001 0.0127 0.2153 0.5360 0.2207 0.0152 0.0001
0.0000 0.0000 0.0000 0.0000 0.0000 0.0001 0.0143 0.2207 0.5336 0.2189 0.0124
0.0000 0.0000 0.0000 0.0000 0.0000 0.0000 0.0002 0.0152 0.2189 0.5573 0.2085
0.0000 0.0000 0.0000 0.0000 0.0000 0.0000 0.0000 0.0001 0.0124 0.2085 0.7790
#DG from neighbouring lambda in kcal/mol
0.0000 0.1000 0.0107 0.0152
0.1000 0.2000 -0.0079 0.0147
0.2000 0.3000 -0.0181 0.0142
0.3000 0.4000 -0.0316 0.0137
0.4000 0.5000 -0.0910 0.0135
0.5000 0.6000 -0.1448 0.0129
0.6000 0.7000 -0.2276 0.0127
0.7000 0.8000 -0.2879 0.0123
0.8000 0.9000 -0.1290 0.0125
0.9000 1.0000 1.1278 0.0138
#PMF from MBAR in kcal/mol
0.0000 0.0000 0.0000
0.1000 0.0107 0.0152
0.2000 0.0028 0.0240
0.3000 -0.0154 0.0301
0.4000 -0.0469 0.0349
0.5000 -0.1379 0.0390
0.6000 -0.2828 0.0425
0.7000 -0.5103 0.0457
0.8000 -0.7983 0.0485
0.9000 -0.9273 0.0512
1.0000 0.2005 0.0541
#TI average gradients and standard deviation in kcal/mol
0.0000 -0.5260 13.4189
0.1000 0.1347 13.1590
0.2000 -0.0620 12.7405
0.3000 -0.1876 12.1525
0.4000 -0.5244 12.0591
0.5000 -1.4624 11.8606
0.6000 -1.5707 11.6078
0.7000 -2.6607 11.2989
0.8000 -2.7946 11.0073
0.9000 1.6444 11.3102
1.0000 26.5292 13.6600
#PMF from TI in kcal/mol
0.0000 0.0000
0.1000 -0.0196
0.2000 -0.0159
0.3000 -0.0284
0.4000 -0.0640
0.5000 -0.1633
0.6000 -0.3150
0.7000 -0.5266
0.8000 -0.7993
0.9000 -0.8568
1.0000 0.5518
#MBAR free energy difference in kcal/mol: 
0.200500, 0.054102  #WARNING SUBSAMPLING DISABLED, CONSIDER RERUN WITH SUBSAMPLING OPTION
#TI free energy difference in kcal/mol: 
0.551840  #WARNING SUBSAMPLING DISABLED, CONSIDER RERUN WITH SUBSAMPLING OPTION 
Starting /export/users/common/BioSimSpace/sire.app/bin/analyse_freenrg: number of threads equals 32
