# Analysing data contained in file(s) ['lambda_0.0000/simfile.dat', 'lambda_0.1000/simfile.dat', 'lambda_0.2000/simfile.dat', 'lambda_0.3000/simfile.dat', 'lambda_0.4000/simfile.dat', 'lambda_0.5000/simfile.dat', 'lambda_0.6000/simfile.dat', 'lambda_0.7000/simfile.dat', 'lambda_0.8000/simfile.dat', 'lambda_0.9000/simfile.dat', 'lambda_1.0000/simfile.dat']
#Overlap matrix
1.0000 0.0000 0.0000 0.0000 0.0000 0.0000 0.0000 0.0000 0.0000 0.0000 0.0000
0.0000 0.9778 0.0222 0.0000 0.0000 0.0000 0.0000 0.0000 0.0000 0.0000 0.0000
0.0000 0.0222 0.8680 0.1095 0.0003 0.0000 0.0000 0.0000 0.0000 0.0000 0.0000
0.0000 0.0000 0.1095 0.8114 0.0791 0.0000 0.0000 0.0000 0.0000 0.0000 0.0000
0.0000 0.0000 0.0003 0.0791 0.8642 0.0561 0.0003 0.0000 0.0000 0.0000 0.0000
0.0000 0.0000 0.0000 0.0000 0.0561 0.8021 0.1410 0.0009 0.0000 0.0000 0.0000
0.0000 0.0000 0.0000 0.0000 0.0003 0.1410 0.7520 0.1067 0.0000 0.0000 0.0000
0.0000 0.0000 0.0000 0.0000 0.0000 0.0009 0.1067 0.8861 0.0063 0.0000 0.0000
0.0000 0.0000 0.0000 0.0000 0.0000 0.0000 0.0000 0.0063 0.9930 0.0007 0.0000
0.0000 0.0000 0.0000 0.0000 0.0000 0.0000 0.0000 0.0000 0.0007 0.9993 0.0000
0.0000 0.0000 0.0000 0.0000 0.0000 0.0000 0.0000 0.0000 0.0000 0.0000 1.0000
#DG from neighbouring lambda in kcal/mol
0.0000 0.1000 47.3659 0.0766
0.1000 0.2000 14.6103 0.0567
0.2000 0.3000 8.0868 0.0231
0.3000 0.4000 5.5829 0.0282
0.4000 0.5000 1.5728 0.0343
0.5000 0.6000 -1.1256 0.0194
0.6000 0.7000 -1.6930 0.0234
0.7000 0.8000 -3.3030 0.1086
0.8000 0.9000 -11.3684 0.3211
0.9000 1.0000 -124.9015 0.2994
#PMF from MBAR in kcal/mol
0.0000 0.0000 0.0000
0.1000 47.3659 0.0766
0.2000 61.9762 0.0571
0.3000 70.0630 0.0537
0.4000 75.6459 0.0507
0.5000 77.2187 0.0492
0.6000 76.0932 0.0498
0.7000 74.4002 0.0520
0.8000 71.0972 0.0967
0.9000 59.7288 0.2994
1.0000 -65.1727 0.0000
#TI average gradients and standard deviation in kcal/mol
0.0000 1073828.3261 64063223.6428
0.1000 203.9320 32.6342
0.2000 102.5913 20.7325
0.3000 67.5623 18.7305
0.4000 44.6784 23.7415
0.5000 -3.7426 15.8560
0.6000 -17.7947 16.6942
0.7000 -8.8735 28.5906
0.8000 -65.2173 37.0056
0.9000 -190.4666 50.3533
1.0000 -2509.5413 111.5909
#PMF from TI in kcal/mol
0.0000 0.0000
0.1000 53701.6129
0.2000 53716.9391
0.3000 53725.4467
0.4000 53731.0588
0.5000 53733.1056
0.6000 53732.0287
0.7000 53730.6953
0.8000 53726.9908
0.9000 53714.2066
1.0000 53579.2062
#MBAR free energy difference in kcal/mol: 
-65.172694, 0.000000  #WARNING SUBSAMPLING DISABLED, CONSIDER RERUN WITH SUBSAMPLING OPTION
#TI free energy difference in kcal/mol: 
53579.206162  #WARNING SUBSAMPLING DISABLED, CONSIDER RERUN WITH SUBSAMPLING OPTION 
Starting /export/users/common/BioSimSpace/sire.app/bin/analyse_freenrg: number of threads equals 32
