# Analysing data contained in file(s) ['lambda_0.0000/simfile.dat', 'lambda_0.1000/simfile.dat', 'lambda_0.2000/simfile.dat', 'lambda_0.3000/simfile.dat', 'lambda_0.4000/simfile.dat', 'lambda_0.5000/simfile.dat', 'lambda_0.6000/simfile.dat', 'lambda_0.7000/simfile.dat', 'lambda_0.8000/simfile.dat', 'lambda_0.9000/simfile.dat', 'lambda_1.0000/simfile.dat']
#Overlap matrix
1.0000 0.0000 0.0000 0.0000 0.0000 0.0000 0.0000 0.0000 0.0000 0.0000 0.0000
0.0000 0.9990 0.0010 0.0000 0.0000 0.0000 0.0000 0.0000 0.0000 0.0000 0.0000
0.0000 0.0010 0.9750 0.0239 0.0000 0.0000 0.0000 0.0000 0.0000 0.0000 0.0000
0.0000 0.0000 0.0239 0.9017 0.0741 0.0002 0.0000 0.0000 0.0000 0.0000 0.0000
0.0000 0.0000 0.0000 0.0741 0.7949 0.1298 0.0012 0.0000 0.0000 0.0000 0.0000
0.0000 0.0000 0.0000 0.0002 0.1298 0.7123 0.1558 0.0019 0.0000 0.0000 0.0000
0.0000 0.0000 0.0000 0.0000 0.0012 0.1558 0.6808 0.1609 0.0013 0.0000 0.0000
0.0000 0.0000 0.0000 0.0000 0.0000 0.0019 0.1609 0.6954 0.1416 0.0002 0.0000
0.0000 0.0000 0.0000 0.0000 0.0000 0.0000 0.0013 0.1416 0.7875 0.0695 0.0000
0.0000 0.0000 0.0000 0.0000 0.0000 0.0000 0.0000 0.0002 0.0695 0.9303 0.0000
0.0000 0.0000 0.0000 0.0000 0.0000 0.0000 0.0000 0.0000 0.0000 0.0000 1.0000
#DG from neighbouring lambda in kcal/mol
0.0000 0.1000 45.8645 0.2435
0.1000 0.2000 9.0632 0.2676
0.2000 0.3000 3.5741 0.0546
0.3000 0.4000 2.7358 0.0293
0.4000 0.5000 1.5304 0.0205
0.5000 0.6000 -0.2223 0.0179
0.6000 0.7000 -2.5445 0.0175
0.7000 0.8000 -5.2848 0.0193
0.8000 0.9000 -9.1367 0.0304
0.9000 1.0000 -98.3902 0.0519
#PMF from MBAR in kcal/mol
0.0000 0.0000 0.0000
0.1000 45.8645 0.2435
0.2000 54.9277 0.0593
0.3000 58.5018 0.0421
0.4000 61.2376 0.0380
0.5000 62.7680 0.0371
0.6000 62.5458 0.0378
0.7000 60.0012 0.0397
0.8000 54.7164 0.0432
0.9000 45.5797 0.0519
1.0000 -52.8105 0.0000
#TI average gradients and standard deviation in kcal/mol
0.0000 5556.0005 214.9468
0.1000 167.8011 48.6744
0.2000 45.8827 32.6138
0.3000 31.5437 22.3887
0.4000 21.8896 18.0035
0.5000 7.7889 14.8025
0.6000 -13.3827 14.3797
0.7000 -38.3579 14.9730
0.8000 -68.5173 16.8507
0.9000 -122.4900 25.6275
1.0000 -5210.3956 263.9997
#PMF from TI in kcal/mol
0.0000 0.0000
0.1000 286.1901
0.2000 296.8743
0.3000 300.7456
0.4000 303.4173
0.5000 304.9012
0.6000 304.6215
0.7000 302.0345
0.8000 296.6907
0.9000 287.1403
1.0000 20.4961
#MBAR free energy difference in kcal/mol: 
-52.810505, 0.000000  #WARNING SUBSAMPLING DISABLED, CONSIDER RERUN WITH SUBSAMPLING OPTION
#TI free energy difference in kcal/mol: 
20.496056  #WARNING SUBSAMPLING DISABLED, CONSIDER RERUN WITH SUBSAMPLING OPTION 
Starting /export/users/common/BioSimSpace/sire.app/bin/analyse_freenrg: number of threads equals 32
