# Analysing data contained in file(s) ['lambda_0.0000/simfile.dat', 'lambda_0.1000/simfile.dat', 'lambda_0.2000/simfile.dat', 'lambda_0.3000/simfile.dat', 'lambda_0.4000/simfile.dat', 'lambda_0.5000/simfile.dat', 'lambda_0.6000/simfile.dat', 'lambda_0.7000/simfile.dat', 'lambda_0.8000/simfile.dat', 'lambda_0.9000/simfile.dat', 'lambda_1.0000/simfile.dat']
#Overlap matrix
0.9779 0.0221 0.0000 0.0000 0.0000 0.0000 0.0000 0.0000 0.0000 0.0000 0.0000
0.0221 0.9379 0.0400 0.0000 0.0000 0.0000 0.0000 0.0000 0.0000 0.0000 0.0000
0.0000 0.0400 0.9101 0.0500 0.0000 0.0000 0.0000 0.0000 0.0000 0.0000 0.0000
0.0000 0.0000 0.0500 0.8911 0.0590 0.0000 0.0000 0.0000 0.0000 0.0000 0.0000
0.0000 0.0000 0.0000 0.0590 0.8733 0.0677 0.0000 0.0000 0.0000 0.0000 0.0000
0.0000 0.0000 0.0000 0.0000 0.0677 0.8520 0.0802 0.0000 0.0000 0.0000 0.0000
0.0000 0.0000 0.0000 0.0000 0.0000 0.0802 0.8392 0.0805 0.0000 0.0000 0.0000
0.0000 0.0000 0.0000 0.0000 0.0000 0.0000 0.0805 0.8333 0.0861 0.0001 0.0000
0.0000 0.0000 0.0000 0.0000 0.0000 0.0000 0.0000 0.0861 0.8188 0.0950 0.0001
0.0000 0.0000 0.0000 0.0000 0.0000 0.0000 0.0000 0.0001 0.0950 0.8194 0.0855
0.0000 0.0000 0.0000 0.0000 0.0000 0.0000 0.0000 0.0000 0.0001 0.0855 0.9144
#DG from neighbouring lambda in kcal/mol
0.0000 0.1000 -4.5924 0.0569
0.1000 0.2000 -1.2286 0.0415
0.2000 0.3000 -0.4553 0.0367
0.3000 0.4000 -0.2751 0.0335
0.4000 0.5000 -0.3100 0.0309
0.5000 0.6000 -0.3142 0.0280
0.6000 0.7000 -0.4505 0.0279
0.7000 0.8000 -0.4339 0.0268
0.8000 0.9000 -0.1451 0.0252
0.9000 1.0000 0.1739 0.0269
#PMF from MBAR in kcal/mol
0.0000 0.0000 0.0000
0.1000 -4.5924 0.0569
0.2000 -5.8210 0.0715
0.3000 -6.2762 0.0813
0.4000 -6.5514 0.0887
0.5000 -6.8614 0.0948
0.6000 -7.1755 0.0996
0.7000 -7.6260 0.1041
0.8000 -8.0599 0.1082
0.9000 -8.2050 0.1118
1.0000 -8.0310 0.1156
#TI average gradients and standard deviation in kcal/mol
0.0000 -80.8183 29.7096
0.1000 -22.0288 24.6778
0.2000 -6.7755 22.9663
0.3000 -3.1819 21.7756
0.4000 -2.5580 20.9256
0.5000 -3.0938 19.2800
0.6000 -3.1371 18.7169
0.7000 -4.6356 18.6501
0.8000 -2.9711 18.1487
0.9000 0.3074 17.8380
1.0000 -2434882480.7637 138928114379.0361
#PMF from TI in kcal/mol
0.0000 0.0000
0.1000 -5.1424
0.2000 -6.5826
0.3000 -7.0804
0.4000 -7.3674
0.5000 -7.6500
0.6000 -7.9616
0.7000 -8.3502
0.8000 -8.7305
0.9000 -8.8637
1.0000 -121744132.8865
#MBAR free energy difference in kcal/mol: 
-8.031049, 0.115602  #WARNING SUBSAMPLING DISABLED, CONSIDER RERUN WITH SUBSAMPLING OPTION
#TI free energy difference in kcal/mol: 
-121744132.886542  #WARNING SUBSAMPLING DISABLED, CONSIDER RERUN WITH SUBSAMPLING OPTION 
Starting /export/users/common/BioSimSpace/sire.app/bin/analyse_freenrg: number of threads equals 32
